status;category;severity_priority;severity_name;severity_effect;begin_date;end_date;impact_id;messages;updated_at;impacted_objects;id;cause
active;Incidents;0;bloquante;NO_SERVICE;20220712T220000;20220713T023000;fb99a51c-d5da-11ec-835b-005056a44da2;" / Ligne U:  interrompu du 1 au 15 et les 22 et 29/07 / <p>Période : en soirée à partir de 22h30.<br>Dates : en semaine du lundi 1er au vendredi 15 juillet et les vendredis 22 et 29 juillet.<br>Le trafic est interrompu sur l'ensemble de la ligne.<br>Un service de bus de remplacement est mis en place, avec desserte des gares intermédiaires.<br><a href=""https://www.transilien.com/sites/transilien/files/sentinelle-u-ladefense-laverriere-du01au29juillet.pdf"" target="""">Pour plus d'informations, cliquez ici pour télécharger l'affiche PDF.</a><br>Les horaires du calculateur d'itinéraire tiennent compte des travaux.<br>Motif : travaux de maintenance.</p> / <p>Période : en soirée à partir de 22h30.<br>Dates : en semaine du lundi 1er au vendredi 15 juillet et les vendredis 22 et 29 juillet.<br>Le trafic est interrompu sur l'ensemble de la ligne.<br>Un service de bus de remplacement est mis en place, avec desserte des gares intermédiaires.<br><a href=""https://www.transilien.com/sites/transilien/files/sentinelle-u-ladefense-laverriere-du01au29juillet.pdf"" target="""">Pour plus d'informations, cliquez ici pour télécharger l'affiche PDF.</a><br>Les horaires du calculateur d'itinéraire tiennent compte des travaux.<br>Motif : travaux de maintenance.</p> / Ligne U:  interrompu du 1 au 15 et les 22 et 29/07";20220517T141504;Transilien Train Transilien U;fb99a51c-d5da-11ec-835b-005056a44da2;travaux
active;Incidents;0;bloquante;NO_SERVICE;20220704T220000;20220705T023000;fb99a51c-d5da-11ec-835b-005056a44da2;" / Ligne U:  interrompu du 1 au 15 et les 22 et 29/07 / <p>Période : en soirée à partir de 22h30.<br>Dates : en semaine du lundi 1er au vendredi 15 juillet et les vendredis 22 et 29 juillet.<br>Le trafic est interrompu sur l'ensemble de la ligne.<br>Un service de bus de remplacement est mis en place, avec desserte des gares intermédiaires.<br><a href=""https://www.transilien.com/sites/transilien/files/sentinelle-u-ladefense-laverriere-du01au29juillet.pdf"" target="""">Pour plus d'informations, cliquez ici pour télécharger l'affiche PDF.</a><br>Les horaires du calculateur d'itinéraire tiennent compte des travaux.<br>Motif : travaux de maintenance.</p> / <p>Période : en soirée à partir de 22h30.<br>Dates : en semaine du lundi 1er au vendredi 15 juillet et les vendredis 22 et 29 juillet.<br>Le trafic est interrompu sur l'ensemble de la ligne.<br>Un service de bus de remplacement est mis en place, avec desserte des gares intermédiaires.<br><a href=""https://www.transilien.com/sites/transilien/files/sentinelle-u-ladefense-laverriere-du01au29juillet.pdf"" target="""">Pour plus d'informations, cliquez ici pour télécharger l'affiche PDF.</a><br>Les horaires du calculateur d'itinéraire tiennent compte des travaux.<br>Motif : travaux de maintenance.</p> / Ligne U:  interrompu du 1 au 15 et les 22 et 29/07";20220517T141504;Transilien Train Transilien U;fb99a51c-d5da-11ec-835b-005056a44da2;travaux
active;Incidents;0;bloquante;NO_SERVICE;20220722T220000;20220723T023000;fb99a51c-d5da-11ec-835b-005056a44da2;" / Ligne U:  interrompu du 1 au 15 et les 22 et 29/07 / <p>Période : en soirée à partir de 22h30.<br>Dates : en semaine du lundi 1er au vendredi 15 juillet et les vendredis 22 et 29 juillet.<br>Le trafic est interrompu sur l'ensemble de la ligne.<br>Un service de bus de remplacement est mis en place, avec desserte des gares intermédiaires.<br><a href=""https://www.transilien.com/sites/transilien/files/sentinelle-u-ladefense-laverriere-du01au29juillet.pdf"" target="""">Pour plus d'informations, cliquez ici pour télécharger l'affiche PDF.</a><br>Les horaires du calculateur d'itinéraire tiennent compte des travaux.<br>Motif : travaux de maintenance.</p> / <p>Période : en soirée à partir de 22h30.<br>Dates : en semaine du lundi 1er au vendredi 15 juillet et les vendredis 22 et 29 juillet.<br>Le trafic est interrompu sur l'ensemble de la ligne.<br>Un service de bus de remplacement est mis en place, avec desserte des gares intermédiaires.<br><a href=""https://www.transilien.com/sites/transilien/files/sentinelle-u-ladefense-laverriere-du01au29juillet.pdf"" target="""">Pour plus d'informations, cliquez ici pour télécharger l'affiche PDF.</a><br>Les horaires du calculateur d'itinéraire tiennent compte des travaux.<br>Motif : travaux de maintenance.</p> / Ligne U:  interrompu du 1 au 15 et les 22 et 29/07";20220517T141504;Transilien Train Transilien U;fb99a51c-d5da-11ec-835b-005056a44da2;travaux
active;Incidents;0;bloquante;NO_SERVICE;20220714T220000;20220715T023000;fb99a51c-d5da-11ec-835b-005056a44da2;" / Ligne U:  interrompu du 1 au 15 et les 22 et 29/07 / <p>Période : en soirée à partir de 22h30.<br>Dates : en semaine du lundi 1er au vendredi 15 juillet et les vendredis 22 et 29 juillet.<br>Le trafic est interrompu sur l'ensemble de la ligne.<br>Un service de bus de remplacement est mis en place, avec desserte des gares intermédiaires.<br><a href=""https://www.transilien.com/sites/transilien/files/sentinelle-u-ladefense-laverriere-du01au29juillet.pdf"" target="""">Pour plus d'informations, cliquez ici pour télécharger l'affiche PDF.</a><br>Les horaires du calculateur d'itinéraire tiennent compte des travaux.<br>Motif : travaux de maintenance.</p> / <p>Période : en soirée à partir de 22h30.<br>Dates : en semaine du lundi 1er au vendredi 15 juillet et les vendredis 22 et 29 juillet.<br>Le trafic est interrompu sur l'ensemble de la ligne.<br>Un service de bus de remplacement est mis en place, avec desserte des gares intermédiaires.<br><a href=""https://www.transilien.com/sites/transilien/files/sentinelle-u-ladefense-laverriere-du01au29juillet.pdf"" target="""">Pour plus d'informations, cliquez ici pour télécharger l'affiche PDF.</a><br>Les horaires du calculateur d'itinéraire tiennent compte des travaux.<br>Motif : travaux de maintenance.</p> / Ligne U:  interrompu du 1 au 15 et les 22 et 29/07";20220517T141504;Transilien Train Transilien U;fb99a51c-d5da-11ec-835b-005056a44da2;travaux
active;Incidents;0;bloquante;NO_SERVICE;20220713T220000;20220714T023000;fb99a51c-d5da-11ec-835b-005056a44da2;" / Ligne U:  interrompu du 1 au 15 et les 22 et 29/07 / <p>Période : en soirée à partir de 22h30.<br>Dates : en semaine du lundi 1er au vendredi 15 juillet et les vendredis 22 et 29 juillet.<br>Le trafic est interrompu sur l'ensemble de la ligne.<br>Un service de bus de remplacement est mis en place, avec desserte des gares intermédiaires.<br><a href=""https://www.transilien.com/sites/transilien/files/sentinelle-u-ladefense-laverriere-du01au29juillet.pdf"" target="""">Pour plus d'informations, cliquez ici pour télécharger l'affiche PDF.</a><br>Les horaires du calculateur d'itinéraire tiennent compte des travaux.<br>Motif : travaux de maintenance.</p> / <p>Période : en soirée à partir de 22h30.<br>Dates : en semaine du lundi 1er au vendredi 15 juillet et les vendredis 22 et 29 juillet.<br>Le trafic est interrompu sur l'ensemble de la ligne.<br>Un service de bus de remplacement est mis en place, avec desserte des gares intermédiaires.<br><a href=""https://www.transilien.com/sites/transilien/files/sentinelle-u-ladefense-laverriere-du01au29juillet.pdf"" target="""">Pour plus d'informations, cliquez ici pour télécharger l'affiche PDF.</a><br>Les horaires du calculateur d'itinéraire tiennent compte des travaux.<br>Motif : travaux de maintenance.</p> / Ligne U:  interrompu du 1 au 15 et les 22 et 29/07";20220517T141504;Transilien Train Transilien U;fb99a51c-d5da-11ec-835b-005056a44da2;travaux
active;Incidents;0;bloquante;NO_SERVICE;20220708T220000;20220709T023000;fb99a51c-d5da-11ec-835b-005056a44da2;" / Ligne U:  interrompu du 1 au 15 et les 22 et 29/07 / <p>Période : en soirée à partir de 22h30.<br>Dates : en semaine du lundi 1er au vendredi 15 juillet et les vendredis 22 et 29 juillet.<br>Le trafic est interrompu sur l'ensemble de la ligne.<br>Un service de bus de remplacement est mis en place, avec desserte des gares intermédiaires.<br><a href=""https://www.transilien.com/sites/transilien/files/sentinelle-u-ladefense-laverriere-du01au29juillet.pdf"" target="""">Pour plus d'informations, cliquez ici pour télécharger l'affiche PDF.</a><br>Les horaires du calculateur d'itinéraire tiennent compte des travaux.<br>Motif : travaux de maintenance.</p> / <p>Période : en soirée à partir de 22h30.<br>Dates : en semaine du lundi 1er au vendredi 15 juillet et les vendredis 22 et 29 juillet.<br>Le trafic est interrompu sur l'ensemble de la ligne.<br>Un service de bus de remplacement est mis en place, avec desserte des gares intermédiaires.<br><a href=""https://www.transilien.com/sites/transilien/files/sentinelle-u-ladefense-laverriere-du01au29juillet.pdf"" target="""">Pour plus d'informations, cliquez ici pour télécharger l'affiche PDF.</a><br>Les horaires du calculateur d'itinéraire tiennent compte des travaux.<br>Motif : travaux de maintenance.</p> / Ligne U:  interrompu du 1 au 15 et les 22 et 29/07";20220517T141504;Transilien Train Transilien U;fb99a51c-d5da-11ec-835b-005056a44da2;travaux
active;Incidents;0;bloquante;NO_SERVICE;20220705T220000;20220706T023000;fb99a51c-d5da-11ec-835b-005056a44da2;" / Ligne U:  interrompu du 1 au 15 et les 22 et 29/07 / <p>Période : en soirée à partir de 22h30.<br>Dates : en semaine du lundi 1er au vendredi 15 juillet et les vendredis 22 et 29 juillet.<br>Le trafic est interrompu sur l'ensemble de la ligne.<br>Un service de bus de remplacement est mis en place, avec desserte des gares intermédiaires.<br><a href=""https://www.transilien.com/sites/transilien/files/sentinelle-u-ladefense-laverriere-du01au29juillet.pdf"" target="""">Pour plus d'informations, cliquez ici pour télécharger l'affiche PDF.</a><br>Les horaires du calculateur d'itinéraire tiennent compte des travaux.<br>Motif : travaux de maintenance.</p> / <p>Période : en soirée à partir de 22h30.<br>Dates : en semaine du lundi 1er au vendredi 15 juillet et les vendredis 22 et 29 juillet.<br>Le trafic est interrompu sur l'ensemble de la ligne.<br>Un service de bus de remplacement est mis en place, avec desserte des gares intermédiaires.<br><a href=""https://www.transilien.com/sites/transilien/files/sentinelle-u-ladefense-laverriere-du01au29juillet.pdf"" target="""">Pour plus d'informations, cliquez ici pour télécharger l'affiche PDF.</a><br>Les horaires du calculateur d'itinéraire tiennent compte des travaux.<br>Motif : travaux de maintenance.</p> / Ligne U:  interrompu du 1 au 15 et les 22 et 29/07";20220517T141504;Transilien Train Transilien U;fb99a51c-d5da-11ec-835b-005056a44da2;travaux
active;Incidents;0;bloquante;NO_SERVICE;20220701T220000;20220702T023000;fb99a51c-d5da-11ec-835b-005056a44da2;" / Ligne U:  interrompu du 1 au 15 et les 22 et 29/07 / <p>Période : en soirée à partir de 22h30.<br>Dates : en semaine du lundi 1er au vendredi 15 juillet et les vendredis 22 et 29 juillet.<br>Le trafic est interrompu sur l'ensemble de la ligne.<br>Un service de bus de remplacement est mis en place, avec desserte des gares intermédiaires.<br><a href=""https://www.transilien.com/sites/transilien/files/sentinelle-u-ladefense-laverriere-du01au29juillet.pdf"" target="""">Pour plus d'informations, cliquez ici pour télécharger l'affiche PDF.</a><br>Les horaires du calculateur d'itinéraire tiennent compte des travaux.<br>Motif : travaux de maintenance.</p> / <p>Période : en soirée à partir de 22h30.<br>Dates : en semaine du lundi 1er au vendredi 15 juillet et les vendredis 22 et 29 juillet.<br>Le trafic est interrompu sur l'ensemble de la ligne.<br>Un service de bus de remplacement est mis en place, avec desserte des gares intermédiaires.<br><a href=""https://www.transilien.com/sites/transilien/files/sentinelle-u-ladefense-laverriere-du01au29juillet.pdf"" target="""">Pour plus d'informations, cliquez ici pour télécharger l'affiche PDF.</a><br>Les horaires du calculateur d'itinéraire tiennent compte des travaux.<br>Motif : travaux de maintenance.</p> / Ligne U:  interrompu du 1 au 15 et les 22 et 29/07";20220517T141504;Transilien Train Transilien U;fb99a51c-d5da-11ec-835b-005056a44da2;travaux
active;Incidents;0;bloquante;NO_SERVICE;20220706T220000;20220707T023000;fb99a51c-d5da-11ec-835b-005056a44da2;" / Ligne U:  interrompu du 1 au 15 et les 22 et 29/07 / <p>Période : en soirée à partir de 22h30.<br>Dates : en semaine du lundi 1er au vendredi 15 juillet et les vendredis 22 et 29 juillet.<br>Le trafic est interrompu sur l'ensemble de la ligne.<br>Un service de bus de remplacement est mis en place, avec desserte des gares intermédiaires.<br><a href=""https://www.transilien.com/sites/transilien/files/sentinelle-u-ladefense-laverriere-du01au29juillet.pdf"" target="""">Pour plus d'informations, cliquez ici pour télécharger l'affiche PDF.</a><br>Les horaires du calculateur d'itinéraire tiennent compte des travaux.<br>Motif : travaux de maintenance.</p> / <p>Période : en soirée à partir de 22h30.<br>Dates : en semaine du lundi 1er au vendredi 15 juillet et les vendredis 22 et 29 juillet.<br>Le trafic est interrompu sur l'ensemble de la ligne.<br>Un service de bus de remplacement est mis en place, avec desserte des gares intermédiaires.<br><a href=""https://www.transilien.com/sites/transilien/files/sentinelle-u-ladefense-laverriere-du01au29juillet.pdf"" target="""">Pour plus d'informations, cliquez ici pour télécharger l'affiche PDF.</a><br>Les horaires du calculateur d'itinéraire tiennent compte des travaux.<br>Motif : travaux de maintenance.</p> / Ligne U:  interrompu du 1 au 15 et les 22 et 29/07";20220517T141504;Transilien Train Transilien U;fb99a51c-d5da-11ec-835b-005056a44da2;travaux
active;Incidents;0;bloquante;NO_SERVICE;20220707T220000;20220708T023000;fb99a51c-d5da-11ec-835b-005056a44da2;" / Ligne U:  interrompu du 1 au 15 et les 22 et 29/07 / <p>Période : en soirée à partir de 22h30.<br>Dates : en semaine du lundi 1er au vendredi 15 juillet et les vendredis 22 et 29 juillet.<br>Le trafic est interrompu sur l'ensemble de la ligne.<br>Un service de bus de remplacement est mis en place, avec desserte des gares intermédiaires.<br><a href=""https://www.transilien.com/sites/transilien/files/sentinelle-u-ladefense-laverriere-du01au29juillet.pdf"" target="""">Pour plus d'informations, cliquez ici pour télécharger l'affiche PDF.</a><br>Les horaires du calculateur d'itinéraire tiennent compte des travaux.<br>Motif : travaux de maintenance.</p> / <p>Période : en soirée à partir de 22h30.<br>Dates : en semaine du lundi 1er au vendredi 15 juillet et les vendredis 22 et 29 juillet.<br>Le trafic est interrompu sur l'ensemble de la ligne.<br>Un service de bus de remplacement est mis en place, avec desserte des gares intermédiaires.<br><a href=""https://www.transilien.com/sites/transilien/files/sentinelle-u-ladefense-laverriere-du01au29juillet.pdf"" target="""">Pour plus d'informations, cliquez ici pour télécharger l'affiche PDF.</a><br>Les horaires du calculateur d'itinéraire tiennent compte des travaux.<br>Motif : travaux de maintenance.</p> / Ligne U:  interrompu du 1 au 15 et les 22 et 29/07";20220517T141504;Transilien Train Transilien U;fb99a51c-d5da-11ec-835b-005056a44da2;travaux
active;Incidents;0;bloquante;NO_SERVICE;20220711T220000;20220712T023000;fb99a51c-d5da-11ec-835b-005056a44da2;" / Ligne U:  interrompu du 1 au 15 et les 22 et 29/07 / <p>Période : en soirée à partir de 22h30.<br>Dates : en semaine du lundi 1er au vendredi 15 juillet et les vendredis 22 et 29 juillet.<br>Le trafic est interrompu sur l'ensemble de la ligne.<br>Un service de bus de remplacement est mis en place, avec desserte des gares intermédiaires.<br><a href=""https://www.transilien.com/sites/transilien/files/sentinelle-u-ladefense-laverriere-du01au29juillet.pdf"" target="""">Pour plus d'informations, cliquez ici pour télécharger l'affiche PDF.</a><br>Les horaires du calculateur d'itinéraire tiennent compte des travaux.<br>Motif : travaux de maintenance.</p> / <p>Période : en soirée à partir de 22h30.<br>Dates : en semaine du lundi 1er au vendredi 15 juillet et les vendredis 22 et 29 juillet.<br>Le trafic est interrompu sur l'ensemble de la ligne.<br>Un service de bus de remplacement est mis en place, avec desserte des gares intermédiaires.<br><a href=""https://www.transilien.com/sites/transilien/files/sentinelle-u-ladefense-laverriere-du01au29juillet.pdf"" target="""">Pour plus d'informations, cliquez ici pour télécharger l'affiche PDF.</a><br>Les horaires du calculateur d'itinéraire tiennent compte des travaux.<br>Motif : travaux de maintenance.</p> / Ligne U:  interrompu du 1 au 15 et les 22 et 29/07";20220517T141504;Transilien Train Transilien U;fb99a51c-d5da-11ec-835b-005056a44da2;travaux
active;Incidents;0;bloquante;NO_SERVICE;20220729T220000;20220730T023000;fb99a51c-d5da-11ec-835b-005056a44da2;" / Ligne U:  interrompu du 1 au 15 et les 22 et 29/07 / <p>Période : en soirée à partir de 22h30.<br>Dates : en semaine du lundi 1er au vendredi 15 juillet et les vendredis 22 et 29 juillet.<br>Le trafic est interrompu sur l'ensemble de la ligne.<br>Un service de bus de remplacement est mis en place, avec desserte des gares intermédiaires.<br><a href=""https://www.transilien.com/sites/transilien/files/sentinelle-u-ladefense-laverriere-du01au29juillet.pdf"" target="""">Pour plus d'informations, cliquez ici pour télécharger l'affiche PDF.</a><br>Les horaires du calculateur d'itinéraire tiennent compte des travaux.<br>Motif : travaux de maintenance.</p> / <p>Période : en soirée à partir de 22h30.<br>Dates : en semaine du lundi 1er au vendredi 15 juillet et les vendredis 22 et 29 juillet.<br>Le trafic est interrompu sur l'ensemble de la ligne.<br>Un service de bus de remplacement est mis en place, avec desserte des gares intermédiaires.<br><a href=""https://www.transilien.com/sites/transilien/files/sentinelle-u-ladefense-laverriere-du01au29juillet.pdf"" target="""">Pour plus d'informations, cliquez ici pour télécharger l'affiche PDF.</a><br>Les horaires du calculateur d'itinéraire tiennent compte des travaux.<br>Motif : travaux de maintenance.</p> / Ligne U:  interrompu du 1 au 15 et les 22 et 29/07";20220517T141504;Transilien Train Transilien U;fb99a51c-d5da-11ec-835b-005056a44da2;travaux
active;Incidents;0;bloquante;NO_SERVICE;20220715T220000;20220716T023000;fb99a51c-d5da-11ec-835b-005056a44da2;" / Ligne U:  interrompu du 1 au 15 et les 22 et 29/07 / <p>Période : en soirée à partir de 22h30.<br>Dates : en semaine du lundi 1er au vendredi 15 juillet et les vendredis 22 et 29 juillet.<br>Le trafic est interrompu sur l'ensemble de la ligne.<br>Un service de bus de remplacement est mis en place, avec desserte des gares intermédiaires.<br><a href=""https://www.transilien.com/sites/transilien/files/sentinelle-u-ladefense-laverriere-du01au29juillet.pdf"" target="""">Pour plus d'informations, cliquez ici pour télécharger l'affiche PDF.</a><br>Les horaires du calculateur d'itinéraire tiennent compte des travaux.<br>Motif : travaux de maintenance.</p> / <p>Période : en soirée à partir de 22h30.<br>Dates : en semaine du lundi 1er au vendredi 15 juillet et les vendredis 22 et 29 juillet.<br>Le trafic est interrompu sur l'ensemble de la ligne.<br>Un service de bus de remplacement est mis en place, avec desserte des gares intermédiaires.<br><a href=""https://www.transilien.com/sites/transilien/files/sentinelle-u-ladefense-laverriere-du01au29juillet.pdf"" target="""">Pour plus d'informations, cliquez ici pour télécharger l'affiche PDF.</a><br>Les horaires du calculateur d'itinéraire tiennent compte des travaux.<br>Motif : travaux de maintenance.</p> / Ligne U:  interrompu du 1 au 15 et les 22 et 29/07";20220517T141504;Transilien Train Transilien U;fb99a51c-d5da-11ec-835b-005056a44da2;travaux
future;Incidents;0;bloquante;NO_SERVICE;20220808T180000;20220808T194500;a0eda15a-f3d4-11ec-b9a8-005056a47b86;" / Ligne P : train terminus Longueville 18/07-26/08 / <p>Période : 18h17 à 19h41<br>Dates : du lundi 18 juillet au vendredi 26 août, sauf samedis et dimanches<br>Le train XIBU au départ de Paris Est à 18h17 est terminus Longueville. Il ne marque pas l'arrêt à Sainte-Colombe Septveilles, Champbenoist Poigny et Provins.<br>Un service de bus de remplacement est mis en place entre Longueville et Provins avec desserte des gares intermédiaires.<br>Pour plus d'informations, <a href=""https://www.transilien.com/sites/transilien/files/sentinelle-p-parisest-provins-du18juilletau26aout.pdf"" target="""">cliquez ici pour télécharger l'affiche PDF.</a><br>Les horaires du calculateur d'itinéraire tiennent compte des travaux.<br>Motif : travaux d'été.</p>";20220712T102420;Transilien Train Transilien P;a0eda15a-f3d4-11ec-b9a8-005056a47b86;travaux
future;Incidents;0;bloquante;NO_SERVICE;20220817T180000;20220817T194500;a0eda15a-f3d4-11ec-b9a8-005056a47b86;" / Ligne P : train terminus Longueville 18/07-26/08 / <p>Période : 18h17 à 19h41<br>Dates : du lundi 18 juillet au vendredi 26 août, sauf samedis et dimanches<br>Le train XIBU au départ de Paris Est à 18h17 est terminus Longueville. Il ne marque pas l'arrêt à Sainte-Colombe Septveilles, Champbenoist Poigny et Provins.<br>Un service de bus de remplacement est mis en place entre Longueville et Provins avec desserte des gares intermédiaires.<br>Pour plus d'informations, <a href=""https://www.transilien.com/sites/transilien/files/sentinelle-p-parisest-provins-du18juilletau26aout.pdf"" target="""">cliquez ici pour télécharger l'affiche PDF.</a><br>Les horaires du calculateur d'itinéraire tiennent compte des travaux.<br>Motif : travaux d'été.</p>";20220712T102420;Transilien Train Transilien P;a0eda15a-f3d4-11ec-b9a8-005056a47b86;travaux
future;Incidents;0;bloquante;NO_SERVICE;20220805T180000;20220805T194500;a0eda15a-f3d4-11ec-b9a8-005056a47b86;" / Ligne P : train terminus Longueville 18/07-26/08 / <p>Période : 18h17 à 19h41<br>Dates : du lundi 18 juillet au vendredi 26 août, sauf samedis et dimanches<br>Le train XIBU au départ de Paris Est à 18h17 est terminus Longueville. Il ne marque pas l'arrêt à Sainte-Colombe Septveilles, Champbenoist Poigny et Provins.<br>Un service de bus de remplacement est mis en place entre Longueville et Provins avec desserte des gares intermédiaires.<br>Pour plus d'informations, <a href=""https://www.transilien.com/sites/transilien/files/sentinelle-p-parisest-provins-du18juilletau26aout.pdf"" target="""">cliquez ici pour télécharger l'affiche PDF.</a><br>Les horaires du calculateur d'itinéraire tiennent compte des travaux.<br>Motif : travaux d'été.</p>";20220712T102420;Transilien Train Transilien P;a0eda15a-f3d4-11ec-b9a8-005056a47b86;travaux
future;Incidents;0;bloquante;NO_SERVICE;20220819T180000;20220819T194500;a0eda15a-f3d4-11ec-b9a8-005056a47b86;" / Ligne P : train terminus Longueville 18/07-26/08 / <p>Période : 18h17 à 19h41<br>Dates : du lundi 18 juillet au vendredi 26 août, sauf samedis et dimanches<br>Le train XIBU au départ de Paris Est à 18h17 est terminus Longueville. Il ne marque pas l'arrêt à Sainte-Colombe Septveilles, Champbenoist Poigny et Provins.<br>Un service de bus de remplacement est mis en place entre Longueville et Provins avec desserte des gares intermédiaires.<br>Pour plus d'informations, <a href=""https://www.transilien.com/sites/transilien/files/sentinelle-p-parisest-provins-du18juilletau26aout.pdf"" target="""">cliquez ici pour télécharger l'affiche PDF.</a><br>Les horaires du calculateur d'itinéraire tiennent compte des travaux.<br>Motif : travaux d'été.</p>";20220712T102420;Transilien Train Transilien P;a0eda15a-f3d4-11ec-b9a8-005056a47b86;travaux
future;Incidents;0;bloquante;NO_SERVICE;20220818T180000;20220818T194500;a0eda15a-f3d4-11ec-b9a8-005056a47b86;" / Ligne P : train terminus Longueville 18/07-26/08 / <p>Période : 18h17 à 19h41<br>Dates : du lundi 18 juillet au vendredi 26 août, sauf samedis et dimanches<br>Le train XIBU au départ de Paris Est à 18h17 est terminus Longueville. Il ne marque pas l'arrêt à Sainte-Colombe Septveilles, Champbenoist Poigny et Provins.<br>Un service de bus de remplacement est mis en place entre Longueville et Provins avec desserte des gares intermédiaires.<br>Pour plus d'informations, <a href=""https://www.transilien.com/sites/transilien/files/sentinelle-p-parisest-provins-du18juilletau26aout.pdf"" target="""">cliquez ici pour télécharger l'affiche PDF.</a><br>Les horaires du calculateur d'itinéraire tiennent compte des travaux.<br>Motif : travaux d'été.</p>";20220712T102420;Transilien Train Transilien P;a0eda15a-f3d4-11ec-b9a8-005056a47b86;travaux
future;Incidents;0;bloquante;NO_SERVICE;20220825T180000;20220825T194500;a0eda15a-f3d4-11ec-b9a8-005056a47b86;" / Ligne P : train terminus Longueville 18/07-26/08 / <p>Période : 18h17 à 19h41<br>Dates : du lundi 18 juillet au vendredi 26 août, sauf samedis et dimanches<br>Le train XIBU au départ de Paris Est à 18h17 est terminus Longueville. Il ne marque pas l'arrêt à Sainte-Colombe Septveilles, Champbenoist Poigny et Provins.<br>Un service de bus de remplacement est mis en place entre Longueville et Provins avec desserte des gares intermédiaires.<br>Pour plus d'informations, <a href=""https://www.transilien.com/sites/transilien/files/sentinelle-p-parisest-provins-du18juilletau26aout.pdf"" target="""">cliquez ici pour télécharger l'affiche PDF.</a><br>Les horaires du calculateur d'itinéraire tiennent compte des travaux.<br>Motif : travaux d'été.</p>";20220712T102420;Transilien Train Transilien P;a0eda15a-f3d4-11ec-b9a8-005056a47b86;travaux
future;Incidents;0;bloquante;NO_SERVICE;20220812T180000;20220812T194500;a0eda15a-f3d4-11ec-b9a8-005056a47b86;" / Ligne P : train terminus Longueville 18/07-26/08 / <p>Période : 18h17 à 19h41<br>Dates : du lundi 18 juillet au vendredi 26 août, sauf samedis et dimanches<br>Le train XIBU au départ de Paris Est à 18h17 est terminus Longueville. Il ne marque pas l'arrêt à Sainte-Colombe Septveilles, Champbenoist Poigny et Provins.<br>Un service de bus de remplacement est mis en place entre Longueville et Provins avec desserte des gares intermédiaires.<br>Pour plus d'informations, <a href=""https://www.transilien.com/sites/transilien/files/sentinelle-p-parisest-provins-du18juilletau26aout.pdf"" target="""">cliquez ici pour télécharger l'affiche PDF.</a><br>Les horaires du calculateur d'itinéraire tiennent compte des travaux.<br>Motif : travaux d'été.</p>";20220712T102420;Transilien Train Transilien P;a0eda15a-f3d4-11ec-b9a8-005056a47b86;travaux
future;Incidents;0;bloquante;NO_SERVICE;20220816T180000;20220816T194500;a0eda15a-f3d4-11ec-b9a8-005056a47b86;" / Ligne P : train terminus Longueville 18/07-26/08 / <p>Période : 18h17 à 19h41<br>Dates : du lundi 18 juillet au vendredi 26 août, sauf samedis et dimanches<br>Le train XIBU au départ de Paris Est à 18h17 est terminus Longueville. Il ne marque pas l'arrêt à Sainte-Colombe Septveilles, Champbenoist Poigny et Provins.<br>Un service de bus de remplacement est mis en place entre Longueville et Provins avec desserte des gares intermédiaires.<br>Pour plus d'informations, <a href=""https://www.transilien.com/sites/transilien/files/sentinelle-p-parisest-provins-du18juilletau26aout.pdf"" target="""">cliquez ici pour télécharger l'affiche PDF.</a><br>Les horaires du calculateur d'itinéraire tiennent compte des travaux.<br>Motif : travaux d'été.</p>";20220712T102420;Transilien Train Transilien P;a0eda15a-f3d4-11ec-b9a8-005056a47b86;travaux
future;Incidents;0;bloquante;NO_SERVICE;20220810T180000;20220810T194500;a0eda15a-f3d4-11ec-b9a8-005056a47b86;" / Ligne P : train terminus Longueville 18/07-26/08 / <p>Période : 18h17 à 19h41<br>Dates : du lundi 18 juillet au vendredi 26 août, sauf samedis et dimanches<br>Le train XIBU au départ de Paris Est à 18h17 est terminus Longueville. Il ne marque pas l'arrêt à Sainte-Colombe Septveilles, Champbenoist Poigny et Provins.<br>Un service de bus de remplacement est mis en place entre Longueville et Provins avec desserte des gares intermédiaires.<br>Pour plus d'informations, <a href=""https://www.transilien.com/sites/transilien/files/sentinelle-p-parisest-provins-du18juilletau26aout.pdf"" target="""">cliquez ici pour télécharger l'affiche PDF.</a><br>Les horaires du calculateur d'itinéraire tiennent compte des travaux.<br>Motif : travaux d'été.</p>";20220712T102420;Transilien Train Transilien P;a0eda15a-f3d4-11ec-b9a8-005056a47b86;travaux
future;Incidents;0;bloquante;NO_SERVICE;20220721T180000;20220721T194500;a0eda15a-f3d4-11ec-b9a8-005056a47b86;" / Ligne P : train terminus Longueville 18/07-26/08 / <p>Période : 18h17 à 19h41<br>Dates : du lundi 18 juillet au vendredi 26 août, sauf samedis et dimanches<br>Le train XIBU au départ de Paris Est à 18h17 est terminus Longueville. Il ne marque pas l'arrêt à Sainte-Colombe Septveilles, Champbenoist Poigny et Provins.<br>Un service de bus de remplacement est mis en place entre Longueville et Provins avec desserte des gares intermédiaires.<br>Pour plus d'informations, <a href=""https://www.transilien.com/sites/transilien/files/sentinelle-p-parisest-provins-du18juilletau26aout.pdf"" target="""">cliquez ici pour télécharger l'affiche PDF.</a><br>Les horaires du calculateur d'itinéraire tiennent compte des travaux.<br>Motif : travaux d'été.</p>";20220712T102420;Transilien Train Transilien P;a0eda15a-f3d4-11ec-b9a8-005056a47b86;travaux
future;Incidents;0;bloquante;NO_SERVICE;20220722T180000;20220722T194500;a0eda15a-f3d4-11ec-b9a8-005056a47b86;" / Ligne P : train terminus Longueville 18/07-26/08 / <p>Période : 18h17 à 19h41<br>Dates : du lundi 18 juillet au vendredi 26 août, sauf samedis et dimanches<br>Le train XIBU au départ de Paris Est à 18h17 est terminus Longueville. Il ne marque pas l'arrêt à Sainte-Colombe Septveilles, Champbenoist Poigny et Provins.<br>Un service de bus de remplacement est mis en place entre Longueville et Provins avec desserte des gares intermédiaires.<br>Pour plus d'informations, <a href=""https://www.transilien.com/sites/transilien/files/sentinelle-p-parisest-provins-du18juilletau26aout.pdf"" target="""">cliquez ici pour télécharger l'affiche PDF.</a><br>Les horaires du calculateur d'itinéraire tiennent compte des travaux.<br>Motif : travaux d'été.</p>";20220712T102420;Transilien Train Transilien P;a0eda15a-f3d4-11ec-b9a8-005056a47b86;travaux
future;Incidents;0;bloquante;NO_SERVICE;20220804T180000;20220804T194500;a0eda15a-f3d4-11ec-b9a8-005056a47b86;" / Ligne P : train terminus Longueville 18/07-26/08 / <p>Période : 18h17 à 19h41<br>Dates : du lundi 18 juillet au vendredi 26 août, sauf samedis et dimanches<br>Le train XIBU au départ de Paris Est à 18h17 est terminus Longueville. Il ne marque pas l'arrêt à Sainte-Colombe Septveilles, Champbenoist Poigny et Provins.<br>Un service de bus de remplacement est mis en place entre Longueville et Provins avec desserte des gares intermédiaires.<br>Pour plus d'informations, <a href=""https://www.transilien.com/sites/transilien/files/sentinelle-p-parisest-provins-du18juilletau26aout.pdf"" target="""">cliquez ici pour télécharger l'affiche PDF.</a><br>Les horaires du calculateur d'itinéraire tiennent compte des travaux.<br>Motif : travaux d'été.</p>";20220712T102420;Transilien Train Transilien P;a0eda15a-f3d4-11ec-b9a8-005056a47b86;travaux
future;Incidents;0;bloquante;NO_SERVICE;20220809T180000;20220809T194500;a0eda15a-f3d4-11ec-b9a8-005056a47b86;" / Ligne P : train terminus Longueville 18/07-26/08 / <p>Période : 18h17 à 19h41<br>Dates : du lundi 18 juillet au vendredi 26 août, sauf samedis et dimanches<br>Le train XIBU au départ de Paris Est à 18h17 est terminus Longueville. Il ne marque pas l'arrêt à Sainte-Colombe Septveilles, Champbenoist Poigny et Provins.<br>Un service de bus de remplacement est mis en place entre Longueville et Provins avec desserte des gares intermédiaires.<br>Pour plus d'informations, <a href=""https://www.transilien.com/sites/transilien/files/sentinelle-p-parisest-provins-du18juilletau26aout.pdf"" target="""">cliquez ici pour télécharger l'affiche PDF.</a><br>Les horaires du calculateur d'itinéraire tiennent compte des travaux.<br>Motif : travaux d'été.</p>";20220712T102420;Transilien Train Transilien P;a0eda15a-f3d4-11ec-b9a8-005056a47b86;travaux
future;Incidents;0;bloquante;NO_SERVICE;20220725T180000;20220725T194500;a0eda15a-f3d4-11ec-b9a8-005056a47b86;" / Ligne P : train terminus Longueville 18/07-26/08 / <p>Période : 18h17 à 19h41<br>Dates : du lundi 18 juillet au vendredi 26 août, sauf samedis et dimanches<br>Le train XIBU au départ de Paris Est à 18h17 est terminus Longueville. Il ne marque pas l'arrêt à Sainte-Colombe Septveilles, Champbenoist Poigny et Provins.<br>Un service de bus de remplacement est mis en place entre Longueville et Provins avec desserte des gares intermédiaires.<br>Pour plus d'informations, <a href=""https://www.transilien.com/sites/transilien/files/sentinelle-p-parisest-provins-du18juilletau26aout.pdf"" target="""">cliquez ici pour télécharger l'affiche PDF.</a><br>Les horaires du calculateur d'itinéraire tiennent compte des travaux.<br>Motif : travaux d'été.</p>";20220712T102420;Transilien Train Transilien P;a0eda15a-f3d4-11ec-b9a8-005056a47b86;travaux
future;Incidents;0;bloquante;NO_SERVICE;20220801T180000;20220801T194500;a0eda15a-f3d4-11ec-b9a8-005056a47b86;" / Ligne P : train terminus Longueville 18/07-26/08 / <p>Période : 18h17 à 19h41<br>Dates : du lundi 18 juillet au vendredi 26 août, sauf samedis et dimanches<br>Le train XIBU au départ de Paris Est à 18h17 est terminus Longueville. Il ne marque pas l'arrêt à Sainte-Colombe Septveilles, Champbenoist Poigny et Provins.<br>Un service de bus de remplacement est mis en place entre Longueville et Provins avec desserte des gares intermédiaires.<br>Pour plus d'informations, <a href=""https://www.transilien.com/sites/transilien/files/sentinelle-p-parisest-provins-du18juilletau26aout.pdf"" target="""">cliquez ici pour télécharger l'affiche PDF.</a><br>Les horaires du calculateur d'itinéraire tiennent compte des travaux.<br>Motif : travaux d'été.</p>";20220712T102420;Transilien Train Transilien P;a0eda15a-f3d4-11ec-b9a8-005056a47b86;travaux
future;Incidents;0;bloquante;NO_SERVICE;20220802T180000;20220802T194500;a0eda15a-f3d4-11ec-b9a8-005056a47b86;" / Ligne P : train terminus Longueville 18/07-26/08 / <p>Période : 18h17 à 19h41<br>Dates : du lundi 18 juillet au vendredi 26 août, sauf samedis et dimanches<br>Le train XIBU au départ de Paris Est à 18h17 est terminus Longueville. Il ne marque pas l'arrêt à Sainte-Colombe Septveilles, Champbenoist Poigny et Provins.<br>Un service de bus de remplacement est mis en place entre Longueville et Provins avec desserte des gares intermédiaires.<br>Pour plus d'informations, <a href=""https://www.transilien.com/sites/transilien/files/sentinelle-p-parisest-provins-du18juilletau26aout.pdf"" target="""">cliquez ici pour télécharger l'affiche PDF.</a><br>Les horaires du calculateur d'itinéraire tiennent compte des travaux.<br>Motif : travaux d'été.</p>";20220712T102420;Transilien Train Transilien P;a0eda15a-f3d4-11ec-b9a8-005056a47b86;travaux
future;Incidents;0;bloquante;NO_SERVICE;20220803T180000;20220803T194500;a0eda15a-f3d4-11ec-b9a8-005056a47b86;" / Ligne P : train terminus Longueville 18/07-26/08 / <p>Période : 18h17 à 19h41<br>Dates : du lundi 18 juillet au vendredi 26 août, sauf samedis et dimanches<br>Le train XIBU au départ de Paris Est à 18h17 est terminus Longueville. Il ne marque pas l'arrêt à Sainte-Colombe Septveilles, Champbenoist Poigny et Provins.<br>Un service de bus de remplacement est mis en place entre Longueville et Provins avec desserte des gares intermédiaires.<br>Pour plus d'informations, <a href=""https://www.transilien.com/sites/transilien/files/sentinelle-p-parisest-provins-du18juilletau26aout.pdf"" target="""">cliquez ici pour télécharger l'affiche PDF.</a><br>Les horaires du calculateur d'itinéraire tiennent compte des travaux.<br>Motif : travaux d'été.</p>";20220712T102420;Transilien Train Transilien P;a0eda15a-f3d4-11ec-b9a8-005056a47b86;travaux
future;Incidents;0;bloquante;NO_SERVICE;20220726T180000;20220726T194500;a0eda15a-f3d4-11ec-b9a8-005056a47b86;" / Ligne P : train terminus Longueville 18/07-26/08 / <p>Période : 18h17 à 19h41<br>Dates : du lundi 18 juillet au vendredi 26 août, sauf samedis et dimanches<br>Le train XIBU au départ de Paris Est à 18h17 est terminus Longueville. Il ne marque pas l'arrêt à Sainte-Colombe Septveilles, Champbenoist Poigny et Provins.<br>Un service de bus de remplacement est mis en place entre Longueville et Provins avec desserte des gares intermédiaires.<br>Pour plus d'informations, <a href=""https://www.transilien.com/sites/transilien/files/sentinelle-p-parisest-provins-du18juilletau26aout.pdf"" target="""">cliquez ici pour télécharger l'affiche PDF.</a><br>Les horaires du calculateur d'itinéraire tiennent compte des travaux.<br>Motif : travaux d'été.</p>";20220712T102420;Transilien Train Transilien P;a0eda15a-f3d4-11ec-b9a8-005056a47b86;travaux
future;Incidents;0;bloquante;NO_SERVICE;20220729T180000;20220729T194500;a0eda15a-f3d4-11ec-b9a8-005056a47b86;" / Ligne P : train terminus Longueville 18/07-26/08 / <p>Période : 18h17 à 19h41<br>Dates : du lundi 18 juillet au vendredi 26 août, sauf samedis et dimanches<br>Le train XIBU au départ de Paris Est à 18h17 est terminus Longueville. Il ne marque pas l'arrêt à Sainte-Colombe Septveilles, Champbenoist Poigny et Provins.<br>Un service de bus de remplacement est mis en place entre Longueville et Provins avec desserte des gares intermédiaires.<br>Pour plus d'informations, <a href=""https://www.transilien.com/sites/transilien/files/sentinelle-p-parisest-provins-du18juilletau26aout.pdf"" target="""">cliquez ici pour télécharger l'affiche PDF.</a><br>Les horaires du calculateur d'itinéraire tiennent compte des travaux.<br>Motif : travaux d'été.</p>";20220712T102420;Transilien Train Transilien P;a0eda15a-f3d4-11ec-b9a8-005056a47b86;travaux
future;Incidents;0;bloquante;NO_SERVICE;20220727T180000;20220727T194500;a0eda15a-f3d4-11ec-b9a8-005056a47b86;" / Ligne P : train terminus Longueville 18/07-26/08 / <p>Période : 18h17 à 19h41<br>Dates : du lundi 18 juillet au vendredi 26 août, sauf samedis et dimanches<br>Le train XIBU au départ de Paris Est à 18h17 est terminus Longueville. Il ne marque pas l'arrêt à Sainte-Colombe Septveilles, Champbenoist Poigny et Provins.<br>Un service de bus de remplacement est mis en place entre Longueville et Provins avec desserte des gares intermédiaires.<br>Pour plus d'informations, <a href=""https://www.transilien.com/sites/transilien/files/sentinelle-p-parisest-provins-du18juilletau26aout.pdf"" target="""">cliquez ici pour télécharger l'affiche PDF.</a><br>Les horaires du calculateur d'itinéraire tiennent compte des travaux.<br>Motif : travaux d'été.</p>";20220712T102420;Transilien Train Transilien P;a0eda15a-f3d4-11ec-b9a8-005056a47b86;travaux
future;Incidents;0;bloquante;NO_SERVICE;20220728T180000;20220728T194500;a0eda15a-f3d4-11ec-b9a8-005056a47b86;" / Ligne P : train terminus Longueville 18/07-26/08 / <p>Période : 18h17 à 19h41<br>Dates : du lundi 18 juillet au vendredi 26 août, sauf samedis et dimanches<br>Le train XIBU au départ de Paris Est à 18h17 est terminus Longueville. Il ne marque pas l'arrêt à Sainte-Colombe Septveilles, Champbenoist Poigny et Provins.<br>Un service de bus de remplacement est mis en place entre Longueville et Provins avec desserte des gares intermédiaires.<br>Pour plus d'informations, <a href=""https://www.transilien.com/sites/transilien/files/sentinelle-p-parisest-provins-du18juilletau26aout.pdf"" target="""">cliquez ici pour télécharger l'affiche PDF.</a><br>Les horaires du calculateur d'itinéraire tiennent compte des travaux.<br>Motif : travaux d'été.</p>";20220712T102420;Transilien Train Transilien P;a0eda15a-f3d4-11ec-b9a8-005056a47b86;travaux
future;Incidents;0;bloquante;NO_SERVICE;20220720T180000;20220720T194500;a0eda15a-f3d4-11ec-b9a8-005056a47b86;" / Ligne P : train terminus Longueville 18/07-26/08 / <p>Période : 18h17 à 19h41<br>Dates : du lundi 18 juillet au vendredi 26 août, sauf samedis et dimanches<br>Le train XIBU au départ de Paris Est à 18h17 est terminus Longueville. Il ne marque pas l'arrêt à Sainte-Colombe Septveilles, Champbenoist Poigny et Provins.<br>Un service de bus de remplacement est mis en place entre Longueville et Provins avec desserte des gares intermédiaires.<br>Pour plus d'informations, <a href=""https://www.transilien.com/sites/transilien/files/sentinelle-p-parisest-provins-du18juilletau26aout.pdf"" target="""">cliquez ici pour télécharger l'affiche PDF.</a><br>Les horaires du calculateur d'itinéraire tiennent compte des travaux.<br>Motif : travaux d'été.</p>";20220712T102420;Transilien Train Transilien P;a0eda15a-f3d4-11ec-b9a8-005056a47b86;travaux
future;Incidents;0;bloquante;NO_SERVICE;20220811T180000;20220811T194500;a0eda15a-f3d4-11ec-b9a8-005056a47b86;" / Ligne P : train terminus Longueville 18/07-26/08 / <p>Période : 18h17 à 19h41<br>Dates : du lundi 18 juillet au vendredi 26 août, sauf samedis et dimanches<br>Le train XIBU au départ de Paris Est à 18h17 est terminus Longueville. Il ne marque pas l'arrêt à Sainte-Colombe Septveilles, Champbenoist Poigny et Provins.<br>Un service de bus de remplacement est mis en place entre Longueville et Provins avec desserte des gares intermédiaires.<br>Pour plus d'informations, <a href=""https://www.transilien.com/sites/transilien/files/sentinelle-p-parisest-provins-du18juilletau26aout.pdf"" target="""">cliquez ici pour télécharger l'affiche PDF.</a><br>Les horaires du calculateur d'itinéraire tiennent compte des travaux.<br>Motif : travaux d'été.</p>";20220712T102420;Transilien Train Transilien P;a0eda15a-f3d4-11ec-b9a8-005056a47b86;travaux
future;Incidents;0;bloquante;NO_SERVICE;20220719T180000;20220719T194500;a0eda15a-f3d4-11ec-b9a8-005056a47b86;" / Ligne P : train terminus Longueville 18/07-26/08 / <p>Période : 18h17 à 19h41<br>Dates : du lundi 18 juillet au vendredi 26 août, sauf samedis et dimanches<br>Le train XIBU au départ de Paris Est à 18h17 est terminus Longueville. Il ne marque pas l'arrêt à Sainte-Colombe Septveilles, Champbenoist Poigny et Provins.<br>Un service de bus de remplacement est mis en place entre Longueville et Provins avec desserte des gares intermédiaires.<br>Pour plus d'informations, <a href=""https://www.transilien.com/sites/transilien/files/sentinelle-p-parisest-provins-du18juilletau26aout.pdf"" target="""">cliquez ici pour télécharger l'affiche PDF.</a><br>Les horaires du calculateur d'itinéraire tiennent compte des travaux.<br>Motif : travaux d'été.</p>";20220712T102420;Transilien Train Transilien P;a0eda15a-f3d4-11ec-b9a8-005056a47b86;travaux
future;Incidents;0;bloquante;NO_SERVICE;20220718T180000;20220718T194500;a0eda15a-f3d4-11ec-b9a8-005056a47b86;" / Ligne P : train terminus Longueville 18/07-26/08 / <p>Période : 18h17 à 19h41<br>Dates : du lundi 18 juillet au vendredi 26 août, sauf samedis et dimanches<br>Le train XIBU au départ de Paris Est à 18h17 est terminus Longueville. Il ne marque pas l'arrêt à Sainte-Colombe Septveilles, Champbenoist Poigny et Provins.<br>Un service de bus de remplacement est mis en place entre Longueville et Provins avec desserte des gares intermédiaires.<br>Pour plus d'informations, <a href=""https://www.transilien.com/sites/transilien/files/sentinelle-p-parisest-provins-du18juilletau26aout.pdf"" target="""">cliquez ici pour télécharger l'affiche PDF.</a><br>Les horaires du calculateur d'itinéraire tiennent compte des travaux.<br>Motif : travaux d'été.</p>";20220712T102420;Transilien Train Transilien P;a0eda15a-f3d4-11ec-b9a8-005056a47b86;travaux
future;Incidents;0;bloquante;NO_SERVICE;20220826T180000;20220826T194500;a0eda15a-f3d4-11ec-b9a8-005056a47b86;" / Ligne P : train terminus Longueville 18/07-26/08 / <p>Période : 18h17 à 19h41<br>Dates : du lundi 18 juillet au vendredi 26 août, sauf samedis et dimanches<br>Le train XIBU au départ de Paris Est à 18h17 est terminus Longueville. Il ne marque pas l'arrêt à Sainte-Colombe Septveilles, Champbenoist Poigny et Provins.<br>Un service de bus de remplacement est mis en place entre Longueville et Provins avec desserte des gares intermédiaires.<br>Pour plus d'informations, <a href=""https://www.transilien.com/sites/transilien/files/sentinelle-p-parisest-provins-du18juilletau26aout.pdf"" target="""">cliquez ici pour télécharger l'affiche PDF.</a><br>Les horaires du calculateur d'itinéraire tiennent compte des travaux.<br>Motif : travaux d'été.</p>";20220712T102420;Transilien Train Transilien P;a0eda15a-f3d4-11ec-b9a8-005056a47b86;travaux
future;Incidents;0;bloquante;NO_SERVICE;20220822T180000;20220822T194500;a0eda15a-f3d4-11ec-b9a8-005056a47b86;" / Ligne P : train terminus Longueville 18/07-26/08 / <p>Période : 18h17 à 19h41<br>Dates : du lundi 18 juillet au vendredi 26 août, sauf samedis et dimanches<br>Le train XIBU au départ de Paris Est à 18h17 est terminus Longueville. Il ne marque pas l'arrêt à Sainte-Colombe Septveilles, Champbenoist Poigny et Provins.<br>Un service de bus de remplacement est mis en place entre Longueville et Provins avec desserte des gares intermédiaires.<br>Pour plus d'informations, <a href=""https://www.transilien.com/sites/transilien/files/sentinelle-p-parisest-provins-du18juilletau26aout.pdf"" target="""">cliquez ici pour télécharger l'affiche PDF.</a><br>Les horaires du calculateur d'itinéraire tiennent compte des travaux.<br>Motif : travaux d'été.</p>";20220712T102420;Transilien Train Transilien P;a0eda15a-f3d4-11ec-b9a8-005056a47b86;travaux
future;Incidents;0;bloquante;NO_SERVICE;20220815T180000;20220815T194500;a0eda15a-f3d4-11ec-b9a8-005056a47b86;" / Ligne P : train terminus Longueville 18/07-26/08 / <p>Période : 18h17 à 19h41<br>Dates : du lundi 18 juillet au vendredi 26 août, sauf samedis et dimanches<br>Le train XIBU au départ de Paris Est à 18h17 est terminus Longueville. Il ne marque pas l'arrêt à Sainte-Colombe Septveilles, Champbenoist Poigny et Provins.<br>Un service de bus de remplacement est mis en place entre Longueville et Provins avec desserte des gares intermédiaires.<br>Pour plus d'informations, <a href=""https://www.transilien.com/sites/transilien/files/sentinelle-p-parisest-provins-du18juilletau26aout.pdf"" target="""">cliquez ici pour télécharger l'affiche PDF.</a><br>Les horaires du calculateur d'itinéraire tiennent compte des travaux.<br>Motif : travaux d'été.</p>";20220712T102420;Transilien Train Transilien P;a0eda15a-f3d4-11ec-b9a8-005056a47b86;travaux
future;Incidents;0;bloquante;NO_SERVICE;20220824T180000;20220824T194500;a0eda15a-f3d4-11ec-b9a8-005056a47b86;" / Ligne P : train terminus Longueville 18/07-26/08 / <p>Période : 18h17 à 19h41<br>Dates : du lundi 18 juillet au vendredi 26 août, sauf samedis et dimanches<br>Le train XIBU au départ de Paris Est à 18h17 est terminus Longueville. Il ne marque pas l'arrêt à Sainte-Colombe Septveilles, Champbenoist Poigny et Provins.<br>Un service de bus de remplacement est mis en place entre Longueville et Provins avec desserte des gares intermédiaires.<br>Pour plus d'informations, <a href=""https://www.transilien.com/sites/transilien/files/sentinelle-p-parisest-provins-du18juilletau26aout.pdf"" target="""">cliquez ici pour télécharger l'affiche PDF.</a><br>Les horaires du calculateur d'itinéraire tiennent compte des travaux.<br>Motif : travaux d'été.</p>";20220712T102420;Transilien Train Transilien P;a0eda15a-f3d4-11ec-b9a8-005056a47b86;travaux
future;Incidents;0;bloquante;NO_SERVICE;20220823T180000;20220823T194500;a0eda15a-f3d4-11ec-b9a8-005056a47b86;" / Ligne P : train terminus Longueville 18/07-26/08 / <p>Période : 18h17 à 19h41<br>Dates : du lundi 18 juillet au vendredi 26 août, sauf samedis et dimanches<br>Le train XIBU au départ de Paris Est à 18h17 est terminus Longueville. Il ne marque pas l'arrêt à Sainte-Colombe Septveilles, Champbenoist Poigny et Provins.<br>Un service de bus de remplacement est mis en place entre Longueville et Provins avec desserte des gares intermédiaires.<br>Pour plus d'informations, <a href=""https://www.transilien.com/sites/transilien/files/sentinelle-p-parisest-provins-du18juilletau26aout.pdf"" target="""">cliquez ici pour télécharger l'affiche PDF.</a><br>Les horaires du calculateur d'itinéraire tiennent compte des travaux.<br>Motif : travaux d'été.</p>";20220712T102420;Transilien Train Transilien P;a0eda15a-f3d4-11ec-b9a8-005056a47b86;travaux
active;Incidents;30;perturbée;SIGNIFICANT_DELAYS;20210809T091041;20220809T091041;e7df7e7a-f8e0-11eb-8901-005056a47b86; / Panne d'un ascenseur / LA DEFENSE Panne de l'ascenseur situé Salle d échange zone SNCF Nord et Ouest - Queue Quais 1 et A, direction Est, jusqu'au 2021-08-30 / LA DEFENSE Panne de l'ascenseur situé Salle d échange zone SNCF Nord et Ouest - Queue Quais 1 et A, direction Est, jusqu'au 2021-08-30 / LA DEFENSE Panne ascenseur jusqu'au 2021-08-30 situé Salle d échange zone SNCF Nord et Ouest - Queue Quais 1 et A, dir. Est;20210809T091041;La Défense (Puteaux);e7df7e7a-f8e0-11eb-8901-005056a47b86;perturbation
active;Incidents;30;perturbée;SIGNIFICANT_DELAYS;20210814T091026;20220814T091026;b37c274a-fcce-11eb-a7c5-005056a44da2; / Panne d'un ascenseur / LA DEFENSE Panne de l'ascenseur situé Salle d échange zone SNCF Sud et Ouest - Tête Quais 2 et B, direction Ouest, jusqu'au 2021-08-30 / LA DEFENSE Panne de l'ascenseur situé Salle d échange zone SNCF Sud et Ouest - Tête Quais 2 et B, direction Ouest, jusqu'au 2021-08-30 / LA DEFENSE Panne ascenseur jusqu'au 2021-08-30 situé Salle d échange zone SNCF Sud et Ouest - Tête Quais 2 et B, dir. Ouest;20210814T091027;La Défense (Puteaux);b37c274a-fcce-11eb-a7c5-005056a44da2;perturbation
active;Incidents;30;perturbée;SIGNIFICANT_DELAYS;20210927T082048;20220927T082048;0e53699a-1f5b-11ec-848b-005056a44da2; / Panne d'un ascenseur / GARE DE MANTES LA JOLIE Panne de l'ascenseur situé Passerelle <> Parking Gare Routière, jusqu'au 2021-09-29 / GARE DE MANTES LA JOLIE Panne de l'ascenseur situé Passerelle <> Parking Gare Routière, jusqu'au 2021-09-29 / GARE DE MANTES LA JOLIE Panne ascenseur jusqu'au 2021-09-29 situé Passerelle <> Parking Gare Routière;20210927T082048;Mantes-la-Jolie (Mantes-la-Ville) (Mantes-la-Jolie);0e53699a-1f5b-11ec-848b-005056a44da2;perturbation
active;Incidents;30;perturbée;SIGNIFICANT_DELAYS;20210927T082048;20220927T082048;0e590e7c-1f5b-11ec-ad00-005056a47b86; / Panne d'un ascenseur / GARE DE MANTES LA JOLIE Panne de l'ascenseur situé Passerelle <> Parking Gare Routière, jusqu'au 2021-09-29 / GARE DE MANTES LA JOLIE Panne de l'ascenseur situé Passerelle <> Parking Gare Routière, jusqu'au 2021-09-29 / GARE DE MANTES LA JOLIE Panne ascenseur jusqu'au 2021-09-29 situé Passerelle <> Parking Gare Routière;20210927T082048;Mantes-la-Jolie (Mantes-la-Ville) (Mantes-la-Jolie);0e590e7c-1f5b-11ec-ad00-005056a47b86;perturbation
active;Incidents;30;perturbée;SIGNIFICANT_DELAYS;20210930T121123;20220930T121123;c3aea976-21d6-11ec-848b-005056a44da2; / Panne d'un ascenseur / GARE DE PONTOISE Panne de l'ascenseur situé Souterrain <> Quai 2, direction Paris Nord / RER C Sud, jusqu'au 2022-01-01 / GARE DE PONTOISE Panne de l'ascenseur situé Souterrain <> Quai 2, direction Paris Nord / RER C Sud, jusqu'au 2022-01-01 / GARE DE PONTOISE Panne ascenseur jusqu'au 2022-01-01 situé Souterrain <> Quai 2, dir. Paris Nord / RER C Sud;20210930T121123;Pontoise (Pontoise);c3aea976-21d6-11ec-848b-005056a44da2;perturbation
active;Incidents;30;perturbée;SIGNIFICANT_DELAYS;20210930T121126;20220930T121126;c59cddf2-21d6-11ec-92ce-005056a47b86; / Panne d'un ascenseur / GARE DE PONTOISE Panne de l'ascenseur situé Souterrain <> Quai 4, direction Paris Saint-Lazare / Gisors, jusqu'au 2022-01-01 / GARE DE PONTOISE Panne de l'ascenseur situé Souterrain <> Quai 4, direction Paris Saint-Lazare / Gisors, jusqu'au 2022-01-01 / GARE DE PONTOISE Panne ascenseur jusqu'au 2022-01-01 situé Souterrain <> Quai 4, dir. Paris Saint-Lazare / Gisors;20210930T121126;Pontoise (Pontoise);c59cddf2-21d6-11ec-92ce-005056a47b86;perturbation
active;Incidents;30;perturbée;SIGNIFICANT_DELAYS;20221215T221500;20211211T090300;bf43fd12-5a59-11ec-b504-005056a47b86;" / Ligne H : Paris Nord - Pontoise 03/01-16/12 / <p>Période : en soirée  <br>Dates : du lundi 03 au lundi 31 janvier 2022, sauf mes week-ends.<br>Le trafic est interrompu entre Paris Gare du Nord et Pontoise.<br>Un service de bus de remplacement est mis en place, avec desserte des gares intermédiaires.<br><a href=""http://www.transilien.com/sites/transilien/files/sentinelle-20220103-h-pno-pontoise-03j01-1612.pdf"" target="""">Pour plus d'informations, cliquez ici pour télécharger l'affiche PDF.</a><br>Les horaires du calculateur d'itinéraire  tiennent compte des travaux.<br>Motif : travaux.</p>";20211211T091005;Transilien Train Transilien H;bf43fd12-5a59-11ec-b504-005056a47b86;travaux
active;Incidents;30;perturbée;SIGNIFICANT_DELAYS;20221213T221500;20211211T090300;bf43fd12-5a59-11ec-b504-005056a47b86;" / Ligne H : Paris Nord - Pontoise 03/01-16/12 / <p>Période : en soirée  <br>Dates : du lundi 03 au lundi 31 janvier 2022, sauf mes week-ends.<br>Le trafic est interrompu entre Paris Gare du Nord et Pontoise.<br>Un service de bus de remplacement est mis en place, avec desserte des gares intermédiaires.<br><a href=""http://www.transilien.com/sites/transilien/files/sentinelle-20220103-h-pno-pontoise-03j01-1612.pdf"" target="""">Pour plus d'informations, cliquez ici pour télécharger l'affiche PDF.</a><br>Les horaires du calculateur d'itinéraire  tiennent compte des travaux.<br>Motif : travaux.</p>";20211211T091005;Transilien Train Transilien H;bf43fd12-5a59-11ec-b504-005056a47b86;travaux
active;Incidents;30;perturbée;SIGNIFICANT_DELAYS;20221212T221500;20211211T090300;bf43fd12-5a59-11ec-b504-005056a47b86;" / Ligne H : Paris Nord - Pontoise 03/01-16/12 / <p>Période : en soirée  <br>Dates : du lundi 03 au lundi 31 janvier 2022, sauf mes week-ends.<br>Le trafic est interrompu entre Paris Gare du Nord et Pontoise.<br>Un service de bus de remplacement est mis en place, avec desserte des gares intermédiaires.<br><a href=""http://www.transilien.com/sites/transilien/files/sentinelle-20220103-h-pno-pontoise-03j01-1612.pdf"" target="""">Pour plus d'informations, cliquez ici pour télécharger l'affiche PDF.</a><br>Les horaires du calculateur d'itinéraire  tiennent compte des travaux.<br>Motif : travaux.</p>";20211211T091005;Transilien Train Transilien H;bf43fd12-5a59-11ec-b504-005056a47b86;travaux
active;Incidents;30;perturbée;SIGNIFICANT_DELAYS;20221208T221500;20211211T090300;bf43fd12-5a59-11ec-b504-005056a47b86;" / Ligne H : Paris Nord - Pontoise 03/01-16/12 / <p>Période : en soirée  <br>Dates : du lundi 03 au lundi 31 janvier 2022, sauf mes week-ends.<br>Le trafic est interrompu entre Paris Gare du Nord et Pontoise.<br>Un service de bus de remplacement est mis en place, avec desserte des gares intermédiaires.<br><a href=""http://www.transilien.com/sites/transilien/files/sentinelle-20220103-h-pno-pontoise-03j01-1612.pdf"" target="""">Pour plus d'informations, cliquez ici pour télécharger l'affiche PDF.</a><br>Les horaires du calculateur d'itinéraire  tiennent compte des travaux.<br>Motif : travaux.</p>";20211211T091005;Transilien Train Transilien H;bf43fd12-5a59-11ec-b504-005056a47b86;travaux
active;Incidents;30;perturbée;SIGNIFICANT_DELAYS;20221207T221500;20211211T090300;bf43fd12-5a59-11ec-b504-005056a47b86;" / Ligne H : Paris Nord - Pontoise 03/01-16/12 / <p>Période : en soirée  <br>Dates : du lundi 03 au lundi 31 janvier 2022, sauf mes week-ends.<br>Le trafic est interrompu entre Paris Gare du Nord et Pontoise.<br>Un service de bus de remplacement est mis en place, avec desserte des gares intermédiaires.<br><a href=""http://www.transilien.com/sites/transilien/files/sentinelle-20220103-h-pno-pontoise-03j01-1612.pdf"" target="""">Pour plus d'informations, cliquez ici pour télécharger l'affiche PDF.</a><br>Les horaires du calculateur d'itinéraire  tiennent compte des travaux.<br>Motif : travaux.</p>";20211211T091005;Transilien Train Transilien H;bf43fd12-5a59-11ec-b504-005056a47b86;travaux
active;Incidents;30;perturbée;SIGNIFICANT_DELAYS;20221206T221500;20211211T090300;bf43fd12-5a59-11ec-b504-005056a47b86;" / Ligne H : Paris Nord - Pontoise 03/01-16/12 / <p>Période : en soirée  <br>Dates : du lundi 03 au lundi 31 janvier 2022, sauf mes week-ends.<br>Le trafic est interrompu entre Paris Gare du Nord et Pontoise.<br>Un service de bus de remplacement est mis en place, avec desserte des gares intermédiaires.<br><a href=""http://www.transilien.com/sites/transilien/files/sentinelle-20220103-h-pno-pontoise-03j01-1612.pdf"" target="""">Pour plus d'informations, cliquez ici pour télécharger l'affiche PDF.</a><br>Les horaires du calculateur d'itinéraire  tiennent compte des travaux.<br>Motif : travaux.</p>";20211211T091005;Transilien Train Transilien H;bf43fd12-5a59-11ec-b504-005056a47b86;travaux
active;Incidents;30;perturbée;SIGNIFICANT_DELAYS;20221205T221500;20211211T090300;bf43fd12-5a59-11ec-b504-005056a47b86;" / Ligne H : Paris Nord - Pontoise 03/01-16/12 / <p>Période : en soirée  <br>Dates : du lundi 03 au lundi 31 janvier 2022, sauf mes week-ends.<br>Le trafic est interrompu entre Paris Gare du Nord et Pontoise.<br>Un service de bus de remplacement est mis en place, avec desserte des gares intermédiaires.<br><a href=""http://www.transilien.com/sites/transilien/files/sentinelle-20220103-h-pno-pontoise-03j01-1612.pdf"" target="""">Pour plus d'informations, cliquez ici pour télécharger l'affiche PDF.</a><br>Les horaires du calculateur d'itinéraire  tiennent compte des travaux.<br>Motif : travaux.</p>";20211211T091005;Transilien Train Transilien H;bf43fd12-5a59-11ec-b504-005056a47b86;travaux
active;Incidents;30;perturbée;SIGNIFICANT_DELAYS;20221202T221500;20211211T090300;bf43fd12-5a59-11ec-b504-005056a47b86;" / Ligne H : Paris Nord - Pontoise 03/01-16/12 / <p>Période : en soirée  <br>Dates : du lundi 03 au lundi 31 janvier 2022, sauf mes week-ends.<br>Le trafic est interrompu entre Paris Gare du Nord et Pontoise.<br>Un service de bus de remplacement est mis en place, avec desserte des gares intermédiaires.<br><a href=""http://www.transilien.com/sites/transilien/files/sentinelle-20220103-h-pno-pontoise-03j01-1612.pdf"" target="""">Pour plus d'informations, cliquez ici pour télécharger l'affiche PDF.</a><br>Les horaires du calculateur d'itinéraire  tiennent compte des travaux.<br>Motif : travaux.</p>";20211211T091005;Transilien Train Transilien H;bf43fd12-5a59-11ec-b504-005056a47b86;travaux
active;Incidents;30;perturbée;SIGNIFICANT_DELAYS;20221201T221500;20211211T090300;bf43fd12-5a59-11ec-b504-005056a47b86;" / Ligne H : Paris Nord - Pontoise 03/01-16/12 / <p>Période : en soirée  <br>Dates : du lundi 03 au lundi 31 janvier 2022, sauf mes week-ends.<br>Le trafic est interrompu entre Paris Gare du Nord et Pontoise.<br>Un service de bus de remplacement est mis en place, avec desserte des gares intermédiaires.<br><a href=""http://www.transilien.com/sites/transilien/files/sentinelle-20220103-h-pno-pontoise-03j01-1612.pdf"" target="""">Pour plus d'informations, cliquez ici pour télécharger l'affiche PDF.</a><br>Les horaires du calculateur d'itinéraire  tiennent compte des travaux.<br>Motif : travaux.</p>";20211211T091005;Transilien Train Transilien H;bf43fd12-5a59-11ec-b504-005056a47b86;travaux
active;Incidents;30;perturbée;SIGNIFICANT_DELAYS;20221130T221500;20211211T090300;bf43fd12-5a59-11ec-b504-005056a47b86;" / Ligne H : Paris Nord - Pontoise 03/01-16/12 / <p>Période : en soirée  <br>Dates : du lundi 03 au lundi 31 janvier 2022, sauf mes week-ends.<br>Le trafic est interrompu entre Paris Gare du Nord et Pontoise.<br>Un service de bus de remplacement est mis en place, avec desserte des gares intermédiaires.<br><a href=""http://www.transilien.com/sites/transilien/files/sentinelle-20220103-h-pno-pontoise-03j01-1612.pdf"" target="""">Pour plus d'informations, cliquez ici pour télécharger l'affiche PDF.</a><br>Les horaires du calculateur d'itinéraire  tiennent compte des travaux.<br>Motif : travaux.</p>";20211211T091005;Transilien Train Transilien H;bf43fd12-5a59-11ec-b504-005056a47b86;travaux
active;Incidents;30;perturbée;SIGNIFICANT_DELAYS;20221129T221500;20211211T090300;bf43fd12-5a59-11ec-b504-005056a47b86;" / Ligne H : Paris Nord - Pontoise 03/01-16/12 / <p>Période : en soirée  <br>Dates : du lundi 03 au lundi 31 janvier 2022, sauf mes week-ends.<br>Le trafic est interrompu entre Paris Gare du Nord et Pontoise.<br>Un service de bus de remplacement est mis en place, avec desserte des gares intermédiaires.<br><a href=""http://www.transilien.com/sites/transilien/files/sentinelle-20220103-h-pno-pontoise-03j01-1612.pdf"" target="""">Pour plus d'informations, cliquez ici pour télécharger l'affiche PDF.</a><br>Les horaires du calculateur d'itinéraire  tiennent compte des travaux.<br>Motif : travaux.</p>";20211211T091005;Transilien Train Transilien H;bf43fd12-5a59-11ec-b504-005056a47b86;travaux
active;Incidents;30;perturbée;SIGNIFICANT_DELAYS;20221128T221500;20211211T090300;bf43fd12-5a59-11ec-b504-005056a47b86;" / Ligne H : Paris Nord - Pontoise 03/01-16/12 / <p>Période : en soirée  <br>Dates : du lundi 03 au lundi 31 janvier 2022, sauf mes week-ends.<br>Le trafic est interrompu entre Paris Gare du Nord et Pontoise.<br>Un service de bus de remplacement est mis en place, avec desserte des gares intermédiaires.<br><a href=""http://www.transilien.com/sites/transilien/files/sentinelle-20220103-h-pno-pontoise-03j01-1612.pdf"" target="""">Pour plus d'informations, cliquez ici pour télécharger l'affiche PDF.</a><br>Les horaires du calculateur d'itinéraire  tiennent compte des travaux.<br>Motif : travaux.</p>";20211211T091005;Transilien Train Transilien H;bf43fd12-5a59-11ec-b504-005056a47b86;travaux
active;Incidents;30;perturbée;SIGNIFICANT_DELAYS;20221125T221500;20211211T090300;bf43fd12-5a59-11ec-b504-005056a47b86;" / Ligne H : Paris Nord - Pontoise 03/01-16/12 / <p>Période : en soirée  <br>Dates : du lundi 03 au lundi 31 janvier 2022, sauf mes week-ends.<br>Le trafic est interrompu entre Paris Gare du Nord et Pontoise.<br>Un service de bus de remplacement est mis en place, avec desserte des gares intermédiaires.<br><a href=""http://www.transilien.com/sites/transilien/files/sentinelle-20220103-h-pno-pontoise-03j01-1612.pdf"" target="""">Pour plus d'informations, cliquez ici pour télécharger l'affiche PDF.</a><br>Les horaires du calculateur d'itinéraire  tiennent compte des travaux.<br>Motif : travaux.</p>";20211211T091005;Transilien Train Transilien H;bf43fd12-5a59-11ec-b504-005056a47b86;travaux
active;Incidents;30;perturbée;SIGNIFICANT_DELAYS;20221124T221500;20211211T090300;bf43fd12-5a59-11ec-b504-005056a47b86;" / Ligne H : Paris Nord - Pontoise 03/01-16/12 / <p>Période : en soirée  <br>Dates : du lundi 03 au lundi 31 janvier 2022, sauf mes week-ends.<br>Le trafic est interrompu entre Paris Gare du Nord et Pontoise.<br>Un service de bus de remplacement est mis en place, avec desserte des gares intermédiaires.<br><a href=""http://www.transilien.com/sites/transilien/files/sentinelle-20220103-h-pno-pontoise-03j01-1612.pdf"" target="""">Pour plus d'informations, cliquez ici pour télécharger l'affiche PDF.</a><br>Les horaires du calculateur d'itinéraire  tiennent compte des travaux.<br>Motif : travaux.</p>";20211211T091005;Transilien Train Transilien H;bf43fd12-5a59-11ec-b504-005056a47b86;travaux
active;Incidents;30;perturbée;SIGNIFICANT_DELAYS;20221123T221500;20211211T090300;bf43fd12-5a59-11ec-b504-005056a47b86;" / Ligne H : Paris Nord - Pontoise 03/01-16/12 / <p>Période : en soirée  <br>Dates : du lundi 03 au lundi 31 janvier 2022, sauf mes week-ends.<br>Le trafic est interrompu entre Paris Gare du Nord et Pontoise.<br>Un service de bus de remplacement est mis en place, avec desserte des gares intermédiaires.<br><a href=""http://www.transilien.com/sites/transilien/files/sentinelle-20220103-h-pno-pontoise-03j01-1612.pdf"" target="""">Pour plus d'informations, cliquez ici pour télécharger l'affiche PDF.</a><br>Les horaires du calculateur d'itinéraire  tiennent compte des travaux.<br>Motif : travaux.</p>";20211211T091005;Transilien Train Transilien H;bf43fd12-5a59-11ec-b504-005056a47b86;travaux
active;Incidents;30;perturbée;SIGNIFICANT_DELAYS;20221122T221500;20211211T090300;bf43fd12-5a59-11ec-b504-005056a47b86;" / Ligne H : Paris Nord - Pontoise 03/01-16/12 / <p>Période : en soirée  <br>Dates : du lundi 03 au lundi 31 janvier 2022, sauf mes week-ends.<br>Le trafic est interrompu entre Paris Gare du Nord et Pontoise.<br>Un service de bus de remplacement est mis en place, avec desserte des gares intermédiaires.<br><a href=""http://www.transilien.com/sites/transilien/files/sentinelle-20220103-h-pno-pontoise-03j01-1612.pdf"" target="""">Pour plus d'informations, cliquez ici pour télécharger l'affiche PDF.</a><br>Les horaires du calculateur d'itinéraire  tiennent compte des travaux.<br>Motif : travaux.</p>";20211211T091005;Transilien Train Transilien H;bf43fd12-5a59-11ec-b504-005056a47b86;travaux
active;Incidents;30;perturbée;SIGNIFICANT_DELAYS;20221121T221500;20211211T090300;bf43fd12-5a59-11ec-b504-005056a47b86;" / Ligne H : Paris Nord - Pontoise 03/01-16/12 / <p>Période : en soirée  <br>Dates : du lundi 03 au lundi 31 janvier 2022, sauf mes week-ends.<br>Le trafic est interrompu entre Paris Gare du Nord et Pontoise.<br>Un service de bus de remplacement est mis en place, avec desserte des gares intermédiaires.<br><a href=""http://www.transilien.com/sites/transilien/files/sentinelle-20220103-h-pno-pontoise-03j01-1612.pdf"" target="""">Pour plus d'informations, cliquez ici pour télécharger l'affiche PDF.</a><br>Les horaires du calculateur d'itinéraire  tiennent compte des travaux.<br>Motif : travaux.</p>";20211211T091005;Transilien Train Transilien H;bf43fd12-5a59-11ec-b504-005056a47b86;travaux
active;Incidents;30;perturbée;SIGNIFICANT_DELAYS;20221118T221500;20211211T090300;bf43fd12-5a59-11ec-b504-005056a47b86;" / Ligne H : Paris Nord - Pontoise 03/01-16/12 / <p>Période : en soirée  <br>Dates : du lundi 03 au lundi 31 janvier 2022, sauf mes week-ends.<br>Le trafic est interrompu entre Paris Gare du Nord et Pontoise.<br>Un service de bus de remplacement est mis en place, avec desserte des gares intermédiaires.<br><a href=""http://www.transilien.com/sites/transilien/files/sentinelle-20220103-h-pno-pontoise-03j01-1612.pdf"" target="""">Pour plus d'informations, cliquez ici pour télécharger l'affiche PDF.</a><br>Les horaires du calculateur d'itinéraire  tiennent compte des travaux.<br>Motif : travaux.</p>";20211211T091005;Transilien Train Transilien H;bf43fd12-5a59-11ec-b504-005056a47b86;travaux
active;Incidents;30;perturbée;SIGNIFICANT_DELAYS;20221117T221500;20211211T090300;bf43fd12-5a59-11ec-b504-005056a47b86;" / Ligne H : Paris Nord - Pontoise 03/01-16/12 / <p>Période : en soirée  <br>Dates : du lundi 03 au lundi 31 janvier 2022, sauf mes week-ends.<br>Le trafic est interrompu entre Paris Gare du Nord et Pontoise.<br>Un service de bus de remplacement est mis en place, avec desserte des gares intermédiaires.<br><a href=""http://www.transilien.com/sites/transilien/files/sentinelle-20220103-h-pno-pontoise-03j01-1612.pdf"" target="""">Pour plus d'informations, cliquez ici pour télécharger l'affiche PDF.</a><br>Les horaires du calculateur d'itinéraire  tiennent compte des travaux.<br>Motif : travaux.</p>";20211211T091005;Transilien Train Transilien H;bf43fd12-5a59-11ec-b504-005056a47b86;travaux
active;Incidents;30;perturbée;SIGNIFICANT_DELAYS;20221116T221500;20211211T090300;bf43fd12-5a59-11ec-b504-005056a47b86;" / Ligne H : Paris Nord - Pontoise 03/01-16/12 / <p>Période : en soirée  <br>Dates : du lundi 03 au lundi 31 janvier 2022, sauf mes week-ends.<br>Le trafic est interrompu entre Paris Gare du Nord et Pontoise.<br>Un service de bus de remplacement est mis en place, avec desserte des gares intermédiaires.<br><a href=""http://www.transilien.com/sites/transilien/files/sentinelle-20220103-h-pno-pontoise-03j01-1612.pdf"" target="""">Pour plus d'informations, cliquez ici pour télécharger l'affiche PDF.</a><br>Les horaires du calculateur d'itinéraire  tiennent compte des travaux.<br>Motif : travaux.</p>";20211211T091005;Transilien Train Transilien H;bf43fd12-5a59-11ec-b504-005056a47b86;travaux
active;Incidents;30;perturbée;SIGNIFICANT_DELAYS;20221115T221500;20211211T090300;bf43fd12-5a59-11ec-b504-005056a47b86;" / Ligne H : Paris Nord - Pontoise 03/01-16/12 / <p>Période : en soirée  <br>Dates : du lundi 03 au lundi 31 janvier 2022, sauf mes week-ends.<br>Le trafic est interrompu entre Paris Gare du Nord et Pontoise.<br>Un service de bus de remplacement est mis en place, avec desserte des gares intermédiaires.<br><a href=""http://www.transilien.com/sites/transilien/files/sentinelle-20220103-h-pno-pontoise-03j01-1612.pdf"" target="""">Pour plus d'informations, cliquez ici pour télécharger l'affiche PDF.</a><br>Les horaires du calculateur d'itinéraire  tiennent compte des travaux.<br>Motif : travaux.</p>";20211211T091005;Transilien Train Transilien H;bf43fd12-5a59-11ec-b504-005056a47b86;travaux
active;Incidents;30;perturbée;SIGNIFICANT_DELAYS;20221114T221500;20211211T090300;bf43fd12-5a59-11ec-b504-005056a47b86;" / Ligne H : Paris Nord - Pontoise 03/01-16/12 / <p>Période : en soirée  <br>Dates : du lundi 03 au lundi 31 janvier 2022, sauf mes week-ends.<br>Le trafic est interrompu entre Paris Gare du Nord et Pontoise.<br>Un service de bus de remplacement est mis en place, avec desserte des gares intermédiaires.<br><a href=""http://www.transilien.com/sites/transilien/files/sentinelle-20220103-h-pno-pontoise-03j01-1612.pdf"" target="""">Pour plus d'informations, cliquez ici pour télécharger l'affiche PDF.</a><br>Les horaires du calculateur d'itinéraire  tiennent compte des travaux.<br>Motif : travaux.</p>";20211211T091005;Transilien Train Transilien H;bf43fd12-5a59-11ec-b504-005056a47b86;travaux
active;Incidents;30;perturbée;SIGNIFICANT_DELAYS;20221111T221500;20211211T090300;bf43fd12-5a59-11ec-b504-005056a47b86;" / Ligne H : Paris Nord - Pontoise 03/01-16/12 / <p>Période : en soirée  <br>Dates : du lundi 03 au lundi 31 janvier 2022, sauf mes week-ends.<br>Le trafic est interrompu entre Paris Gare du Nord et Pontoise.<br>Un service de bus de remplacement est mis en place, avec desserte des gares intermédiaires.<br><a href=""http://www.transilien.com/sites/transilien/files/sentinelle-20220103-h-pno-pontoise-03j01-1612.pdf"" target="""">Pour plus d'informations, cliquez ici pour télécharger l'affiche PDF.</a><br>Les horaires du calculateur d'itinéraire  tiennent compte des travaux.<br>Motif : travaux.</p>";20211211T091005;Transilien Train Transilien H;bf43fd12-5a59-11ec-b504-005056a47b86;travaux
active;Incidents;30;perturbée;SIGNIFICANT_DELAYS;20221110T221500;20211211T090300;bf43fd12-5a59-11ec-b504-005056a47b86;" / Ligne H : Paris Nord - Pontoise 03/01-16/12 / <p>Période : en soirée  <br>Dates : du lundi 03 au lundi 31 janvier 2022, sauf mes week-ends.<br>Le trafic est interrompu entre Paris Gare du Nord et Pontoise.<br>Un service de bus de remplacement est mis en place, avec desserte des gares intermédiaires.<br><a href=""http://www.transilien.com/sites/transilien/files/sentinelle-20220103-h-pno-pontoise-03j01-1612.pdf"" target="""">Pour plus d'informations, cliquez ici pour télécharger l'affiche PDF.</a><br>Les horaires du calculateur d'itinéraire  tiennent compte des travaux.<br>Motif : travaux.</p>";20211211T091005;Transilien Train Transilien H;bf43fd12-5a59-11ec-b504-005056a47b86;travaux
active;Incidents;30;perturbée;SIGNIFICANT_DELAYS;20221109T221500;20211211T090300;bf43fd12-5a59-11ec-b504-005056a47b86;" / Ligne H : Paris Nord - Pontoise 03/01-16/12 / <p>Période : en soirée  <br>Dates : du lundi 03 au lundi 31 janvier 2022, sauf mes week-ends.<br>Le trafic est interrompu entre Paris Gare du Nord et Pontoise.<br>Un service de bus de remplacement est mis en place, avec desserte des gares intermédiaires.<br><a href=""http://www.transilien.com/sites/transilien/files/sentinelle-20220103-h-pno-pontoise-03j01-1612.pdf"" target="""">Pour plus d'informations, cliquez ici pour télécharger l'affiche PDF.</a><br>Les horaires du calculateur d'itinéraire  tiennent compte des travaux.<br>Motif : travaux.</p>";20211211T091005;Transilien Train Transilien H;bf43fd12-5a59-11ec-b504-005056a47b86;travaux
active;Incidents;30;perturbée;SIGNIFICANT_DELAYS;20221108T221500;20211211T090300;bf43fd12-5a59-11ec-b504-005056a47b86;" / Ligne H : Paris Nord - Pontoise 03/01-16/12 / <p>Période : en soirée  <br>Dates : du lundi 03 au lundi 31 janvier 2022, sauf mes week-ends.<br>Le trafic est interrompu entre Paris Gare du Nord et Pontoise.<br>Un service de bus de remplacement est mis en place, avec desserte des gares intermédiaires.<br><a href=""http://www.transilien.com/sites/transilien/files/sentinelle-20220103-h-pno-pontoise-03j01-1612.pdf"" target="""">Pour plus d'informations, cliquez ici pour télécharger l'affiche PDF.</a><br>Les horaires du calculateur d'itinéraire  tiennent compte des travaux.<br>Motif : travaux.</p>";20211211T091005;Transilien Train Transilien H;bf43fd12-5a59-11ec-b504-005056a47b86;travaux
active;Incidents;30;perturbée;SIGNIFICANT_DELAYS;20221107T221500;20211211T090300;bf43fd12-5a59-11ec-b504-005056a47b86;" / Ligne H : Paris Nord - Pontoise 03/01-16/12 / <p>Période : en soirée  <br>Dates : du lundi 03 au lundi 31 janvier 2022, sauf mes week-ends.<br>Le trafic est interrompu entre Paris Gare du Nord et Pontoise.<br>Un service de bus de remplacement est mis en place, avec desserte des gares intermédiaires.<br><a href=""http://www.transilien.com/sites/transilien/files/sentinelle-20220103-h-pno-pontoise-03j01-1612.pdf"" target="""">Pour plus d'informations, cliquez ici pour télécharger l'affiche PDF.</a><br>Les horaires du calculateur d'itinéraire  tiennent compte des travaux.<br>Motif : travaux.</p>";20211211T091005;Transilien Train Transilien H;bf43fd12-5a59-11ec-b504-005056a47b86;travaux
active;Incidents;30;perturbée;SIGNIFICANT_DELAYS;20221104T221500;20211211T090300;bf43fd12-5a59-11ec-b504-005056a47b86;" / Ligne H : Paris Nord - Pontoise 03/01-16/12 / <p>Période : en soirée  <br>Dates : du lundi 03 au lundi 31 janvier 2022, sauf mes week-ends.<br>Le trafic est interrompu entre Paris Gare du Nord et Pontoise.<br>Un service de bus de remplacement est mis en place, avec desserte des gares intermédiaires.<br><a href=""http://www.transilien.com/sites/transilien/files/sentinelle-20220103-h-pno-pontoise-03j01-1612.pdf"" target="""">Pour plus d'informations, cliquez ici pour télécharger l'affiche PDF.</a><br>Les horaires du calculateur d'itinéraire  tiennent compte des travaux.<br>Motif : travaux.</p>";20211211T091005;Transilien Train Transilien H;bf43fd12-5a59-11ec-b504-005056a47b86;travaux
active;Incidents;30;perturbée;SIGNIFICANT_DELAYS;20221103T221500;20211211T090300;bf43fd12-5a59-11ec-b504-005056a47b86;" / Ligne H : Paris Nord - Pontoise 03/01-16/12 / <p>Période : en soirée  <br>Dates : du lundi 03 au lundi 31 janvier 2022, sauf mes week-ends.<br>Le trafic est interrompu entre Paris Gare du Nord et Pontoise.<br>Un service de bus de remplacement est mis en place, avec desserte des gares intermédiaires.<br><a href=""http://www.transilien.com/sites/transilien/files/sentinelle-20220103-h-pno-pontoise-03j01-1612.pdf"" target="""">Pour plus d'informations, cliquez ici pour télécharger l'affiche PDF.</a><br>Les horaires du calculateur d'itinéraire  tiennent compte des travaux.<br>Motif : travaux.</p>";20211211T091005;Transilien Train Transilien H;bf43fd12-5a59-11ec-b504-005056a47b86;travaux
active;Incidents;30;perturbée;SIGNIFICANT_DELAYS;20221101T221500;20211211T090300;bf43fd12-5a59-11ec-b504-005056a47b86;" / Ligne H : Paris Nord - Pontoise 03/01-16/12 / <p>Période : en soirée  <br>Dates : du lundi 03 au lundi 31 janvier 2022, sauf mes week-ends.<br>Le trafic est interrompu entre Paris Gare du Nord et Pontoise.<br>Un service de bus de remplacement est mis en place, avec desserte des gares intermédiaires.<br><a href=""http://www.transilien.com/sites/transilien/files/sentinelle-20220103-h-pno-pontoise-03j01-1612.pdf"" target="""">Pour plus d'informations, cliquez ici pour télécharger l'affiche PDF.</a><br>Les horaires du calculateur d'itinéraire  tiennent compte des travaux.<br>Motif : travaux.</p>";20211211T091005;Transilien Train Transilien H;bf43fd12-5a59-11ec-b504-005056a47b86;travaux
active;Incidents;30;perturbée;SIGNIFICANT_DELAYS;20221031T221500;20211211T090300;bf43fd12-5a59-11ec-b504-005056a47b86;" / Ligne H : Paris Nord - Pontoise 03/01-16/12 / <p>Période : en soirée  <br>Dates : du lundi 03 au lundi 31 janvier 2022, sauf mes week-ends.<br>Le trafic est interrompu entre Paris Gare du Nord et Pontoise.<br>Un service de bus de remplacement est mis en place, avec desserte des gares intermédiaires.<br><a href=""http://www.transilien.com/sites/transilien/files/sentinelle-20220103-h-pno-pontoise-03j01-1612.pdf"" target="""">Pour plus d'informations, cliquez ici pour télécharger l'affiche PDF.</a><br>Les horaires du calculateur d'itinéraire  tiennent compte des travaux.<br>Motif : travaux.</p>";20211211T091005;Transilien Train Transilien H;bf43fd12-5a59-11ec-b504-005056a47b86;travaux
active;Incidents;30;perturbée;SIGNIFICANT_DELAYS;20221028T221500;20211211T090300;bf43fd12-5a59-11ec-b504-005056a47b86;" / Ligne H : Paris Nord - Pontoise 03/01-16/12 / <p>Période : en soirée  <br>Dates : du lundi 03 au lundi 31 janvier 2022, sauf mes week-ends.<br>Le trafic est interrompu entre Paris Gare du Nord et Pontoise.<br>Un service de bus de remplacement est mis en place, avec desserte des gares intermédiaires.<br><a href=""http://www.transilien.com/sites/transilien/files/sentinelle-20220103-h-pno-pontoise-03j01-1612.pdf"" target="""">Pour plus d'informations, cliquez ici pour télécharger l'affiche PDF.</a><br>Les horaires du calculateur d'itinéraire  tiennent compte des travaux.<br>Motif : travaux.</p>";20211211T091005;Transilien Train Transilien H;bf43fd12-5a59-11ec-b504-005056a47b86;travaux
active;Incidents;30;perturbée;SIGNIFICANT_DELAYS;20221102T221500;20211211T090300;bf43fd12-5a59-11ec-b504-005056a47b86;" / Ligne H : Paris Nord - Pontoise 03/01-16/12 / <p>Période : en soirée  <br>Dates : du lundi 03 au lundi 31 janvier 2022, sauf mes week-ends.<br>Le trafic est interrompu entre Paris Gare du Nord et Pontoise.<br>Un service de bus de remplacement est mis en place, avec desserte des gares intermédiaires.<br><a href=""http://www.transilien.com/sites/transilien/files/sentinelle-20220103-h-pno-pontoise-03j01-1612.pdf"" target="""">Pour plus d'informations, cliquez ici pour télécharger l'affiche PDF.</a><br>Les horaires du calculateur d'itinéraire  tiennent compte des travaux.<br>Motif : travaux.</p>";20211211T091005;Transilien Train Transilien H;bf43fd12-5a59-11ec-b504-005056a47b86;travaux
active;Incidents;30;perturbée;SIGNIFICANT_DELAYS;20221027T221500;20211211T090300;bf43fd12-5a59-11ec-b504-005056a47b86;" / Ligne H : Paris Nord - Pontoise 03/01-16/12 / <p>Période : en soirée  <br>Dates : du lundi 03 au lundi 31 janvier 2022, sauf mes week-ends.<br>Le trafic est interrompu entre Paris Gare du Nord et Pontoise.<br>Un service de bus de remplacement est mis en place, avec desserte des gares intermédiaires.<br><a href=""http://www.transilien.com/sites/transilien/files/sentinelle-20220103-h-pno-pontoise-03j01-1612.pdf"" target="""">Pour plus d'informations, cliquez ici pour télécharger l'affiche PDF.</a><br>Les horaires du calculateur d'itinéraire  tiennent compte des travaux.<br>Motif : travaux.</p>";20211211T091005;Transilien Train Transilien H;bf43fd12-5a59-11ec-b504-005056a47b86;travaux
active;Incidents;30;perturbée;SIGNIFICANT_DELAYS;20221026T221500;20211211T090300;bf43fd12-5a59-11ec-b504-005056a47b86;" / Ligne H : Paris Nord - Pontoise 03/01-16/12 / <p>Période : en soirée  <br>Dates : du lundi 03 au lundi 31 janvier 2022, sauf mes week-ends.<br>Le trafic est interrompu entre Paris Gare du Nord et Pontoise.<br>Un service de bus de remplacement est mis en place, avec desserte des gares intermédiaires.<br><a href=""http://www.transilien.com/sites/transilien/files/sentinelle-20220103-h-pno-pontoise-03j01-1612.pdf"" target="""">Pour plus d'informations, cliquez ici pour télécharger l'affiche PDF.</a><br>Les horaires du calculateur d'itinéraire  tiennent compte des travaux.<br>Motif : travaux.</p>";20211211T091005;Transilien Train Transilien H;bf43fd12-5a59-11ec-b504-005056a47b86;travaux
active;Incidents;30;perturbée;SIGNIFICANT_DELAYS;20221025T221500;20211211T090300;bf43fd12-5a59-11ec-b504-005056a47b86;" / Ligne H : Paris Nord - Pontoise 03/01-16/12 / <p>Période : en soirée  <br>Dates : du lundi 03 au lundi 31 janvier 2022, sauf mes week-ends.<br>Le trafic est interrompu entre Paris Gare du Nord et Pontoise.<br>Un service de bus de remplacement est mis en place, avec desserte des gares intermédiaires.<br><a href=""http://www.transilien.com/sites/transilien/files/sentinelle-20220103-h-pno-pontoise-03j01-1612.pdf"" target="""">Pour plus d'informations, cliquez ici pour télécharger l'affiche PDF.</a><br>Les horaires du calculateur d'itinéraire  tiennent compte des travaux.<br>Motif : travaux.</p>";20211211T091005;Transilien Train Transilien H;bf43fd12-5a59-11ec-b504-005056a47b86;travaux
active;Incidents;30;perturbée;SIGNIFICANT_DELAYS;20221024T221500;20211211T090300;bf43fd12-5a59-11ec-b504-005056a47b86;" / Ligne H : Paris Nord - Pontoise 03/01-16/12 / <p>Période : en soirée  <br>Dates : du lundi 03 au lundi 31 janvier 2022, sauf mes week-ends.<br>Le trafic est interrompu entre Paris Gare du Nord et Pontoise.<br>Un service de bus de remplacement est mis en place, avec desserte des gares intermédiaires.<br><a href=""http://www.transilien.com/sites/transilien/files/sentinelle-20220103-h-pno-pontoise-03j01-1612.pdf"" target="""">Pour plus d'informations, cliquez ici pour télécharger l'affiche PDF.</a><br>Les horaires du calculateur d'itinéraire  tiennent compte des travaux.<br>Motif : travaux.</p>";20211211T091005;Transilien Train Transilien H;bf43fd12-5a59-11ec-b504-005056a47b86;travaux
active;Incidents;30;perturbée;SIGNIFICANT_DELAYS;20221021T221500;20211211T090300;bf43fd12-5a59-11ec-b504-005056a47b86;" / Ligne H : Paris Nord - Pontoise 03/01-16/12 / <p>Période : en soirée  <br>Dates : du lundi 03 au lundi 31 janvier 2022, sauf mes week-ends.<br>Le trafic est interrompu entre Paris Gare du Nord et Pontoise.<br>Un service de bus de remplacement est mis en place, avec desserte des gares intermédiaires.<br><a href=""http://www.transilien.com/sites/transilien/files/sentinelle-20220103-h-pno-pontoise-03j01-1612.pdf"" target="""">Pour plus d'informations, cliquez ici pour télécharger l'affiche PDF.</a><br>Les horaires du calculateur d'itinéraire  tiennent compte des travaux.<br>Motif : travaux.</p>";20211211T091005;Transilien Train Transilien H;bf43fd12-5a59-11ec-b504-005056a47b86;travaux
active;Incidents;30;perturbée;SIGNIFICANT_DELAYS;20221020T221500;20211211T090300;bf43fd12-5a59-11ec-b504-005056a47b86;" / Ligne H : Paris Nord - Pontoise 03/01-16/12 / <p>Période : en soirée  <br>Dates : du lundi 03 au lundi 31 janvier 2022, sauf mes week-ends.<br>Le trafic est interrompu entre Paris Gare du Nord et Pontoise.<br>Un service de bus de remplacement est mis en place, avec desserte des gares intermédiaires.<br><a href=""http://www.transilien.com/sites/transilien/files/sentinelle-20220103-h-pno-pontoise-03j01-1612.pdf"" target="""">Pour plus d'informations, cliquez ici pour télécharger l'affiche PDF.</a><br>Les horaires du calculateur d'itinéraire  tiennent compte des travaux.<br>Motif : travaux.</p>";20211211T091005;Transilien Train Transilien H;bf43fd12-5a59-11ec-b504-005056a47b86;travaux
active;Incidents;30;perturbée;SIGNIFICANT_DELAYS;20221019T221500;20211211T090300;bf43fd12-5a59-11ec-b504-005056a47b86;" / Ligne H : Paris Nord - Pontoise 03/01-16/12 / <p>Période : en soirée  <br>Dates : du lundi 03 au lundi 31 janvier 2022, sauf mes week-ends.<br>Le trafic est interrompu entre Paris Gare du Nord et Pontoise.<br>Un service de bus de remplacement est mis en place, avec desserte des gares intermédiaires.<br><a href=""http://www.transilien.com/sites/transilien/files/sentinelle-20220103-h-pno-pontoise-03j01-1612.pdf"" target="""">Pour plus d'informations, cliquez ici pour télécharger l'affiche PDF.</a><br>Les horaires du calculateur d'itinéraire  tiennent compte des travaux.<br>Motif : travaux.</p>";20211211T091005;Transilien Train Transilien H;bf43fd12-5a59-11ec-b504-005056a47b86;travaux
active;Incidents;30;perturbée;SIGNIFICANT_DELAYS;20221018T221500;20211211T090300;bf43fd12-5a59-11ec-b504-005056a47b86;" / Ligne H : Paris Nord - Pontoise 03/01-16/12 / <p>Période : en soirée  <br>Dates : du lundi 03 au lundi 31 janvier 2022, sauf mes week-ends.<br>Le trafic est interrompu entre Paris Gare du Nord et Pontoise.<br>Un service de bus de remplacement est mis en place, avec desserte des gares intermédiaires.<br><a href=""http://www.transilien.com/sites/transilien/files/sentinelle-20220103-h-pno-pontoise-03j01-1612.pdf"" target="""">Pour plus d'informations, cliquez ici pour télécharger l'affiche PDF.</a><br>Les horaires du calculateur d'itinéraire  tiennent compte des travaux.<br>Motif : travaux.</p>";20211211T091005;Transilien Train Transilien H;bf43fd12-5a59-11ec-b504-005056a47b86;travaux
active;Incidents;30;perturbée;SIGNIFICANT_DELAYS;20221017T221500;20211211T090300;bf43fd12-5a59-11ec-b504-005056a47b86;" / Ligne H : Paris Nord - Pontoise 03/01-16/12 / <p>Période : en soirée  <br>Dates : du lundi 03 au lundi 31 janvier 2022, sauf mes week-ends.<br>Le trafic est interrompu entre Paris Gare du Nord et Pontoise.<br>Un service de bus de remplacement est mis en place, avec desserte des gares intermédiaires.<br><a href=""http://www.transilien.com/sites/transilien/files/sentinelle-20220103-h-pno-pontoise-03j01-1612.pdf"" target="""">Pour plus d'informations, cliquez ici pour télécharger l'affiche PDF.</a><br>Les horaires du calculateur d'itinéraire  tiennent compte des travaux.<br>Motif : travaux.</p>";20211211T091005;Transilien Train Transilien H;bf43fd12-5a59-11ec-b504-005056a47b86;travaux
active;Incidents;30;perturbée;SIGNIFICANT_DELAYS;20221014T221500;20211211T090300;bf43fd12-5a59-11ec-b504-005056a47b86;" / Ligne H : Paris Nord - Pontoise 03/01-16/12 / <p>Période : en soirée  <br>Dates : du lundi 03 au lundi 31 janvier 2022, sauf mes week-ends.<br>Le trafic est interrompu entre Paris Gare du Nord et Pontoise.<br>Un service de bus de remplacement est mis en place, avec desserte des gares intermédiaires.<br><a href=""http://www.transilien.com/sites/transilien/files/sentinelle-20220103-h-pno-pontoise-03j01-1612.pdf"" target="""">Pour plus d'informations, cliquez ici pour télécharger l'affiche PDF.</a><br>Les horaires du calculateur d'itinéraire  tiennent compte des travaux.<br>Motif : travaux.</p>";20211211T091005;Transilien Train Transilien H;bf43fd12-5a59-11ec-b504-005056a47b86;travaux
active;Incidents;30;perturbée;SIGNIFICANT_DELAYS;20221013T221500;20211211T090300;bf43fd12-5a59-11ec-b504-005056a47b86;" / Ligne H : Paris Nord - Pontoise 03/01-16/12 / <p>Période : en soirée  <br>Dates : du lundi 03 au lundi 31 janvier 2022, sauf mes week-ends.<br>Le trafic est interrompu entre Paris Gare du Nord et Pontoise.<br>Un service de bus de remplacement est mis en place, avec desserte des gares intermédiaires.<br><a href=""http://www.transilien.com/sites/transilien/files/sentinelle-20220103-h-pno-pontoise-03j01-1612.pdf"" target="""">Pour plus d'informations, cliquez ici pour télécharger l'affiche PDF.</a><br>Les horaires du calculateur d'itinéraire  tiennent compte des travaux.<br>Motif : travaux.</p>";20211211T091005;Transilien Train Transilien H;bf43fd12-5a59-11ec-b504-005056a47b86;travaux
active;Incidents;30;perturbée;SIGNIFICANT_DELAYS;20221012T221500;20211211T090300;bf43fd12-5a59-11ec-b504-005056a47b86;" / Ligne H : Paris Nord - Pontoise 03/01-16/12 / <p>Période : en soirée  <br>Dates : du lundi 03 au lundi 31 janvier 2022, sauf mes week-ends.<br>Le trafic est interrompu entre Paris Gare du Nord et Pontoise.<br>Un service de bus de remplacement est mis en place, avec desserte des gares intermédiaires.<br><a href=""http://www.transilien.com/sites/transilien/files/sentinelle-20220103-h-pno-pontoise-03j01-1612.pdf"" target="""">Pour plus d'informations, cliquez ici pour télécharger l'affiche PDF.</a><br>Les horaires du calculateur d'itinéraire  tiennent compte des travaux.<br>Motif : travaux.</p>";20211211T091005;Transilien Train Transilien H;bf43fd12-5a59-11ec-b504-005056a47b86;travaux
active;Incidents;30;perturbée;SIGNIFICANT_DELAYS;20221011T221500;20211211T090300;bf43fd12-5a59-11ec-b504-005056a47b86;" / Ligne H : Paris Nord - Pontoise 03/01-16/12 / <p>Période : en soirée  <br>Dates : du lundi 03 au lundi 31 janvier 2022, sauf mes week-ends.<br>Le trafic est interrompu entre Paris Gare du Nord et Pontoise.<br>Un service de bus de remplacement est mis en place, avec desserte des gares intermédiaires.<br><a href=""http://www.transilien.com/sites/transilien/files/sentinelle-20220103-h-pno-pontoise-03j01-1612.pdf"" target="""">Pour plus d'informations, cliquez ici pour télécharger l'affiche PDF.</a><br>Les horaires du calculateur d'itinéraire  tiennent compte des travaux.<br>Motif : travaux.</p>";20211211T091005;Transilien Train Transilien H;bf43fd12-5a59-11ec-b504-005056a47b86;travaux
active;Incidents;30;perturbée;SIGNIFICANT_DELAYS;20221010T221500;20211211T090300;bf43fd12-5a59-11ec-b504-005056a47b86;" / Ligne H : Paris Nord - Pontoise 03/01-16/12 / <p>Période : en soirée  <br>Dates : du lundi 03 au lundi 31 janvier 2022, sauf mes week-ends.<br>Le trafic est interrompu entre Paris Gare du Nord et Pontoise.<br>Un service de bus de remplacement est mis en place, avec desserte des gares intermédiaires.<br><a href=""http://www.transilien.com/sites/transilien/files/sentinelle-20220103-h-pno-pontoise-03j01-1612.pdf"" target="""">Pour plus d'informations, cliquez ici pour télécharger l'affiche PDF.</a><br>Les horaires du calculateur d'itinéraire  tiennent compte des travaux.<br>Motif : travaux.</p>";20211211T091005;Transilien Train Transilien H;bf43fd12-5a59-11ec-b504-005056a47b86;travaux
active;Incidents;30;perturbée;SIGNIFICANT_DELAYS;20221216T221500;20221217T031500;bf43fd12-5a59-11ec-b504-005056a47b86;" / Ligne H : Paris Nord - Pontoise 03/01-16/12 / <p>Période : en soirée  <br>Dates : du lundi 03 au lundi 31 janvier 2022, sauf mes week-ends.<br>Le trafic est interrompu entre Paris Gare du Nord et Pontoise.<br>Un service de bus de remplacement est mis en place, avec desserte des gares intermédiaires.<br><a href=""http://www.transilien.com/sites/transilien/files/sentinelle-20220103-h-pno-pontoise-03j01-1612.pdf"" target="""">Pour plus d'informations, cliquez ici pour télécharger l'affiche PDF.</a><br>Les horaires du calculateur d'itinéraire  tiennent compte des travaux.<br>Motif : travaux.</p>";20211211T091005;Transilien Train Transilien H;bf43fd12-5a59-11ec-b504-005056a47b86;travaux
active;Incidents;30;perturbée;SIGNIFICANT_DELAYS;20221215T221500;20221216T031500;bf43fd12-5a59-11ec-b504-005056a47b86;" / Ligne H : Paris Nord - Pontoise 03/01-16/12 / <p>Période : en soirée  <br>Dates : du lundi 03 au lundi 31 janvier 2022, sauf mes week-ends.<br>Le trafic est interrompu entre Paris Gare du Nord et Pontoise.<br>Un service de bus de remplacement est mis en place, avec desserte des gares intermédiaires.<br><a href=""http://www.transilien.com/sites/transilien/files/sentinelle-20220103-h-pno-pontoise-03j01-1612.pdf"" target="""">Pour plus d'informations, cliquez ici pour télécharger l'affiche PDF.</a><br>Les horaires du calculateur d'itinéraire  tiennent compte des travaux.<br>Motif : travaux.</p>";20211211T091005;Transilien Train Transilien H;bf43fd12-5a59-11ec-b504-005056a47b86;travaux
active;Incidents;30;perturbée;SIGNIFICANT_DELAYS;20221214T221500;20221215T031500;bf43fd12-5a59-11ec-b504-005056a47b86;" / Ligne H : Paris Nord - Pontoise 03/01-16/12 / <p>Période : en soirée  <br>Dates : du lundi 03 au lundi 31 janvier 2022, sauf mes week-ends.<br>Le trafic est interrompu entre Paris Gare du Nord et Pontoise.<br>Un service de bus de remplacement est mis en place, avec desserte des gares intermédiaires.<br><a href=""http://www.transilien.com/sites/transilien/files/sentinelle-20220103-h-pno-pontoise-03j01-1612.pdf"" target="""">Pour plus d'informations, cliquez ici pour télécharger l'affiche PDF.</a><br>Les horaires du calculateur d'itinéraire  tiennent compte des travaux.<br>Motif : travaux.</p>";20211211T091005;Transilien Train Transilien H;bf43fd12-5a59-11ec-b504-005056a47b86;travaux
active;Incidents;30;perturbée;SIGNIFICANT_DELAYS;20221213T221500;20221214T031500;bf43fd12-5a59-11ec-b504-005056a47b86;" / Ligne H : Paris Nord - Pontoise 03/01-16/12 / <p>Période : en soirée  <br>Dates : du lundi 03 au lundi 31 janvier 2022, sauf mes week-ends.<br>Le trafic est interrompu entre Paris Gare du Nord et Pontoise.<br>Un service de bus de remplacement est mis en place, avec desserte des gares intermédiaires.<br><a href=""http://www.transilien.com/sites/transilien/files/sentinelle-20220103-h-pno-pontoise-03j01-1612.pdf"" target="""">Pour plus d'informations, cliquez ici pour télécharger l'affiche PDF.</a><br>Les horaires du calculateur d'itinéraire  tiennent compte des travaux.<br>Motif : travaux.</p>";20211211T091005;Transilien Train Transilien H;bf43fd12-5a59-11ec-b504-005056a47b86;travaux
active;Incidents;30;perturbée;SIGNIFICANT_DELAYS;20221212T221500;20221213T031500;bf43fd12-5a59-11ec-b504-005056a47b86;" / Ligne H : Paris Nord - Pontoise 03/01-16/12 / <p>Période : en soirée  <br>Dates : du lundi 03 au lundi 31 janvier 2022, sauf mes week-ends.<br>Le trafic est interrompu entre Paris Gare du Nord et Pontoise.<br>Un service de bus de remplacement est mis en place, avec desserte des gares intermédiaires.<br><a href=""http://www.transilien.com/sites/transilien/files/sentinelle-20220103-h-pno-pontoise-03j01-1612.pdf"" target="""">Pour plus d'informations, cliquez ici pour télécharger l'affiche PDF.</a><br>Les horaires du calculateur d'itinéraire  tiennent compte des travaux.<br>Motif : travaux.</p>";20211211T091005;Transilien Train Transilien H;bf43fd12-5a59-11ec-b504-005056a47b86;travaux
active;Incidents;30;perturbée;SIGNIFICANT_DELAYS;20221209T221500;20221210T031500;bf43fd12-5a59-11ec-b504-005056a47b86;" / Ligne H : Paris Nord - Pontoise 03/01-16/12 / <p>Période : en soirée  <br>Dates : du lundi 03 au lundi 31 janvier 2022, sauf mes week-ends.<br>Le trafic est interrompu entre Paris Gare du Nord et Pontoise.<br>Un service de bus de remplacement est mis en place, avec desserte des gares intermédiaires.<br><a href=""http://www.transilien.com/sites/transilien/files/sentinelle-20220103-h-pno-pontoise-03j01-1612.pdf"" target="""">Pour plus d'informations, cliquez ici pour télécharger l'affiche PDF.</a><br>Les horaires du calculateur d'itinéraire  tiennent compte des travaux.<br>Motif : travaux.</p>";20211211T091005;Transilien Train Transilien H;bf43fd12-5a59-11ec-b504-005056a47b86;travaux
active;Incidents;30;perturbée;SIGNIFICANT_DELAYS;20221207T221500;20221208T031500;bf43fd12-5a59-11ec-b504-005056a47b86;" / Ligne H : Paris Nord - Pontoise 03/01-16/12 / <p>Période : en soirée  <br>Dates : du lundi 03 au lundi 31 janvier 2022, sauf mes week-ends.<br>Le trafic est interrompu entre Paris Gare du Nord et Pontoise.<br>Un service de bus de remplacement est mis en place, avec desserte des gares intermédiaires.<br><a href=""http://www.transilien.com/sites/transilien/files/sentinelle-20220103-h-pno-pontoise-03j01-1612.pdf"" target="""">Pour plus d'informations, cliquez ici pour télécharger l'affiche PDF.</a><br>Les horaires du calculateur d'itinéraire  tiennent compte des travaux.<br>Motif : travaux.</p>";20211211T091005;Transilien Train Transilien H;bf43fd12-5a59-11ec-b504-005056a47b86;travaux
active;Incidents;30;perturbée;SIGNIFICANT_DELAYS;20221206T221500;20221207T031500;bf43fd12-5a59-11ec-b504-005056a47b86;" / Ligne H : Paris Nord - Pontoise 03/01-16/12 / <p>Période : en soirée  <br>Dates : du lundi 03 au lundi 31 janvier 2022, sauf mes week-ends.<br>Le trafic est interrompu entre Paris Gare du Nord et Pontoise.<br>Un service de bus de remplacement est mis en place, avec desserte des gares intermédiaires.<br><a href=""http://www.transilien.com/sites/transilien/files/sentinelle-20220103-h-pno-pontoise-03j01-1612.pdf"" target="""">Pour plus d'informations, cliquez ici pour télécharger l'affiche PDF.</a><br>Les horaires du calculateur d'itinéraire  tiennent compte des travaux.<br>Motif : travaux.</p>";20211211T091005;Transilien Train Transilien H;bf43fd12-5a59-11ec-b504-005056a47b86;travaux
active;Incidents;30;perturbée;SIGNIFICANT_DELAYS;20221205T221500;20221206T031500;bf43fd12-5a59-11ec-b504-005056a47b86;" / Ligne H : Paris Nord - Pontoise 03/01-16/12 / <p>Période : en soirée  <br>Dates : du lundi 03 au lundi 31 janvier 2022, sauf mes week-ends.<br>Le trafic est interrompu entre Paris Gare du Nord et Pontoise.<br>Un service de bus de remplacement est mis en place, avec desserte des gares intermédiaires.<br><a href=""http://www.transilien.com/sites/transilien/files/sentinelle-20220103-h-pno-pontoise-03j01-1612.pdf"" target="""">Pour plus d'informations, cliquez ici pour télécharger l'affiche PDF.</a><br>Les horaires du calculateur d'itinéraire  tiennent compte des travaux.<br>Motif : travaux.</p>";20211211T091005;Transilien Train Transilien H;bf43fd12-5a59-11ec-b504-005056a47b86;travaux
active;Incidents;30;perturbée;SIGNIFICANT_DELAYS;20221208T221500;20221209T031500;bf43fd12-5a59-11ec-b504-005056a47b86;" / Ligne H : Paris Nord - Pontoise 03/01-16/12 / <p>Période : en soirée  <br>Dates : du lundi 03 au lundi 31 janvier 2022, sauf mes week-ends.<br>Le trafic est interrompu entre Paris Gare du Nord et Pontoise.<br>Un service de bus de remplacement est mis en place, avec desserte des gares intermédiaires.<br><a href=""http://www.transilien.com/sites/transilien/files/sentinelle-20220103-h-pno-pontoise-03j01-1612.pdf"" target="""">Pour plus d'informations, cliquez ici pour télécharger l'affiche PDF.</a><br>Les horaires du calculateur d'itinéraire  tiennent compte des travaux.<br>Motif : travaux.</p>";20211211T091005;Transilien Train Transilien H;bf43fd12-5a59-11ec-b504-005056a47b86;travaux
active;Incidents;30;perturbée;SIGNIFICANT_DELAYS;20221201T221500;20221202T031500;bf43fd12-5a59-11ec-b504-005056a47b86;" / Ligne H : Paris Nord - Pontoise 03/01-16/12 / <p>Période : en soirée  <br>Dates : du lundi 03 au lundi 31 janvier 2022, sauf mes week-ends.<br>Le trafic est interrompu entre Paris Gare du Nord et Pontoise.<br>Un service de bus de remplacement est mis en place, avec desserte des gares intermédiaires.<br><a href=""http://www.transilien.com/sites/transilien/files/sentinelle-20220103-h-pno-pontoise-03j01-1612.pdf"" target="""">Pour plus d'informations, cliquez ici pour télécharger l'affiche PDF.</a><br>Les horaires du calculateur d'itinéraire  tiennent compte des travaux.<br>Motif : travaux.</p>";20211211T091005;Transilien Train Transilien H;bf43fd12-5a59-11ec-b504-005056a47b86;travaux
active;Incidents;30;perturbée;SIGNIFICANT_DELAYS;20221202T221500;20221203T031500;bf43fd12-5a59-11ec-b504-005056a47b86;" / Ligne H : Paris Nord - Pontoise 03/01-16/12 / <p>Période : en soirée  <br>Dates : du lundi 03 au lundi 31 janvier 2022, sauf mes week-ends.<br>Le trafic est interrompu entre Paris Gare du Nord et Pontoise.<br>Un service de bus de remplacement est mis en place, avec desserte des gares intermédiaires.<br><a href=""http://www.transilien.com/sites/transilien/files/sentinelle-20220103-h-pno-pontoise-03j01-1612.pdf"" target="""">Pour plus d'informations, cliquez ici pour télécharger l'affiche PDF.</a><br>Les horaires du calculateur d'itinéraire  tiennent compte des travaux.<br>Motif : travaux.</p>";20211211T091005;Transilien Train Transilien H;bf43fd12-5a59-11ec-b504-005056a47b86;travaux
active;Incidents;30;perturbée;SIGNIFICANT_DELAYS;20221130T221500;20221201T031500;bf43fd12-5a59-11ec-b504-005056a47b86;" / Ligne H : Paris Nord - Pontoise 03/01-16/12 / <p>Période : en soirée  <br>Dates : du lundi 03 au lundi 31 janvier 2022, sauf mes week-ends.<br>Le trafic est interrompu entre Paris Gare du Nord et Pontoise.<br>Un service de bus de remplacement est mis en place, avec desserte des gares intermédiaires.<br><a href=""http://www.transilien.com/sites/transilien/files/sentinelle-20220103-h-pno-pontoise-03j01-1612.pdf"" target="""">Pour plus d'informations, cliquez ici pour télécharger l'affiche PDF.</a><br>Les horaires du calculateur d'itinéraire  tiennent compte des travaux.<br>Motif : travaux.</p>";20211211T091005;Transilien Train Transilien H;bf43fd12-5a59-11ec-b504-005056a47b86;travaux
active;Incidents;30;perturbée;SIGNIFICANT_DELAYS;20221129T221500;20221130T031500;bf43fd12-5a59-11ec-b504-005056a47b86;" / Ligne H : Paris Nord - Pontoise 03/01-16/12 / <p>Période : en soirée  <br>Dates : du lundi 03 au lundi 31 janvier 2022, sauf mes week-ends.<br>Le trafic est interrompu entre Paris Gare du Nord et Pontoise.<br>Un service de bus de remplacement est mis en place, avec desserte des gares intermédiaires.<br><a href=""http://www.transilien.com/sites/transilien/files/sentinelle-20220103-h-pno-pontoise-03j01-1612.pdf"" target="""">Pour plus d'informations, cliquez ici pour télécharger l'affiche PDF.</a><br>Les horaires du calculateur d'itinéraire  tiennent compte des travaux.<br>Motif : travaux.</p>";20211211T091005;Transilien Train Transilien H;bf43fd12-5a59-11ec-b504-005056a47b86;travaux
active;Incidents;30;perturbée;SIGNIFICANT_DELAYS;20221128T221500;20221129T031500;bf43fd12-5a59-11ec-b504-005056a47b86;" / Ligne H : Paris Nord - Pontoise 03/01-16/12 / <p>Période : en soirée  <br>Dates : du lundi 03 au lundi 31 janvier 2022, sauf mes week-ends.<br>Le trafic est interrompu entre Paris Gare du Nord et Pontoise.<br>Un service de bus de remplacement est mis en place, avec desserte des gares intermédiaires.<br><a href=""http://www.transilien.com/sites/transilien/files/sentinelle-20220103-h-pno-pontoise-03j01-1612.pdf"" target="""">Pour plus d'informations, cliquez ici pour télécharger l'affiche PDF.</a><br>Les horaires du calculateur d'itinéraire  tiennent compte des travaux.<br>Motif : travaux.</p>";20211211T091005;Transilien Train Transilien H;bf43fd12-5a59-11ec-b504-005056a47b86;travaux
active;Incidents;30;perturbée;SIGNIFICANT_DELAYS;20221125T221500;20221126T031500;bf43fd12-5a59-11ec-b504-005056a47b86;" / Ligne H : Paris Nord - Pontoise 03/01-16/12 / <p>Période : en soirée  <br>Dates : du lundi 03 au lundi 31 janvier 2022, sauf mes week-ends.<br>Le trafic est interrompu entre Paris Gare du Nord et Pontoise.<br>Un service de bus de remplacement est mis en place, avec desserte des gares intermédiaires.<br><a href=""http://www.transilien.com/sites/transilien/files/sentinelle-20220103-h-pno-pontoise-03j01-1612.pdf"" target="""">Pour plus d'informations, cliquez ici pour télécharger l'affiche PDF.</a><br>Les horaires du calculateur d'itinéraire  tiennent compte des travaux.<br>Motif : travaux.</p>";20211211T091005;Transilien Train Transilien H;bf43fd12-5a59-11ec-b504-005056a47b86;travaux
active;Incidents;30;perturbée;SIGNIFICANT_DELAYS;20221124T221500;20221125T031500;bf43fd12-5a59-11ec-b504-005056a47b86;" / Ligne H : Paris Nord - Pontoise 03/01-16/12 / <p>Période : en soirée  <br>Dates : du lundi 03 au lundi 31 janvier 2022, sauf mes week-ends.<br>Le trafic est interrompu entre Paris Gare du Nord et Pontoise.<br>Un service de bus de remplacement est mis en place, avec desserte des gares intermédiaires.<br><a href=""http://www.transilien.com/sites/transilien/files/sentinelle-20220103-h-pno-pontoise-03j01-1612.pdf"" target="""">Pour plus d'informations, cliquez ici pour télécharger l'affiche PDF.</a><br>Les horaires du calculateur d'itinéraire  tiennent compte des travaux.<br>Motif : travaux.</p>";20211211T091005;Transilien Train Transilien H;bf43fd12-5a59-11ec-b504-005056a47b86;travaux
active;Incidents;30;perturbée;SIGNIFICANT_DELAYS;20221123T221500;20221124T031500;bf43fd12-5a59-11ec-b504-005056a47b86;" / Ligne H : Paris Nord - Pontoise 03/01-16/12 / <p>Période : en soirée  <br>Dates : du lundi 03 au lundi 31 janvier 2022, sauf mes week-ends.<br>Le trafic est interrompu entre Paris Gare du Nord et Pontoise.<br>Un service de bus de remplacement est mis en place, avec desserte des gares intermédiaires.<br><a href=""http://www.transilien.com/sites/transilien/files/sentinelle-20220103-h-pno-pontoise-03j01-1612.pdf"" target="""">Pour plus d'informations, cliquez ici pour télécharger l'affiche PDF.</a><br>Les horaires du calculateur d'itinéraire  tiennent compte des travaux.<br>Motif : travaux.</p>";20211211T091005;Transilien Train Transilien H;bf43fd12-5a59-11ec-b504-005056a47b86;travaux
active;Incidents;30;perturbée;SIGNIFICANT_DELAYS;20221122T221500;20221123T031500;bf43fd12-5a59-11ec-b504-005056a47b86;" / Ligne H : Paris Nord - Pontoise 03/01-16/12 / <p>Période : en soirée  <br>Dates : du lundi 03 au lundi 31 janvier 2022, sauf mes week-ends.<br>Le trafic est interrompu entre Paris Gare du Nord et Pontoise.<br>Un service de bus de remplacement est mis en place, avec desserte des gares intermédiaires.<br><a href=""http://www.transilien.com/sites/transilien/files/sentinelle-20220103-h-pno-pontoise-03j01-1612.pdf"" target="""">Pour plus d'informations, cliquez ici pour télécharger l'affiche PDF.</a><br>Les horaires du calculateur d'itinéraire  tiennent compte des travaux.<br>Motif : travaux.</p>";20211211T091005;Transilien Train Transilien H;bf43fd12-5a59-11ec-b504-005056a47b86;travaux
active;Incidents;30;perturbée;SIGNIFICANT_DELAYS;20221121T221500;20221122T031500;bf43fd12-5a59-11ec-b504-005056a47b86;" / Ligne H : Paris Nord - Pontoise 03/01-16/12 / <p>Période : en soirée  <br>Dates : du lundi 03 au lundi 31 janvier 2022, sauf mes week-ends.<br>Le trafic est interrompu entre Paris Gare du Nord et Pontoise.<br>Un service de bus de remplacement est mis en place, avec desserte des gares intermédiaires.<br><a href=""http://www.transilien.com/sites/transilien/files/sentinelle-20220103-h-pno-pontoise-03j01-1612.pdf"" target="""">Pour plus d'informations, cliquez ici pour télécharger l'affiche PDF.</a><br>Les horaires du calculateur d'itinéraire  tiennent compte des travaux.<br>Motif : travaux.</p>";20211211T091005;Transilien Train Transilien H;bf43fd12-5a59-11ec-b504-005056a47b86;travaux
active;Incidents;30;perturbée;SIGNIFICANT_DELAYS;20221118T221500;20221119T031500;bf43fd12-5a59-11ec-b504-005056a47b86;" / Ligne H : Paris Nord - Pontoise 03/01-16/12 / <p>Période : en soirée  <br>Dates : du lundi 03 au lundi 31 janvier 2022, sauf mes week-ends.<br>Le trafic est interrompu entre Paris Gare du Nord et Pontoise.<br>Un service de bus de remplacement est mis en place, avec desserte des gares intermédiaires.<br><a href=""http://www.transilien.com/sites/transilien/files/sentinelle-20220103-h-pno-pontoise-03j01-1612.pdf"" target="""">Pour plus d'informations, cliquez ici pour télécharger l'affiche PDF.</a><br>Les horaires du calculateur d'itinéraire  tiennent compte des travaux.<br>Motif : travaux.</p>";20211211T091005;Transilien Train Transilien H;bf43fd12-5a59-11ec-b504-005056a47b86;travaux
active;Incidents;30;perturbée;SIGNIFICANT_DELAYS;20221117T221500;20221118T031500;bf43fd12-5a59-11ec-b504-005056a47b86;" / Ligne H : Paris Nord - Pontoise 03/01-16/12 / <p>Période : en soirée  <br>Dates : du lundi 03 au lundi 31 janvier 2022, sauf mes week-ends.<br>Le trafic est interrompu entre Paris Gare du Nord et Pontoise.<br>Un service de bus de remplacement est mis en place, avec desserte des gares intermédiaires.<br><a href=""http://www.transilien.com/sites/transilien/files/sentinelle-20220103-h-pno-pontoise-03j01-1612.pdf"" target="""">Pour plus d'informations, cliquez ici pour télécharger l'affiche PDF.</a><br>Les horaires du calculateur d'itinéraire  tiennent compte des travaux.<br>Motif : travaux.</p>";20211211T091005;Transilien Train Transilien H;bf43fd12-5a59-11ec-b504-005056a47b86;travaux
active;Incidents;30;perturbée;SIGNIFICANT_DELAYS;20221115T221500;20221116T031500;bf43fd12-5a59-11ec-b504-005056a47b86;" / Ligne H : Paris Nord - Pontoise 03/01-16/12 / <p>Période : en soirée  <br>Dates : du lundi 03 au lundi 31 janvier 2022, sauf mes week-ends.<br>Le trafic est interrompu entre Paris Gare du Nord et Pontoise.<br>Un service de bus de remplacement est mis en place, avec desserte des gares intermédiaires.<br><a href=""http://www.transilien.com/sites/transilien/files/sentinelle-20220103-h-pno-pontoise-03j01-1612.pdf"" target="""">Pour plus d'informations, cliquez ici pour télécharger l'affiche PDF.</a><br>Les horaires du calculateur d'itinéraire  tiennent compte des travaux.<br>Motif : travaux.</p>";20211211T091005;Transilien Train Transilien H;bf43fd12-5a59-11ec-b504-005056a47b86;travaux
active;Incidents;30;perturbée;SIGNIFICANT_DELAYS;20221114T221500;20221115T031500;bf43fd12-5a59-11ec-b504-005056a47b86;" / Ligne H : Paris Nord - Pontoise 03/01-16/12 / <p>Période : en soirée  <br>Dates : du lundi 03 au lundi 31 janvier 2022, sauf mes week-ends.<br>Le trafic est interrompu entre Paris Gare du Nord et Pontoise.<br>Un service de bus de remplacement est mis en place, avec desserte des gares intermédiaires.<br><a href=""http://www.transilien.com/sites/transilien/files/sentinelle-20220103-h-pno-pontoise-03j01-1612.pdf"" target="""">Pour plus d'informations, cliquez ici pour télécharger l'affiche PDF.</a><br>Les horaires du calculateur d'itinéraire  tiennent compte des travaux.<br>Motif : travaux.</p>";20211211T091005;Transilien Train Transilien H;bf43fd12-5a59-11ec-b504-005056a47b86;travaux
active;Incidents;30;perturbée;SIGNIFICANT_DELAYS;20221110T221500;20221111T031500;bf43fd12-5a59-11ec-b504-005056a47b86;" / Ligne H : Paris Nord - Pontoise 03/01-16/12 / <p>Période : en soirée  <br>Dates : du lundi 03 au lundi 31 janvier 2022, sauf mes week-ends.<br>Le trafic est interrompu entre Paris Gare du Nord et Pontoise.<br>Un service de bus de remplacement est mis en place, avec desserte des gares intermédiaires.<br><a href=""http://www.transilien.com/sites/transilien/files/sentinelle-20220103-h-pno-pontoise-03j01-1612.pdf"" target="""">Pour plus d'informations, cliquez ici pour télécharger l'affiche PDF.</a><br>Les horaires du calculateur d'itinéraire  tiennent compte des travaux.<br>Motif : travaux.</p>";20211211T091005;Transilien Train Transilien H;bf43fd12-5a59-11ec-b504-005056a47b86;travaux
active;Incidents;30;perturbée;SIGNIFICANT_DELAYS;20221107T221500;20221108T031500;bf43fd12-5a59-11ec-b504-005056a47b86;" / Ligne H : Paris Nord - Pontoise 03/01-16/12 / <p>Période : en soirée  <br>Dates : du lundi 03 au lundi 31 janvier 2022, sauf mes week-ends.<br>Le trafic est interrompu entre Paris Gare du Nord et Pontoise.<br>Un service de bus de remplacement est mis en place, avec desserte des gares intermédiaires.<br><a href=""http://www.transilien.com/sites/transilien/files/sentinelle-20220103-h-pno-pontoise-03j01-1612.pdf"" target="""">Pour plus d'informations, cliquez ici pour télécharger l'affiche PDF.</a><br>Les horaires du calculateur d'itinéraire  tiennent compte des travaux.<br>Motif : travaux.</p>";20211211T091005;Transilien Train Transilien H;bf43fd12-5a59-11ec-b504-005056a47b86;travaux
active;Incidents;30;perturbée;SIGNIFICANT_DELAYS;20221103T221500;20221104T031500;bf43fd12-5a59-11ec-b504-005056a47b86;" / Ligne H : Paris Nord - Pontoise 03/01-16/12 / <p>Période : en soirée  <br>Dates : du lundi 03 au lundi 31 janvier 2022, sauf mes week-ends.<br>Le trafic est interrompu entre Paris Gare du Nord et Pontoise.<br>Un service de bus de remplacement est mis en place, avec desserte des gares intermédiaires.<br><a href=""http://www.transilien.com/sites/transilien/files/sentinelle-20220103-h-pno-pontoise-03j01-1612.pdf"" target="""">Pour plus d'informations, cliquez ici pour télécharger l'affiche PDF.</a><br>Les horaires du calculateur d'itinéraire  tiennent compte des travaux.<br>Motif : travaux.</p>";20211211T091005;Transilien Train Transilien H;bf43fd12-5a59-11ec-b504-005056a47b86;travaux
active;Incidents;30;perturbée;SIGNIFICANT_DELAYS;20221104T221500;20221105T031500;bf43fd12-5a59-11ec-b504-005056a47b86;" / Ligne H : Paris Nord - Pontoise 03/01-16/12 / <p>Période : en soirée  <br>Dates : du lundi 03 au lundi 31 janvier 2022, sauf mes week-ends.<br>Le trafic est interrompu entre Paris Gare du Nord et Pontoise.<br>Un service de bus de remplacement est mis en place, avec desserte des gares intermédiaires.<br><a href=""http://www.transilien.com/sites/transilien/files/sentinelle-20220103-h-pno-pontoise-03j01-1612.pdf"" target="""">Pour plus d'informations, cliquez ici pour télécharger l'affiche PDF.</a><br>Les horaires du calculateur d'itinéraire  tiennent compte des travaux.<br>Motif : travaux.</p>";20211211T091005;Transilien Train Transilien H;bf43fd12-5a59-11ec-b504-005056a47b86;travaux
active;Incidents;30;perturbée;SIGNIFICANT_DELAYS;20221102T221500;20221103T031500;bf43fd12-5a59-11ec-b504-005056a47b86;" / Ligne H : Paris Nord - Pontoise 03/01-16/12 / <p>Période : en soirée  <br>Dates : du lundi 03 au lundi 31 janvier 2022, sauf mes week-ends.<br>Le trafic est interrompu entre Paris Gare du Nord et Pontoise.<br>Un service de bus de remplacement est mis en place, avec desserte des gares intermédiaires.<br><a href=""http://www.transilien.com/sites/transilien/files/sentinelle-20220103-h-pno-pontoise-03j01-1612.pdf"" target="""">Pour plus d'informations, cliquez ici pour télécharger l'affiche PDF.</a><br>Les horaires du calculateur d'itinéraire  tiennent compte des travaux.<br>Motif : travaux.</p>";20211211T091005;Transilien Train Transilien H;bf43fd12-5a59-11ec-b504-005056a47b86;travaux
active;Incidents;30;perturbée;SIGNIFICANT_DELAYS;20221101T221500;20221102T031500;bf43fd12-5a59-11ec-b504-005056a47b86;" / Ligne H : Paris Nord - Pontoise 03/01-16/12 / <p>Période : en soirée  <br>Dates : du lundi 03 au lundi 31 janvier 2022, sauf mes week-ends.<br>Le trafic est interrompu entre Paris Gare du Nord et Pontoise.<br>Un service de bus de remplacement est mis en place, avec desserte des gares intermédiaires.<br><a href=""http://www.transilien.com/sites/transilien/files/sentinelle-20220103-h-pno-pontoise-03j01-1612.pdf"" target="""">Pour plus d'informations, cliquez ici pour télécharger l'affiche PDF.</a><br>Les horaires du calculateur d'itinéraire  tiennent compte des travaux.<br>Motif : travaux.</p>";20211211T091005;Transilien Train Transilien H;bf43fd12-5a59-11ec-b504-005056a47b86;travaux
active;Incidents;30;perturbée;SIGNIFICANT_DELAYS;20221028T221500;20221029T031500;bf43fd12-5a59-11ec-b504-005056a47b86;" / Ligne H : Paris Nord - Pontoise 03/01-16/12 / <p>Période : en soirée  <br>Dates : du lundi 03 au lundi 31 janvier 2022, sauf mes week-ends.<br>Le trafic est interrompu entre Paris Gare du Nord et Pontoise.<br>Un service de bus de remplacement est mis en place, avec desserte des gares intermédiaires.<br><a href=""http://www.transilien.com/sites/transilien/files/sentinelle-20220103-h-pno-pontoise-03j01-1612.pdf"" target="""">Pour plus d'informations, cliquez ici pour télécharger l'affiche PDF.</a><br>Les horaires du calculateur d'itinéraire  tiennent compte des travaux.<br>Motif : travaux.</p>";20211211T091005;Transilien Train Transilien H;bf43fd12-5a59-11ec-b504-005056a47b86;travaux
active;Incidents;30;perturbée;SIGNIFICANT_DELAYS;20221031T221500;20221101T031500;bf43fd12-5a59-11ec-b504-005056a47b86;" / Ligne H : Paris Nord - Pontoise 03/01-16/12 / <p>Période : en soirée  <br>Dates : du lundi 03 au lundi 31 janvier 2022, sauf mes week-ends.<br>Le trafic est interrompu entre Paris Gare du Nord et Pontoise.<br>Un service de bus de remplacement est mis en place, avec desserte des gares intermédiaires.<br><a href=""http://www.transilien.com/sites/transilien/files/sentinelle-20220103-h-pno-pontoise-03j01-1612.pdf"" target="""">Pour plus d'informations, cliquez ici pour télécharger l'affiche PDF.</a><br>Les horaires du calculateur d'itinéraire  tiennent compte des travaux.<br>Motif : travaux.</p>";20211211T091005;Transilien Train Transilien H;bf43fd12-5a59-11ec-b504-005056a47b86;travaux
active;Incidents;30;perturbée;SIGNIFICANT_DELAYS;20221027T221500;20221028T031500;bf43fd12-5a59-11ec-b504-005056a47b86;" / Ligne H : Paris Nord - Pontoise 03/01-16/12 / <p>Période : en soirée  <br>Dates : du lundi 03 au lundi 31 janvier 2022, sauf mes week-ends.<br>Le trafic est interrompu entre Paris Gare du Nord et Pontoise.<br>Un service de bus de remplacement est mis en place, avec desserte des gares intermédiaires.<br><a href=""http://www.transilien.com/sites/transilien/files/sentinelle-20220103-h-pno-pontoise-03j01-1612.pdf"" target="""">Pour plus d'informations, cliquez ici pour télécharger l'affiche PDF.</a><br>Les horaires du calculateur d'itinéraire  tiennent compte des travaux.<br>Motif : travaux.</p>";20211211T091005;Transilien Train Transilien H;bf43fd12-5a59-11ec-b504-005056a47b86;travaux
active;Incidents;30;perturbée;SIGNIFICANT_DELAYS;20221026T221500;20221027T031500;bf43fd12-5a59-11ec-b504-005056a47b86;" / Ligne H : Paris Nord - Pontoise 03/01-16/12 / <p>Période : en soirée  <br>Dates : du lundi 03 au lundi 31 janvier 2022, sauf mes week-ends.<br>Le trafic est interrompu entre Paris Gare du Nord et Pontoise.<br>Un service de bus de remplacement est mis en place, avec desserte des gares intermédiaires.<br><a href=""http://www.transilien.com/sites/transilien/files/sentinelle-20220103-h-pno-pontoise-03j01-1612.pdf"" target="""">Pour plus d'informations, cliquez ici pour télécharger l'affiche PDF.</a><br>Les horaires du calculateur d'itinéraire  tiennent compte des travaux.<br>Motif : travaux.</p>";20211211T091005;Transilien Train Transilien H;bf43fd12-5a59-11ec-b504-005056a47b86;travaux
active;Incidents;30;perturbée;SIGNIFICANT_DELAYS;20221025T221500;20221026T031500;bf43fd12-5a59-11ec-b504-005056a47b86;" / Ligne H : Paris Nord - Pontoise 03/01-16/12 / <p>Période : en soirée  <br>Dates : du lundi 03 au lundi 31 janvier 2022, sauf mes week-ends.<br>Le trafic est interrompu entre Paris Gare du Nord et Pontoise.<br>Un service de bus de remplacement est mis en place, avec desserte des gares intermédiaires.<br><a href=""http://www.transilien.com/sites/transilien/files/sentinelle-20220103-h-pno-pontoise-03j01-1612.pdf"" target="""">Pour plus d'informations, cliquez ici pour télécharger l'affiche PDF.</a><br>Les horaires du calculateur d'itinéraire  tiennent compte des travaux.<br>Motif : travaux.</p>";20211211T091005;Transilien Train Transilien H;bf43fd12-5a59-11ec-b504-005056a47b86;travaux
active;Incidents;30;perturbée;SIGNIFICANT_DELAYS;20221024T221500;20221025T031500;bf43fd12-5a59-11ec-b504-005056a47b86;" / Ligne H : Paris Nord - Pontoise 03/01-16/12 / <p>Période : en soirée  <br>Dates : du lundi 03 au lundi 31 janvier 2022, sauf mes week-ends.<br>Le trafic est interrompu entre Paris Gare du Nord et Pontoise.<br>Un service de bus de remplacement est mis en place, avec desserte des gares intermédiaires.<br><a href=""http://www.transilien.com/sites/transilien/files/sentinelle-20220103-h-pno-pontoise-03j01-1612.pdf"" target="""">Pour plus d'informations, cliquez ici pour télécharger l'affiche PDF.</a><br>Les horaires du calculateur d'itinéraire  tiennent compte des travaux.<br>Motif : travaux.</p>";20211211T091005;Transilien Train Transilien H;bf43fd12-5a59-11ec-b504-005056a47b86;travaux
active;Incidents;30;perturbée;SIGNIFICANT_DELAYS;20221021T221500;20221022T031500;bf43fd12-5a59-11ec-b504-005056a47b86;" / Ligne H : Paris Nord - Pontoise 03/01-16/12 / <p>Période : en soirée  <br>Dates : du lundi 03 au lundi 31 janvier 2022, sauf mes week-ends.<br>Le trafic est interrompu entre Paris Gare du Nord et Pontoise.<br>Un service de bus de remplacement est mis en place, avec desserte des gares intermédiaires.<br><a href=""http://www.transilien.com/sites/transilien/files/sentinelle-20220103-h-pno-pontoise-03j01-1612.pdf"" target="""">Pour plus d'informations, cliquez ici pour télécharger l'affiche PDF.</a><br>Les horaires du calculateur d'itinéraire  tiennent compte des travaux.<br>Motif : travaux.</p>";20211211T091005;Transilien Train Transilien H;bf43fd12-5a59-11ec-b504-005056a47b86;travaux
active;Incidents;30;perturbée;SIGNIFICANT_DELAYS;20221020T221500;20221021T031500;bf43fd12-5a59-11ec-b504-005056a47b86;" / Ligne H : Paris Nord - Pontoise 03/01-16/12 / <p>Période : en soirée  <br>Dates : du lundi 03 au lundi 31 janvier 2022, sauf mes week-ends.<br>Le trafic est interrompu entre Paris Gare du Nord et Pontoise.<br>Un service de bus de remplacement est mis en place, avec desserte des gares intermédiaires.<br><a href=""http://www.transilien.com/sites/transilien/files/sentinelle-20220103-h-pno-pontoise-03j01-1612.pdf"" target="""">Pour plus d'informations, cliquez ici pour télécharger l'affiche PDF.</a><br>Les horaires du calculateur d'itinéraire  tiennent compte des travaux.<br>Motif : travaux.</p>";20211211T091005;Transilien Train Transilien H;bf43fd12-5a59-11ec-b504-005056a47b86;travaux
active;Incidents;30;perturbée;SIGNIFICANT_DELAYS;20221018T221500;20221019T031500;bf43fd12-5a59-11ec-b504-005056a47b86;" / Ligne H : Paris Nord - Pontoise 03/01-16/12 / <p>Période : en soirée  <br>Dates : du lundi 03 au lundi 31 janvier 2022, sauf mes week-ends.<br>Le trafic est interrompu entre Paris Gare du Nord et Pontoise.<br>Un service de bus de remplacement est mis en place, avec desserte des gares intermédiaires.<br><a href=""http://www.transilien.com/sites/transilien/files/sentinelle-20220103-h-pno-pontoise-03j01-1612.pdf"" target="""">Pour plus d'informations, cliquez ici pour télécharger l'affiche PDF.</a><br>Les horaires du calculateur d'itinéraire  tiennent compte des travaux.<br>Motif : travaux.</p>";20211211T091005;Transilien Train Transilien H;bf43fd12-5a59-11ec-b504-005056a47b86;travaux
active;Incidents;30;perturbée;SIGNIFICANT_DELAYS;20221019T221500;20221020T031500;bf43fd12-5a59-11ec-b504-005056a47b86;" / Ligne H : Paris Nord - Pontoise 03/01-16/12 / <p>Période : en soirée  <br>Dates : du lundi 03 au lundi 31 janvier 2022, sauf mes week-ends.<br>Le trafic est interrompu entre Paris Gare du Nord et Pontoise.<br>Un service de bus de remplacement est mis en place, avec desserte des gares intermédiaires.<br><a href=""http://www.transilien.com/sites/transilien/files/sentinelle-20220103-h-pno-pontoise-03j01-1612.pdf"" target="""">Pour plus d'informations, cliquez ici pour télécharger l'affiche PDF.</a><br>Les horaires du calculateur d'itinéraire  tiennent compte des travaux.<br>Motif : travaux.</p>";20211211T091005;Transilien Train Transilien H;bf43fd12-5a59-11ec-b504-005056a47b86;travaux
active;Incidents;30;perturbée;SIGNIFICANT_DELAYS;20221017T221500;20221018T031500;bf43fd12-5a59-11ec-b504-005056a47b86;" / Ligne H : Paris Nord - Pontoise 03/01-16/12 / <p>Période : en soirée  <br>Dates : du lundi 03 au lundi 31 janvier 2022, sauf mes week-ends.<br>Le trafic est interrompu entre Paris Gare du Nord et Pontoise.<br>Un service de bus de remplacement est mis en place, avec desserte des gares intermédiaires.<br><a href=""http://www.transilien.com/sites/transilien/files/sentinelle-20220103-h-pno-pontoise-03j01-1612.pdf"" target="""">Pour plus d'informations, cliquez ici pour télécharger l'affiche PDF.</a><br>Les horaires du calculateur d'itinéraire  tiennent compte des travaux.<br>Motif : travaux.</p>";20211211T091005;Transilien Train Transilien H;bf43fd12-5a59-11ec-b504-005056a47b86;travaux
active;Incidents;30;perturbée;SIGNIFICANT_DELAYS;20221014T221500;20221015T031500;bf43fd12-5a59-11ec-b504-005056a47b86;" / Ligne H : Paris Nord - Pontoise 03/01-16/12 / <p>Période : en soirée  <br>Dates : du lundi 03 au lundi 31 janvier 2022, sauf mes week-ends.<br>Le trafic est interrompu entre Paris Gare du Nord et Pontoise.<br>Un service de bus de remplacement est mis en place, avec desserte des gares intermédiaires.<br><a href=""http://www.transilien.com/sites/transilien/files/sentinelle-20220103-h-pno-pontoise-03j01-1612.pdf"" target="""">Pour plus d'informations, cliquez ici pour télécharger l'affiche PDF.</a><br>Les horaires du calculateur d'itinéraire  tiennent compte des travaux.<br>Motif : travaux.</p>";20211211T091005;Transilien Train Transilien H;bf43fd12-5a59-11ec-b504-005056a47b86;travaux
active;Incidents;30;perturbée;SIGNIFICANT_DELAYS;20221013T221500;20221014T031500;bf43fd12-5a59-11ec-b504-005056a47b86;" / Ligne H : Paris Nord - Pontoise 03/01-16/12 / <p>Période : en soirée  <br>Dates : du lundi 03 au lundi 31 janvier 2022, sauf mes week-ends.<br>Le trafic est interrompu entre Paris Gare du Nord et Pontoise.<br>Un service de bus de remplacement est mis en place, avec desserte des gares intermédiaires.<br><a href=""http://www.transilien.com/sites/transilien/files/sentinelle-20220103-h-pno-pontoise-03j01-1612.pdf"" target="""">Pour plus d'informations, cliquez ici pour télécharger l'affiche PDF.</a><br>Les horaires du calculateur d'itinéraire  tiennent compte des travaux.<br>Motif : travaux.</p>";20211211T091005;Transilien Train Transilien H;bf43fd12-5a59-11ec-b504-005056a47b86;travaux
active;Incidents;30;perturbée;SIGNIFICANT_DELAYS;20221012T221500;20221013T031500;bf43fd12-5a59-11ec-b504-005056a47b86;" / Ligne H : Paris Nord - Pontoise 03/01-16/12 / <p>Période : en soirée  <br>Dates : du lundi 03 au lundi 31 janvier 2022, sauf mes week-ends.<br>Le trafic est interrompu entre Paris Gare du Nord et Pontoise.<br>Un service de bus de remplacement est mis en place, avec desserte des gares intermédiaires.<br><a href=""http://www.transilien.com/sites/transilien/files/sentinelle-20220103-h-pno-pontoise-03j01-1612.pdf"" target="""">Pour plus d'informations, cliquez ici pour télécharger l'affiche PDF.</a><br>Les horaires du calculateur d'itinéraire  tiennent compte des travaux.<br>Motif : travaux.</p>";20211211T091005;Transilien Train Transilien H;bf43fd12-5a59-11ec-b504-005056a47b86;travaux
active;Incidents;30;perturbée;SIGNIFICANT_DELAYS;20221011T221500;20221012T031500;bf43fd12-5a59-11ec-b504-005056a47b86;" / Ligne H : Paris Nord - Pontoise 03/01-16/12 / <p>Période : en soirée  <br>Dates : du lundi 03 au lundi 31 janvier 2022, sauf mes week-ends.<br>Le trafic est interrompu entre Paris Gare du Nord et Pontoise.<br>Un service de bus de remplacement est mis en place, avec desserte des gares intermédiaires.<br><a href=""http://www.transilien.com/sites/transilien/files/sentinelle-20220103-h-pno-pontoise-03j01-1612.pdf"" target="""">Pour plus d'informations, cliquez ici pour télécharger l'affiche PDF.</a><br>Les horaires du calculateur d'itinéraire  tiennent compte des travaux.<br>Motif : travaux.</p>";20211211T091005;Transilien Train Transilien H;bf43fd12-5a59-11ec-b504-005056a47b86;travaux
active;Incidents;30;perturbée;SIGNIFICANT_DELAYS;20221010T221500;20221011T031500;bf43fd12-5a59-11ec-b504-005056a47b86;" / Ligne H : Paris Nord - Pontoise 03/01-16/12 / <p>Période : en soirée  <br>Dates : du lundi 03 au lundi 31 janvier 2022, sauf mes week-ends.<br>Le trafic est interrompu entre Paris Gare du Nord et Pontoise.<br>Un service de bus de remplacement est mis en place, avec desserte des gares intermédiaires.<br><a href=""http://www.transilien.com/sites/transilien/files/sentinelle-20220103-h-pno-pontoise-03j01-1612.pdf"" target="""">Pour plus d'informations, cliquez ici pour télécharger l'affiche PDF.</a><br>Les horaires du calculateur d'itinéraire  tiennent compte des travaux.<br>Motif : travaux.</p>";20211211T091005;Transilien Train Transilien H;bf43fd12-5a59-11ec-b504-005056a47b86;travaux
active;Incidents;30;perturbée;SIGNIFICANT_DELAYS;20221006T221500;20221007T031500;bf43fd12-5a59-11ec-b504-005056a47b86;" / Ligne H : Paris Nord - Pontoise 03/01-16/12 / <p>Période : en soirée  <br>Dates : du lundi 03 au lundi 31 janvier 2022, sauf mes week-ends.<br>Le trafic est interrompu entre Paris Gare du Nord et Pontoise.<br>Un service de bus de remplacement est mis en place, avec desserte des gares intermédiaires.<br><a href=""http://www.transilien.com/sites/transilien/files/sentinelle-20220103-h-pno-pontoise-03j01-1612.pdf"" target="""">Pour plus d'informations, cliquez ici pour télécharger l'affiche PDF.</a><br>Les horaires du calculateur d'itinéraire  tiennent compte des travaux.<br>Motif : travaux.</p>";20211211T091005;Transilien Train Transilien H;bf43fd12-5a59-11ec-b504-005056a47b86;travaux
active;Incidents;30;perturbée;SIGNIFICANT_DELAYS;20221007T221500;20221008T031500;bf43fd12-5a59-11ec-b504-005056a47b86;" / Ligne H : Paris Nord - Pontoise 03/01-16/12 / <p>Période : en soirée  <br>Dates : du lundi 03 au lundi 31 janvier 2022, sauf mes week-ends.<br>Le trafic est interrompu entre Paris Gare du Nord et Pontoise.<br>Un service de bus de remplacement est mis en place, avec desserte des gares intermédiaires.<br><a href=""http://www.transilien.com/sites/transilien/files/sentinelle-20220103-h-pno-pontoise-03j01-1612.pdf"" target="""">Pour plus d'informations, cliquez ici pour télécharger l'affiche PDF.</a><br>Les horaires du calculateur d'itinéraire  tiennent compte des travaux.<br>Motif : travaux.</p>";20211211T091005;Transilien Train Transilien H;bf43fd12-5a59-11ec-b504-005056a47b86;travaux
active;Incidents;30;perturbée;SIGNIFICANT_DELAYS;20221005T221500;20221006T031500;bf43fd12-5a59-11ec-b504-005056a47b86;" / Ligne H : Paris Nord - Pontoise 03/01-16/12 / <p>Période : en soirée  <br>Dates : du lundi 03 au lundi 31 janvier 2022, sauf mes week-ends.<br>Le trafic est interrompu entre Paris Gare du Nord et Pontoise.<br>Un service de bus de remplacement est mis en place, avec desserte des gares intermédiaires.<br><a href=""http://www.transilien.com/sites/transilien/files/sentinelle-20220103-h-pno-pontoise-03j01-1612.pdf"" target="""">Pour plus d'informations, cliquez ici pour télécharger l'affiche PDF.</a><br>Les horaires du calculateur d'itinéraire  tiennent compte des travaux.<br>Motif : travaux.</p>";20211211T091005;Transilien Train Transilien H;bf43fd12-5a59-11ec-b504-005056a47b86;travaux
active;Incidents;30;perturbée;SIGNIFICANT_DELAYS;20221004T221500;20221005T031500;bf43fd12-5a59-11ec-b504-005056a47b86;" / Ligne H : Paris Nord - Pontoise 03/01-16/12 / <p>Période : en soirée  <br>Dates : du lundi 03 au lundi 31 janvier 2022, sauf mes week-ends.<br>Le trafic est interrompu entre Paris Gare du Nord et Pontoise.<br>Un service de bus de remplacement est mis en place, avec desserte des gares intermédiaires.<br><a href=""http://www.transilien.com/sites/transilien/files/sentinelle-20220103-h-pno-pontoise-03j01-1612.pdf"" target="""">Pour plus d'informations, cliquez ici pour télécharger l'affiche PDF.</a><br>Les horaires du calculateur d'itinéraire  tiennent compte des travaux.<br>Motif : travaux.</p>";20211211T091005;Transilien Train Transilien H;bf43fd12-5a59-11ec-b504-005056a47b86;travaux
active;Incidents;30;perturbée;SIGNIFICANT_DELAYS;20221003T221500;20221004T031500;bf43fd12-5a59-11ec-b504-005056a47b86;" / Ligne H : Paris Nord - Pontoise 03/01-16/12 / <p>Période : en soirée  <br>Dates : du lundi 03 au lundi 31 janvier 2022, sauf mes week-ends.<br>Le trafic est interrompu entre Paris Gare du Nord et Pontoise.<br>Un service de bus de remplacement est mis en place, avec desserte des gares intermédiaires.<br><a href=""http://www.transilien.com/sites/transilien/files/sentinelle-20220103-h-pno-pontoise-03j01-1612.pdf"" target="""">Pour plus d'informations, cliquez ici pour télécharger l'affiche PDF.</a><br>Les horaires du calculateur d'itinéraire  tiennent compte des travaux.<br>Motif : travaux.</p>";20211211T091005;Transilien Train Transilien H;bf43fd12-5a59-11ec-b504-005056a47b86;travaux
active;Incidents;30;perturbée;SIGNIFICANT_DELAYS;20220930T221500;20221001T031500;bf43fd12-5a59-11ec-b504-005056a47b86;" / Ligne H : Paris Nord - Pontoise 03/01-16/12 / <p>Période : en soirée  <br>Dates : du lundi 03 au lundi 31 janvier 2022, sauf mes week-ends.<br>Le trafic est interrompu entre Paris Gare du Nord et Pontoise.<br>Un service de bus de remplacement est mis en place, avec desserte des gares intermédiaires.<br><a href=""http://www.transilien.com/sites/transilien/files/sentinelle-20220103-h-pno-pontoise-03j01-1612.pdf"" target="""">Pour plus d'informations, cliquez ici pour télécharger l'affiche PDF.</a><br>Les horaires du calculateur d'itinéraire  tiennent compte des travaux.<br>Motif : travaux.</p>";20211211T091005;Transilien Train Transilien H;bf43fd12-5a59-11ec-b504-005056a47b86;travaux
active;Incidents;30;perturbée;SIGNIFICANT_DELAYS;20220929T221500;20220930T031500;bf43fd12-5a59-11ec-b504-005056a47b86;" / Ligne H : Paris Nord - Pontoise 03/01-16/12 / <p>Période : en soirée  <br>Dates : du lundi 03 au lundi 31 janvier 2022, sauf mes week-ends.<br>Le trafic est interrompu entre Paris Gare du Nord et Pontoise.<br>Un service de bus de remplacement est mis en place, avec desserte des gares intermédiaires.<br><a href=""http://www.transilien.com/sites/transilien/files/sentinelle-20220103-h-pno-pontoise-03j01-1612.pdf"" target="""">Pour plus d'informations, cliquez ici pour télécharger l'affiche PDF.</a><br>Les horaires du calculateur d'itinéraire  tiennent compte des travaux.<br>Motif : travaux.</p>";20211211T091005;Transilien Train Transilien H;bf43fd12-5a59-11ec-b504-005056a47b86;travaux
active;Incidents;30;perturbée;SIGNIFICANT_DELAYS;20220928T221500;20220929T031500;bf43fd12-5a59-11ec-b504-005056a47b86;" / Ligne H : Paris Nord - Pontoise 03/01-16/12 / <p>Période : en soirée  <br>Dates : du lundi 03 au lundi 31 janvier 2022, sauf mes week-ends.<br>Le trafic est interrompu entre Paris Gare du Nord et Pontoise.<br>Un service de bus de remplacement est mis en place, avec desserte des gares intermédiaires.<br><a href=""http://www.transilien.com/sites/transilien/files/sentinelle-20220103-h-pno-pontoise-03j01-1612.pdf"" target="""">Pour plus d'informations, cliquez ici pour télécharger l'affiche PDF.</a><br>Les horaires du calculateur d'itinéraire  tiennent compte des travaux.<br>Motif : travaux.</p>";20211211T091005;Transilien Train Transilien H;bf43fd12-5a59-11ec-b504-005056a47b86;travaux
active;Incidents;30;perturbée;SIGNIFICANT_DELAYS;20220926T221500;20220927T031500;bf43fd12-5a59-11ec-b504-005056a47b86;" / Ligne H : Paris Nord - Pontoise 03/01-16/12 / <p>Période : en soirée  <br>Dates : du lundi 03 au lundi 31 janvier 2022, sauf mes week-ends.<br>Le trafic est interrompu entre Paris Gare du Nord et Pontoise.<br>Un service de bus de remplacement est mis en place, avec desserte des gares intermédiaires.<br><a href=""http://www.transilien.com/sites/transilien/files/sentinelle-20220103-h-pno-pontoise-03j01-1612.pdf"" target="""">Pour plus d'informations, cliquez ici pour télécharger l'affiche PDF.</a><br>Les horaires du calculateur d'itinéraire  tiennent compte des travaux.<br>Motif : travaux.</p>";20211211T091005;Transilien Train Transilien H;bf43fd12-5a59-11ec-b504-005056a47b86;travaux
active;Incidents;30;perturbée;SIGNIFICANT_DELAYS;20220927T221500;20220928T031500;bf43fd12-5a59-11ec-b504-005056a47b86;" / Ligne H : Paris Nord - Pontoise 03/01-16/12 / <p>Période : en soirée  <br>Dates : du lundi 03 au lundi 31 janvier 2022, sauf mes week-ends.<br>Le trafic est interrompu entre Paris Gare du Nord et Pontoise.<br>Un service de bus de remplacement est mis en place, avec desserte des gares intermédiaires.<br><a href=""http://www.transilien.com/sites/transilien/files/sentinelle-20220103-h-pno-pontoise-03j01-1612.pdf"" target="""">Pour plus d'informations, cliquez ici pour télécharger l'affiche PDF.</a><br>Les horaires du calculateur d'itinéraire  tiennent compte des travaux.<br>Motif : travaux.</p>";20211211T091005;Transilien Train Transilien H;bf43fd12-5a59-11ec-b504-005056a47b86;travaux
active;Incidents;30;perturbée;SIGNIFICANT_DELAYS;20220923T221500;20220924T031500;bf43fd12-5a59-11ec-b504-005056a47b86;" / Ligne H : Paris Nord - Pontoise 03/01-16/12 / <p>Période : en soirée  <br>Dates : du lundi 03 au lundi 31 janvier 2022, sauf mes week-ends.<br>Le trafic est interrompu entre Paris Gare du Nord et Pontoise.<br>Un service de bus de remplacement est mis en place, avec desserte des gares intermédiaires.<br><a href=""http://www.transilien.com/sites/transilien/files/sentinelle-20220103-h-pno-pontoise-03j01-1612.pdf"" target="""">Pour plus d'informations, cliquez ici pour télécharger l'affiche PDF.</a><br>Les horaires du calculateur d'itinéraire  tiennent compte des travaux.<br>Motif : travaux.</p>";20211211T091005;Transilien Train Transilien H;bf43fd12-5a59-11ec-b504-005056a47b86;travaux
active;Incidents;30;perturbée;SIGNIFICANT_DELAYS;20220922T221500;20220923T031500;bf43fd12-5a59-11ec-b504-005056a47b86;" / Ligne H : Paris Nord - Pontoise 03/01-16/12 / <p>Période : en soirée  <br>Dates : du lundi 03 au lundi 31 janvier 2022, sauf mes week-ends.<br>Le trafic est interrompu entre Paris Gare du Nord et Pontoise.<br>Un service de bus de remplacement est mis en place, avec desserte des gares intermédiaires.<br><a href=""http://www.transilien.com/sites/transilien/files/sentinelle-20220103-h-pno-pontoise-03j01-1612.pdf"" target="""">Pour plus d'informations, cliquez ici pour télécharger l'affiche PDF.</a><br>Les horaires du calculateur d'itinéraire  tiennent compte des travaux.<br>Motif : travaux.</p>";20211211T091005;Transilien Train Transilien H;bf43fd12-5a59-11ec-b504-005056a47b86;travaux
active;Incidents;30;perturbée;SIGNIFICANT_DELAYS;20220920T221500;20220921T031500;bf43fd12-5a59-11ec-b504-005056a47b86;" / Ligne H : Paris Nord - Pontoise 03/01-16/12 / <p>Période : en soirée  <br>Dates : du lundi 03 au lundi 31 janvier 2022, sauf mes week-ends.<br>Le trafic est interrompu entre Paris Gare du Nord et Pontoise.<br>Un service de bus de remplacement est mis en place, avec desserte des gares intermédiaires.<br><a href=""http://www.transilien.com/sites/transilien/files/sentinelle-20220103-h-pno-pontoise-03j01-1612.pdf"" target="""">Pour plus d'informations, cliquez ici pour télécharger l'affiche PDF.</a><br>Les horaires du calculateur d'itinéraire  tiennent compte des travaux.<br>Motif : travaux.</p>";20211211T091005;Transilien Train Transilien H;bf43fd12-5a59-11ec-b504-005056a47b86;travaux
active;Incidents;30;perturbée;SIGNIFICANT_DELAYS;20220921T221500;20220922T031500;bf43fd12-5a59-11ec-b504-005056a47b86;" / Ligne H : Paris Nord - Pontoise 03/01-16/12 / <p>Période : en soirée  <br>Dates : du lundi 03 au lundi 31 janvier 2022, sauf mes week-ends.<br>Le trafic est interrompu entre Paris Gare du Nord et Pontoise.<br>Un service de bus de remplacement est mis en place, avec desserte des gares intermédiaires.<br><a href=""http://www.transilien.com/sites/transilien/files/sentinelle-20220103-h-pno-pontoise-03j01-1612.pdf"" target="""">Pour plus d'informations, cliquez ici pour télécharger l'affiche PDF.</a><br>Les horaires du calculateur d'itinéraire  tiennent compte des travaux.<br>Motif : travaux.</p>";20211211T091005;Transilien Train Transilien H;bf43fd12-5a59-11ec-b504-005056a47b86;travaux
active;Incidents;30;perturbée;SIGNIFICANT_DELAYS;20220919T221500;20220920T031500;bf43fd12-5a59-11ec-b504-005056a47b86;" / Ligne H : Paris Nord - Pontoise 03/01-16/12 / <p>Période : en soirée  <br>Dates : du lundi 03 au lundi 31 janvier 2022, sauf mes week-ends.<br>Le trafic est interrompu entre Paris Gare du Nord et Pontoise.<br>Un service de bus de remplacement est mis en place, avec desserte des gares intermédiaires.<br><a href=""http://www.transilien.com/sites/transilien/files/sentinelle-20220103-h-pno-pontoise-03j01-1612.pdf"" target="""">Pour plus d'informations, cliquez ici pour télécharger l'affiche PDF.</a><br>Les horaires du calculateur d'itinéraire  tiennent compte des travaux.<br>Motif : travaux.</p>";20211211T091005;Transilien Train Transilien H;bf43fd12-5a59-11ec-b504-005056a47b86;travaux
active;Incidents;30;perturbée;SIGNIFICANT_DELAYS;20220916T221500;20220917T031500;bf43fd12-5a59-11ec-b504-005056a47b86;" / Ligne H : Paris Nord - Pontoise 03/01-16/12 / <p>Période : en soirée  <br>Dates : du lundi 03 au lundi 31 janvier 2022, sauf mes week-ends.<br>Le trafic est interrompu entre Paris Gare du Nord et Pontoise.<br>Un service de bus de remplacement est mis en place, avec desserte des gares intermédiaires.<br><a href=""http://www.transilien.com/sites/transilien/files/sentinelle-20220103-h-pno-pontoise-03j01-1612.pdf"" target="""">Pour plus d'informations, cliquez ici pour télécharger l'affiche PDF.</a><br>Les horaires du calculateur d'itinéraire  tiennent compte des travaux.<br>Motif : travaux.</p>";20211211T091005;Transilien Train Transilien H;bf43fd12-5a59-11ec-b504-005056a47b86;travaux
active;Incidents;30;perturbée;SIGNIFICANT_DELAYS;20220914T221500;20220915T031500;bf43fd12-5a59-11ec-b504-005056a47b86;" / Ligne H : Paris Nord - Pontoise 03/01-16/12 / <p>Période : en soirée  <br>Dates : du lundi 03 au lundi 31 janvier 2022, sauf mes week-ends.<br>Le trafic est interrompu entre Paris Gare du Nord et Pontoise.<br>Un service de bus de remplacement est mis en place, avec desserte des gares intermédiaires.<br><a href=""http://www.transilien.com/sites/transilien/files/sentinelle-20220103-h-pno-pontoise-03j01-1612.pdf"" target="""">Pour plus d'informations, cliquez ici pour télécharger l'affiche PDF.</a><br>Les horaires du calculateur d'itinéraire  tiennent compte des travaux.<br>Motif : travaux.</p>";20211211T091005;Transilien Train Transilien H;bf43fd12-5a59-11ec-b504-005056a47b86;travaux
active;Incidents;30;perturbée;SIGNIFICANT_DELAYS;20220915T221500;20220916T031500;bf43fd12-5a59-11ec-b504-005056a47b86;" / Ligne H : Paris Nord - Pontoise 03/01-16/12 / <p>Période : en soirée  <br>Dates : du lundi 03 au lundi 31 janvier 2022, sauf mes week-ends.<br>Le trafic est interrompu entre Paris Gare du Nord et Pontoise.<br>Un service de bus de remplacement est mis en place, avec desserte des gares intermédiaires.<br><a href=""http://www.transilien.com/sites/transilien/files/sentinelle-20220103-h-pno-pontoise-03j01-1612.pdf"" target="""">Pour plus d'informations, cliquez ici pour télécharger l'affiche PDF.</a><br>Les horaires du calculateur d'itinéraire  tiennent compte des travaux.<br>Motif : travaux.</p>";20211211T091005;Transilien Train Transilien H;bf43fd12-5a59-11ec-b504-005056a47b86;travaux
active;Incidents;30;perturbée;SIGNIFICANT_DELAYS;20220913T221500;20220914T031500;bf43fd12-5a59-11ec-b504-005056a47b86;" / Ligne H : Paris Nord - Pontoise 03/01-16/12 / <p>Période : en soirée  <br>Dates : du lundi 03 au lundi 31 janvier 2022, sauf mes week-ends.<br>Le trafic est interrompu entre Paris Gare du Nord et Pontoise.<br>Un service de bus de remplacement est mis en place, avec desserte des gares intermédiaires.<br><a href=""http://www.transilien.com/sites/transilien/files/sentinelle-20220103-h-pno-pontoise-03j01-1612.pdf"" target="""">Pour plus d'informations, cliquez ici pour télécharger l'affiche PDF.</a><br>Les horaires du calculateur d'itinéraire  tiennent compte des travaux.<br>Motif : travaux.</p>";20211211T091005;Transilien Train Transilien H;bf43fd12-5a59-11ec-b504-005056a47b86;travaux
active;Incidents;30;perturbée;SIGNIFICANT_DELAYS;20220912T221500;20220913T031500;bf43fd12-5a59-11ec-b504-005056a47b86;" / Ligne H : Paris Nord - Pontoise 03/01-16/12 / <p>Période : en soirée  <br>Dates : du lundi 03 au lundi 31 janvier 2022, sauf mes week-ends.<br>Le trafic est interrompu entre Paris Gare du Nord et Pontoise.<br>Un service de bus de remplacement est mis en place, avec desserte des gares intermédiaires.<br><a href=""http://www.transilien.com/sites/transilien/files/sentinelle-20220103-h-pno-pontoise-03j01-1612.pdf"" target="""">Pour plus d'informations, cliquez ici pour télécharger l'affiche PDF.</a><br>Les horaires du calculateur d'itinéraire  tiennent compte des travaux.<br>Motif : travaux.</p>";20211211T091005;Transilien Train Transilien H;bf43fd12-5a59-11ec-b504-005056a47b86;travaux
active;Incidents;30;perturbée;SIGNIFICANT_DELAYS;20220908T221500;20220909T031500;bf43fd12-5a59-11ec-b504-005056a47b86;" / Ligne H : Paris Nord - Pontoise 03/01-16/12 / <p>Période : en soirée  <br>Dates : du lundi 03 au lundi 31 janvier 2022, sauf mes week-ends.<br>Le trafic est interrompu entre Paris Gare du Nord et Pontoise.<br>Un service de bus de remplacement est mis en place, avec desserte des gares intermédiaires.<br><a href=""http://www.transilien.com/sites/transilien/files/sentinelle-20220103-h-pno-pontoise-03j01-1612.pdf"" target="""">Pour plus d'informations, cliquez ici pour télécharger l'affiche PDF.</a><br>Les horaires du calculateur d'itinéraire  tiennent compte des travaux.<br>Motif : travaux.</p>";20211211T091005;Transilien Train Transilien H;bf43fd12-5a59-11ec-b504-005056a47b86;travaux
active;Incidents;30;perturbée;SIGNIFICANT_DELAYS;20220909T221500;20220910T031500;bf43fd12-5a59-11ec-b504-005056a47b86;" / Ligne H : Paris Nord - Pontoise 03/01-16/12 / <p>Période : en soirée  <br>Dates : du lundi 03 au lundi 31 janvier 2022, sauf mes week-ends.<br>Le trafic est interrompu entre Paris Gare du Nord et Pontoise.<br>Un service de bus de remplacement est mis en place, avec desserte des gares intermédiaires.<br><a href=""http://www.transilien.com/sites/transilien/files/sentinelle-20220103-h-pno-pontoise-03j01-1612.pdf"" target="""">Pour plus d'informations, cliquez ici pour télécharger l'affiche PDF.</a><br>Les horaires du calculateur d'itinéraire  tiennent compte des travaux.<br>Motif : travaux.</p>";20211211T091005;Transilien Train Transilien H;bf43fd12-5a59-11ec-b504-005056a47b86;travaux
active;Incidents;30;perturbée;SIGNIFICANT_DELAYS;20220907T221500;20220908T031500;bf43fd12-5a59-11ec-b504-005056a47b86;" / Ligne H : Paris Nord - Pontoise 03/01-16/12 / <p>Période : en soirée  <br>Dates : du lundi 03 au lundi 31 janvier 2022, sauf mes week-ends.<br>Le trafic est interrompu entre Paris Gare du Nord et Pontoise.<br>Un service de bus de remplacement est mis en place, avec desserte des gares intermédiaires.<br><a href=""http://www.transilien.com/sites/transilien/files/sentinelle-20220103-h-pno-pontoise-03j01-1612.pdf"" target="""">Pour plus d'informations, cliquez ici pour télécharger l'affiche PDF.</a><br>Les horaires du calculateur d'itinéraire  tiennent compte des travaux.<br>Motif : travaux.</p>";20211211T091005;Transilien Train Transilien H;bf43fd12-5a59-11ec-b504-005056a47b86;travaux
active;Incidents;30;perturbée;SIGNIFICANT_DELAYS;20220906T221500;20220907T031500;bf43fd12-5a59-11ec-b504-005056a47b86;" / Ligne H : Paris Nord - Pontoise 03/01-16/12 / <p>Période : en soirée  <br>Dates : du lundi 03 au lundi 31 janvier 2022, sauf mes week-ends.<br>Le trafic est interrompu entre Paris Gare du Nord et Pontoise.<br>Un service de bus de remplacement est mis en place, avec desserte des gares intermédiaires.<br><a href=""http://www.transilien.com/sites/transilien/files/sentinelle-20220103-h-pno-pontoise-03j01-1612.pdf"" target="""">Pour plus d'informations, cliquez ici pour télécharger l'affiche PDF.</a><br>Les horaires du calculateur d'itinéraire  tiennent compte des travaux.<br>Motif : travaux.</p>";20211211T091005;Transilien Train Transilien H;bf43fd12-5a59-11ec-b504-005056a47b86;travaux
active;Incidents;30;perturbée;SIGNIFICANT_DELAYS;20220905T221500;20220906T031500;bf43fd12-5a59-11ec-b504-005056a47b86;" / Ligne H : Paris Nord - Pontoise 03/01-16/12 / <p>Période : en soirée  <br>Dates : du lundi 03 au lundi 31 janvier 2022, sauf mes week-ends.<br>Le trafic est interrompu entre Paris Gare du Nord et Pontoise.<br>Un service de bus de remplacement est mis en place, avec desserte des gares intermédiaires.<br><a href=""http://www.transilien.com/sites/transilien/files/sentinelle-20220103-h-pno-pontoise-03j01-1612.pdf"" target="""">Pour plus d'informations, cliquez ici pour télécharger l'affiche PDF.</a><br>Les horaires du calculateur d'itinéraire  tiennent compte des travaux.<br>Motif : travaux.</p>";20211211T091005;Transilien Train Transilien H;bf43fd12-5a59-11ec-b504-005056a47b86;travaux
active;Incidents;30;perturbée;SIGNIFICANT_DELAYS;20220902T221500;20220903T031500;bf43fd12-5a59-11ec-b504-005056a47b86;" / Ligne H : Paris Nord - Pontoise 03/01-16/12 / <p>Période : en soirée  <br>Dates : du lundi 03 au lundi 31 janvier 2022, sauf mes week-ends.<br>Le trafic est interrompu entre Paris Gare du Nord et Pontoise.<br>Un service de bus de remplacement est mis en place, avec desserte des gares intermédiaires.<br><a href=""http://www.transilien.com/sites/transilien/files/sentinelle-20220103-h-pno-pontoise-03j01-1612.pdf"" target="""">Pour plus d'informations, cliquez ici pour télécharger l'affiche PDF.</a><br>Les horaires du calculateur d'itinéraire  tiennent compte des travaux.<br>Motif : travaux.</p>";20211211T091005;Transilien Train Transilien H;bf43fd12-5a59-11ec-b504-005056a47b86;travaux
active;Incidents;30;perturbée;SIGNIFICANT_DELAYS;20220901T221500;20220902T031500;bf43fd12-5a59-11ec-b504-005056a47b86;" / Ligne H : Paris Nord - Pontoise 03/01-16/12 / <p>Période : en soirée  <br>Dates : du lundi 03 au lundi 31 janvier 2022, sauf mes week-ends.<br>Le trafic est interrompu entre Paris Gare du Nord et Pontoise.<br>Un service de bus de remplacement est mis en place, avec desserte des gares intermédiaires.<br><a href=""http://www.transilien.com/sites/transilien/files/sentinelle-20220103-h-pno-pontoise-03j01-1612.pdf"" target="""">Pour plus d'informations, cliquez ici pour télécharger l'affiche PDF.</a><br>Les horaires du calculateur d'itinéraire  tiennent compte des travaux.<br>Motif : travaux.</p>";20211211T091005;Transilien Train Transilien H;bf43fd12-5a59-11ec-b504-005056a47b86;travaux
active;Incidents;30;perturbée;SIGNIFICANT_DELAYS;20220831T221500;20220901T031500;bf43fd12-5a59-11ec-b504-005056a47b86;" / Ligne H : Paris Nord - Pontoise 03/01-16/12 / <p>Période : en soirée  <br>Dates : du lundi 03 au lundi 31 janvier 2022, sauf mes week-ends.<br>Le trafic est interrompu entre Paris Gare du Nord et Pontoise.<br>Un service de bus de remplacement est mis en place, avec desserte des gares intermédiaires.<br><a href=""http://www.transilien.com/sites/transilien/files/sentinelle-20220103-h-pno-pontoise-03j01-1612.pdf"" target="""">Pour plus d'informations, cliquez ici pour télécharger l'affiche PDF.</a><br>Les horaires du calculateur d'itinéraire  tiennent compte des travaux.<br>Motif : travaux.</p>";20211211T091005;Transilien Train Transilien H;bf43fd12-5a59-11ec-b504-005056a47b86;travaux
active;Incidents;30;perturbée;SIGNIFICANT_DELAYS;20220830T221500;20220831T031500;bf43fd12-5a59-11ec-b504-005056a47b86;" / Ligne H : Paris Nord - Pontoise 03/01-16/12 / <p>Période : en soirée  <br>Dates : du lundi 03 au lundi 31 janvier 2022, sauf mes week-ends.<br>Le trafic est interrompu entre Paris Gare du Nord et Pontoise.<br>Un service de bus de remplacement est mis en place, avec desserte des gares intermédiaires.<br><a href=""http://www.transilien.com/sites/transilien/files/sentinelle-20220103-h-pno-pontoise-03j01-1612.pdf"" target="""">Pour plus d'informations, cliquez ici pour télécharger l'affiche PDF.</a><br>Les horaires du calculateur d'itinéraire  tiennent compte des travaux.<br>Motif : travaux.</p>";20211211T091005;Transilien Train Transilien H;bf43fd12-5a59-11ec-b504-005056a47b86;travaux
active;Incidents;30;perturbée;SIGNIFICANT_DELAYS;20220829T221500;20220830T031500;bf43fd12-5a59-11ec-b504-005056a47b86;" / Ligne H : Paris Nord - Pontoise 03/01-16/12 / <p>Période : en soirée  <br>Dates : du lundi 03 au lundi 31 janvier 2022, sauf mes week-ends.<br>Le trafic est interrompu entre Paris Gare du Nord et Pontoise.<br>Un service de bus de remplacement est mis en place, avec desserte des gares intermédiaires.<br><a href=""http://www.transilien.com/sites/transilien/files/sentinelle-20220103-h-pno-pontoise-03j01-1612.pdf"" target="""">Pour plus d'informations, cliquez ici pour télécharger l'affiche PDF.</a><br>Les horaires du calculateur d'itinéraire  tiennent compte des travaux.<br>Motif : travaux.</p>";20211211T091005;Transilien Train Transilien H;bf43fd12-5a59-11ec-b504-005056a47b86;travaux
active;Incidents;30;perturbée;SIGNIFICANT_DELAYS;20220826T221500;20220827T031500;bf43fd12-5a59-11ec-b504-005056a47b86;" / Ligne H : Paris Nord - Pontoise 03/01-16/12 / <p>Période : en soirée  <br>Dates : du lundi 03 au lundi 31 janvier 2022, sauf mes week-ends.<br>Le trafic est interrompu entre Paris Gare du Nord et Pontoise.<br>Un service de bus de remplacement est mis en place, avec desserte des gares intermédiaires.<br><a href=""http://www.transilien.com/sites/transilien/files/sentinelle-20220103-h-pno-pontoise-03j01-1612.pdf"" target="""">Pour plus d'informations, cliquez ici pour télécharger l'affiche PDF.</a><br>Les horaires du calculateur d'itinéraire  tiennent compte des travaux.<br>Motif : travaux.</p>";20211211T091005;Transilien Train Transilien H;bf43fd12-5a59-11ec-b504-005056a47b86;travaux
active;Incidents;30;perturbée;SIGNIFICANT_DELAYS;20220825T221500;20220826T031500;bf43fd12-5a59-11ec-b504-005056a47b86;" / Ligne H : Paris Nord - Pontoise 03/01-16/12 / <p>Période : en soirée  <br>Dates : du lundi 03 au lundi 31 janvier 2022, sauf mes week-ends.<br>Le trafic est interrompu entre Paris Gare du Nord et Pontoise.<br>Un service de bus de remplacement est mis en place, avec desserte des gares intermédiaires.<br><a href=""http://www.transilien.com/sites/transilien/files/sentinelle-20220103-h-pno-pontoise-03j01-1612.pdf"" target="""">Pour plus d'informations, cliquez ici pour télécharger l'affiche PDF.</a><br>Les horaires du calculateur d'itinéraire  tiennent compte des travaux.<br>Motif : travaux.</p>";20211211T091005;Transilien Train Transilien H;bf43fd12-5a59-11ec-b504-005056a47b86;travaux
active;Incidents;30;perturbée;SIGNIFICANT_DELAYS;20220824T221500;20220825T031500;bf43fd12-5a59-11ec-b504-005056a47b86;" / Ligne H : Paris Nord - Pontoise 03/01-16/12 / <p>Période : en soirée  <br>Dates : du lundi 03 au lundi 31 janvier 2022, sauf mes week-ends.<br>Le trafic est interrompu entre Paris Gare du Nord et Pontoise.<br>Un service de bus de remplacement est mis en place, avec desserte des gares intermédiaires.<br><a href=""http://www.transilien.com/sites/transilien/files/sentinelle-20220103-h-pno-pontoise-03j01-1612.pdf"" target="""">Pour plus d'informations, cliquez ici pour télécharger l'affiche PDF.</a><br>Les horaires du calculateur d'itinéraire  tiennent compte des travaux.<br>Motif : travaux.</p>";20211211T091005;Transilien Train Transilien H;bf43fd12-5a59-11ec-b504-005056a47b86;travaux
active;Incidents;30;perturbée;SIGNIFICANT_DELAYS;20220823T221500;20220824T031500;bf43fd12-5a59-11ec-b504-005056a47b86;" / Ligne H : Paris Nord - Pontoise 03/01-16/12 / <p>Période : en soirée  <br>Dates : du lundi 03 au lundi 31 janvier 2022, sauf mes week-ends.<br>Le trafic est interrompu entre Paris Gare du Nord et Pontoise.<br>Un service de bus de remplacement est mis en place, avec desserte des gares intermédiaires.<br><a href=""http://www.transilien.com/sites/transilien/files/sentinelle-20220103-h-pno-pontoise-03j01-1612.pdf"" target="""">Pour plus d'informations, cliquez ici pour télécharger l'affiche PDF.</a><br>Les horaires du calculateur d'itinéraire  tiennent compte des travaux.<br>Motif : travaux.</p>";20211211T091005;Transilien Train Transilien H;bf43fd12-5a59-11ec-b504-005056a47b86;travaux
active;Incidents;30;perturbée;SIGNIFICANT_DELAYS;20220822T221500;20220823T031500;bf43fd12-5a59-11ec-b504-005056a47b86;" / Ligne H : Paris Nord - Pontoise 03/01-16/12 / <p>Période : en soirée  <br>Dates : du lundi 03 au lundi 31 janvier 2022, sauf mes week-ends.<br>Le trafic est interrompu entre Paris Gare du Nord et Pontoise.<br>Un service de bus de remplacement est mis en place, avec desserte des gares intermédiaires.<br><a href=""http://www.transilien.com/sites/transilien/files/sentinelle-20220103-h-pno-pontoise-03j01-1612.pdf"" target="""">Pour plus d'informations, cliquez ici pour télécharger l'affiche PDF.</a><br>Les horaires du calculateur d'itinéraire  tiennent compte des travaux.<br>Motif : travaux.</p>";20211211T091005;Transilien Train Transilien H;bf43fd12-5a59-11ec-b504-005056a47b86;travaux
active;Incidents;30;perturbée;SIGNIFICANT_DELAYS;20220819T221500;20220820T031500;bf43fd12-5a59-11ec-b504-005056a47b86;" / Ligne H : Paris Nord - Pontoise 03/01-16/12 / <p>Période : en soirée  <br>Dates : du lundi 03 au lundi 31 janvier 2022, sauf mes week-ends.<br>Le trafic est interrompu entre Paris Gare du Nord et Pontoise.<br>Un service de bus de remplacement est mis en place, avec desserte des gares intermédiaires.<br><a href=""http://www.transilien.com/sites/transilien/files/sentinelle-20220103-h-pno-pontoise-03j01-1612.pdf"" target="""">Pour plus d'informations, cliquez ici pour télécharger l'affiche PDF.</a><br>Les horaires du calculateur d'itinéraire  tiennent compte des travaux.<br>Motif : travaux.</p>";20211211T091005;Transilien Train Transilien H;bf43fd12-5a59-11ec-b504-005056a47b86;travaux
active;Incidents;30;perturbée;SIGNIFICANT_DELAYS;20220818T221500;20220819T031500;bf43fd12-5a59-11ec-b504-005056a47b86;" / Ligne H : Paris Nord - Pontoise 03/01-16/12 / <p>Période : en soirée  <br>Dates : du lundi 03 au lundi 31 janvier 2022, sauf mes week-ends.<br>Le trafic est interrompu entre Paris Gare du Nord et Pontoise.<br>Un service de bus de remplacement est mis en place, avec desserte des gares intermédiaires.<br><a href=""http://www.transilien.com/sites/transilien/files/sentinelle-20220103-h-pno-pontoise-03j01-1612.pdf"" target="""">Pour plus d'informations, cliquez ici pour télécharger l'affiche PDF.</a><br>Les horaires du calculateur d'itinéraire  tiennent compte des travaux.<br>Motif : travaux.</p>";20211211T091005;Transilien Train Transilien H;bf43fd12-5a59-11ec-b504-005056a47b86;travaux
active;Incidents;30;perturbée;SIGNIFICANT_DELAYS;20220817T221500;20220818T031500;bf43fd12-5a59-11ec-b504-005056a47b86;" / Ligne H : Paris Nord - Pontoise 03/01-16/12 / <p>Période : en soirée  <br>Dates : du lundi 03 au lundi 31 janvier 2022, sauf mes week-ends.<br>Le trafic est interrompu entre Paris Gare du Nord et Pontoise.<br>Un service de bus de remplacement est mis en place, avec desserte des gares intermédiaires.<br><a href=""http://www.transilien.com/sites/transilien/files/sentinelle-20220103-h-pno-pontoise-03j01-1612.pdf"" target="""">Pour plus d'informations, cliquez ici pour télécharger l'affiche PDF.</a><br>Les horaires du calculateur d'itinéraire  tiennent compte des travaux.<br>Motif : travaux.</p>";20211211T091005;Transilien Train Transilien H;bf43fd12-5a59-11ec-b504-005056a47b86;travaux
active;Incidents;30;perturbée;SIGNIFICANT_DELAYS;20220816T221500;20220817T031500;bf43fd12-5a59-11ec-b504-005056a47b86;" / Ligne H : Paris Nord - Pontoise 03/01-16/12 / <p>Période : en soirée  <br>Dates : du lundi 03 au lundi 31 janvier 2022, sauf mes week-ends.<br>Le trafic est interrompu entre Paris Gare du Nord et Pontoise.<br>Un service de bus de remplacement est mis en place, avec desserte des gares intermédiaires.<br><a href=""http://www.transilien.com/sites/transilien/files/sentinelle-20220103-h-pno-pontoise-03j01-1612.pdf"" target="""">Pour plus d'informations, cliquez ici pour télécharger l'affiche PDF.</a><br>Les horaires du calculateur d'itinéraire  tiennent compte des travaux.<br>Motif : travaux.</p>";20211211T091005;Transilien Train Transilien H;bf43fd12-5a59-11ec-b504-005056a47b86;travaux
active;Incidents;30;perturbée;SIGNIFICANT_DELAYS;20220815T221500;20220816T031500;bf43fd12-5a59-11ec-b504-005056a47b86;" / Ligne H : Paris Nord - Pontoise 03/01-16/12 / <p>Période : en soirée  <br>Dates : du lundi 03 au lundi 31 janvier 2022, sauf mes week-ends.<br>Le trafic est interrompu entre Paris Gare du Nord et Pontoise.<br>Un service de bus de remplacement est mis en place, avec desserte des gares intermédiaires.<br><a href=""http://www.transilien.com/sites/transilien/files/sentinelle-20220103-h-pno-pontoise-03j01-1612.pdf"" target="""">Pour plus d'informations, cliquez ici pour télécharger l'affiche PDF.</a><br>Les horaires du calculateur d'itinéraire  tiennent compte des travaux.<br>Motif : travaux.</p>";20211211T091005;Transilien Train Transilien H;bf43fd12-5a59-11ec-b504-005056a47b86;travaux
active;Incidents;30;perturbée;SIGNIFICANT_DELAYS;20220812T221500;20220813T031500;bf43fd12-5a59-11ec-b504-005056a47b86;" / Ligne H : Paris Nord - Pontoise 03/01-16/12 / <p>Période : en soirée  <br>Dates : du lundi 03 au lundi 31 janvier 2022, sauf mes week-ends.<br>Le trafic est interrompu entre Paris Gare du Nord et Pontoise.<br>Un service de bus de remplacement est mis en place, avec desserte des gares intermédiaires.<br><a href=""http://www.transilien.com/sites/transilien/files/sentinelle-20220103-h-pno-pontoise-03j01-1612.pdf"" target="""">Pour plus d'informations, cliquez ici pour télécharger l'affiche PDF.</a><br>Les horaires du calculateur d'itinéraire  tiennent compte des travaux.<br>Motif : travaux.</p>";20211211T091005;Transilien Train Transilien H;bf43fd12-5a59-11ec-b504-005056a47b86;travaux
active;Incidents;30;perturbée;SIGNIFICANT_DELAYS;20220811T221500;20220812T031500;bf43fd12-5a59-11ec-b504-005056a47b86;" / Ligne H : Paris Nord - Pontoise 03/01-16/12 / <p>Période : en soirée  <br>Dates : du lundi 03 au lundi 31 janvier 2022, sauf mes week-ends.<br>Le trafic est interrompu entre Paris Gare du Nord et Pontoise.<br>Un service de bus de remplacement est mis en place, avec desserte des gares intermédiaires.<br><a href=""http://www.transilien.com/sites/transilien/files/sentinelle-20220103-h-pno-pontoise-03j01-1612.pdf"" target="""">Pour plus d'informations, cliquez ici pour télécharger l'affiche PDF.</a><br>Les horaires du calculateur d'itinéraire  tiennent compte des travaux.<br>Motif : travaux.</p>";20211211T091005;Transilien Train Transilien H;bf43fd12-5a59-11ec-b504-005056a47b86;travaux
active;Incidents;30;perturbée;SIGNIFICANT_DELAYS;20220810T221500;20220811T031500;bf43fd12-5a59-11ec-b504-005056a47b86;" / Ligne H : Paris Nord - Pontoise 03/01-16/12 / <p>Période : en soirée  <br>Dates : du lundi 03 au lundi 31 janvier 2022, sauf mes week-ends.<br>Le trafic est interrompu entre Paris Gare du Nord et Pontoise.<br>Un service de bus de remplacement est mis en place, avec desserte des gares intermédiaires.<br><a href=""http://www.transilien.com/sites/transilien/files/sentinelle-20220103-h-pno-pontoise-03j01-1612.pdf"" target="""">Pour plus d'informations, cliquez ici pour télécharger l'affiche PDF.</a><br>Les horaires du calculateur d'itinéraire  tiennent compte des travaux.<br>Motif : travaux.</p>";20211211T091005;Transilien Train Transilien H;bf43fd12-5a59-11ec-b504-005056a47b86;travaux
active;Incidents;30;perturbée;SIGNIFICANT_DELAYS;20220809T221500;20220810T031500;bf43fd12-5a59-11ec-b504-005056a47b86;" / Ligne H : Paris Nord - Pontoise 03/01-16/12 / <p>Période : en soirée  <br>Dates : du lundi 03 au lundi 31 janvier 2022, sauf mes week-ends.<br>Le trafic est interrompu entre Paris Gare du Nord et Pontoise.<br>Un service de bus de remplacement est mis en place, avec desserte des gares intermédiaires.<br><a href=""http://www.transilien.com/sites/transilien/files/sentinelle-20220103-h-pno-pontoise-03j01-1612.pdf"" target="""">Pour plus d'informations, cliquez ici pour télécharger l'affiche PDF.</a><br>Les horaires du calculateur d'itinéraire  tiennent compte des travaux.<br>Motif : travaux.</p>";20211211T091005;Transilien Train Transilien H;bf43fd12-5a59-11ec-b504-005056a47b86;travaux
active;Incidents;30;perturbée;SIGNIFICANT_DELAYS;20220808T221500;20220809T031500;bf43fd12-5a59-11ec-b504-005056a47b86;" / Ligne H : Paris Nord - Pontoise 03/01-16/12 / <p>Période : en soirée  <br>Dates : du lundi 03 au lundi 31 janvier 2022, sauf mes week-ends.<br>Le trafic est interrompu entre Paris Gare du Nord et Pontoise.<br>Un service de bus de remplacement est mis en place, avec desserte des gares intermédiaires.<br><a href=""http://www.transilien.com/sites/transilien/files/sentinelle-20220103-h-pno-pontoise-03j01-1612.pdf"" target="""">Pour plus d'informations, cliquez ici pour télécharger l'affiche PDF.</a><br>Les horaires du calculateur d'itinéraire  tiennent compte des travaux.<br>Motif : travaux.</p>";20211211T091005;Transilien Train Transilien H;bf43fd12-5a59-11ec-b504-005056a47b86;travaux
active;Incidents;30;perturbée;SIGNIFICANT_DELAYS;20220805T221500;20220806T031500;bf43fd12-5a59-11ec-b504-005056a47b86;" / Ligne H : Paris Nord - Pontoise 03/01-16/12 / <p>Période : en soirée  <br>Dates : du lundi 03 au lundi 31 janvier 2022, sauf mes week-ends.<br>Le trafic est interrompu entre Paris Gare du Nord et Pontoise.<br>Un service de bus de remplacement est mis en place, avec desserte des gares intermédiaires.<br><a href=""http://www.transilien.com/sites/transilien/files/sentinelle-20220103-h-pno-pontoise-03j01-1612.pdf"" target="""">Pour plus d'informations, cliquez ici pour télécharger l'affiche PDF.</a><br>Les horaires du calculateur d'itinéraire  tiennent compte des travaux.<br>Motif : travaux.</p>";20211211T091005;Transilien Train Transilien H;bf43fd12-5a59-11ec-b504-005056a47b86;travaux
active;Incidents;30;perturbée;SIGNIFICANT_DELAYS;20220804T221500;20220805T031500;bf43fd12-5a59-11ec-b504-005056a47b86;" / Ligne H : Paris Nord - Pontoise 03/01-16/12 / <p>Période : en soirée  <br>Dates : du lundi 03 au lundi 31 janvier 2022, sauf mes week-ends.<br>Le trafic est interrompu entre Paris Gare du Nord et Pontoise.<br>Un service de bus de remplacement est mis en place, avec desserte des gares intermédiaires.<br><a href=""http://www.transilien.com/sites/transilien/files/sentinelle-20220103-h-pno-pontoise-03j01-1612.pdf"" target="""">Pour plus d'informations, cliquez ici pour télécharger l'affiche PDF.</a><br>Les horaires du calculateur d'itinéraire  tiennent compte des travaux.<br>Motif : travaux.</p>";20211211T091005;Transilien Train Transilien H;bf43fd12-5a59-11ec-b504-005056a47b86;travaux
active;Incidents;30;perturbée;SIGNIFICANT_DELAYS;20220803T221500;20220804T031500;bf43fd12-5a59-11ec-b504-005056a47b86;" / Ligne H : Paris Nord - Pontoise 03/01-16/12 / <p>Période : en soirée  <br>Dates : du lundi 03 au lundi 31 janvier 2022, sauf mes week-ends.<br>Le trafic est interrompu entre Paris Gare du Nord et Pontoise.<br>Un service de bus de remplacement est mis en place, avec desserte des gares intermédiaires.<br><a href=""http://www.transilien.com/sites/transilien/files/sentinelle-20220103-h-pno-pontoise-03j01-1612.pdf"" target="""">Pour plus d'informations, cliquez ici pour télécharger l'affiche PDF.</a><br>Les horaires du calculateur d'itinéraire  tiennent compte des travaux.<br>Motif : travaux.</p>";20211211T091005;Transilien Train Transilien H;bf43fd12-5a59-11ec-b504-005056a47b86;travaux
active;Incidents;30;perturbée;SIGNIFICANT_DELAYS;20220802T221500;20220803T031500;bf43fd12-5a59-11ec-b504-005056a47b86;" / Ligne H : Paris Nord - Pontoise 03/01-16/12 / <p>Période : en soirée  <br>Dates : du lundi 03 au lundi 31 janvier 2022, sauf mes week-ends.<br>Le trafic est interrompu entre Paris Gare du Nord et Pontoise.<br>Un service de bus de remplacement est mis en place, avec desserte des gares intermédiaires.<br><a href=""http://www.transilien.com/sites/transilien/files/sentinelle-20220103-h-pno-pontoise-03j01-1612.pdf"" target="""">Pour plus d'informations, cliquez ici pour télécharger l'affiche PDF.</a><br>Les horaires du calculateur d'itinéraire  tiennent compte des travaux.<br>Motif : travaux.</p>";20211211T091005;Transilien Train Transilien H;bf43fd12-5a59-11ec-b504-005056a47b86;travaux
active;Incidents;30;perturbée;SIGNIFICANT_DELAYS;20220801T221500;20220802T031500;bf43fd12-5a59-11ec-b504-005056a47b86;" / Ligne H : Paris Nord - Pontoise 03/01-16/12 / <p>Période : en soirée  <br>Dates : du lundi 03 au lundi 31 janvier 2022, sauf mes week-ends.<br>Le trafic est interrompu entre Paris Gare du Nord et Pontoise.<br>Un service de bus de remplacement est mis en place, avec desserte des gares intermédiaires.<br><a href=""http://www.transilien.com/sites/transilien/files/sentinelle-20220103-h-pno-pontoise-03j01-1612.pdf"" target="""">Pour plus d'informations, cliquez ici pour télécharger l'affiche PDF.</a><br>Les horaires du calculateur d'itinéraire  tiennent compte des travaux.<br>Motif : travaux.</p>";20211211T091005;Transilien Train Transilien H;bf43fd12-5a59-11ec-b504-005056a47b86;travaux
active;Incidents;30;perturbée;SIGNIFICANT_DELAYS;20220729T221500;20220730T031500;bf43fd12-5a59-11ec-b504-005056a47b86;" / Ligne H : Paris Nord - Pontoise 03/01-16/12 / <p>Période : en soirée  <br>Dates : du lundi 03 au lundi 31 janvier 2022, sauf mes week-ends.<br>Le trafic est interrompu entre Paris Gare du Nord et Pontoise.<br>Un service de bus de remplacement est mis en place, avec desserte des gares intermédiaires.<br><a href=""http://www.transilien.com/sites/transilien/files/sentinelle-20220103-h-pno-pontoise-03j01-1612.pdf"" target="""">Pour plus d'informations, cliquez ici pour télécharger l'affiche PDF.</a><br>Les horaires du calculateur d'itinéraire  tiennent compte des travaux.<br>Motif : travaux.</p>";20211211T091005;Transilien Train Transilien H;bf43fd12-5a59-11ec-b504-005056a47b86;travaux
active;Incidents;30;perturbée;SIGNIFICANT_DELAYS;20220728T221500;20220729T031500;bf43fd12-5a59-11ec-b504-005056a47b86;" / Ligne H : Paris Nord - Pontoise 03/01-16/12 / <p>Période : en soirée  <br>Dates : du lundi 03 au lundi 31 janvier 2022, sauf mes week-ends.<br>Le trafic est interrompu entre Paris Gare du Nord et Pontoise.<br>Un service de bus de remplacement est mis en place, avec desserte des gares intermédiaires.<br><a href=""http://www.transilien.com/sites/transilien/files/sentinelle-20220103-h-pno-pontoise-03j01-1612.pdf"" target="""">Pour plus d'informations, cliquez ici pour télécharger l'affiche PDF.</a><br>Les horaires du calculateur d'itinéraire  tiennent compte des travaux.<br>Motif : travaux.</p>";20211211T091005;Transilien Train Transilien H;bf43fd12-5a59-11ec-b504-005056a47b86;travaux
active;Incidents;30;perturbée;SIGNIFICANT_DELAYS;20220727T221500;20220728T031500;bf43fd12-5a59-11ec-b504-005056a47b86;" / Ligne H : Paris Nord - Pontoise 03/01-16/12 / <p>Période : en soirée  <br>Dates : du lundi 03 au lundi 31 janvier 2022, sauf mes week-ends.<br>Le trafic est interrompu entre Paris Gare du Nord et Pontoise.<br>Un service de bus de remplacement est mis en place, avec desserte des gares intermédiaires.<br><a href=""http://www.transilien.com/sites/transilien/files/sentinelle-20220103-h-pno-pontoise-03j01-1612.pdf"" target="""">Pour plus d'informations, cliquez ici pour télécharger l'affiche PDF.</a><br>Les horaires du calculateur d'itinéraire  tiennent compte des travaux.<br>Motif : travaux.</p>";20211211T091005;Transilien Train Transilien H;bf43fd12-5a59-11ec-b504-005056a47b86;travaux
active;Incidents;30;perturbée;SIGNIFICANT_DELAYS;20220726T221500;20220727T031500;bf43fd12-5a59-11ec-b504-005056a47b86;" / Ligne H : Paris Nord - Pontoise 03/01-16/12 / <p>Période : en soirée  <br>Dates : du lundi 03 au lundi 31 janvier 2022, sauf mes week-ends.<br>Le trafic est interrompu entre Paris Gare du Nord et Pontoise.<br>Un service de bus de remplacement est mis en place, avec desserte des gares intermédiaires.<br><a href=""http://www.transilien.com/sites/transilien/files/sentinelle-20220103-h-pno-pontoise-03j01-1612.pdf"" target="""">Pour plus d'informations, cliquez ici pour télécharger l'affiche PDF.</a><br>Les horaires du calculateur d'itinéraire  tiennent compte des travaux.<br>Motif : travaux.</p>";20211211T091005;Transilien Train Transilien H;bf43fd12-5a59-11ec-b504-005056a47b86;travaux
active;Incidents;30;perturbée;SIGNIFICANT_DELAYS;20220725T221500;20220726T031500;bf43fd12-5a59-11ec-b504-005056a47b86;" / Ligne H : Paris Nord - Pontoise 03/01-16/12 / <p>Période : en soirée  <br>Dates : du lundi 03 au lundi 31 janvier 2022, sauf mes week-ends.<br>Le trafic est interrompu entre Paris Gare du Nord et Pontoise.<br>Un service de bus de remplacement est mis en place, avec desserte des gares intermédiaires.<br><a href=""http://www.transilien.com/sites/transilien/files/sentinelle-20220103-h-pno-pontoise-03j01-1612.pdf"" target="""">Pour plus d'informations, cliquez ici pour télécharger l'affiche PDF.</a><br>Les horaires du calculateur d'itinéraire  tiennent compte des travaux.<br>Motif : travaux.</p>";20211211T091005;Transilien Train Transilien H;bf43fd12-5a59-11ec-b504-005056a47b86;travaux
active;Incidents;30;perturbée;SIGNIFICANT_DELAYS;20220722T221500;20220723T031500;bf43fd12-5a59-11ec-b504-005056a47b86;" / Ligne H : Paris Nord - Pontoise 03/01-16/12 / <p>Période : en soirée  <br>Dates : du lundi 03 au lundi 31 janvier 2022, sauf mes week-ends.<br>Le trafic est interrompu entre Paris Gare du Nord et Pontoise.<br>Un service de bus de remplacement est mis en place, avec desserte des gares intermédiaires.<br><a href=""http://www.transilien.com/sites/transilien/files/sentinelle-20220103-h-pno-pontoise-03j01-1612.pdf"" target="""">Pour plus d'informations, cliquez ici pour télécharger l'affiche PDF.</a><br>Les horaires du calculateur d'itinéraire  tiennent compte des travaux.<br>Motif : travaux.</p>";20211211T091005;Transilien Train Transilien H;bf43fd12-5a59-11ec-b504-005056a47b86;travaux
active;Incidents;30;perturbée;SIGNIFICANT_DELAYS;20220721T221500;20220722T031500;bf43fd12-5a59-11ec-b504-005056a47b86;" / Ligne H : Paris Nord - Pontoise 03/01-16/12 / <p>Période : en soirée  <br>Dates : du lundi 03 au lundi 31 janvier 2022, sauf mes week-ends.<br>Le trafic est interrompu entre Paris Gare du Nord et Pontoise.<br>Un service de bus de remplacement est mis en place, avec desserte des gares intermédiaires.<br><a href=""http://www.transilien.com/sites/transilien/files/sentinelle-20220103-h-pno-pontoise-03j01-1612.pdf"" target="""">Pour plus d'informations, cliquez ici pour télécharger l'affiche PDF.</a><br>Les horaires du calculateur d'itinéraire  tiennent compte des travaux.<br>Motif : travaux.</p>";20211211T091005;Transilien Train Transilien H;bf43fd12-5a59-11ec-b504-005056a47b86;travaux
active;Incidents;30;perturbée;SIGNIFICANT_DELAYS;20220720T221500;20220721T031500;bf43fd12-5a59-11ec-b504-005056a47b86;" / Ligne H : Paris Nord - Pontoise 03/01-16/12 / <p>Période : en soirée  <br>Dates : du lundi 03 au lundi 31 janvier 2022, sauf mes week-ends.<br>Le trafic est interrompu entre Paris Gare du Nord et Pontoise.<br>Un service de bus de remplacement est mis en place, avec desserte des gares intermédiaires.<br><a href=""http://www.transilien.com/sites/transilien/files/sentinelle-20220103-h-pno-pontoise-03j01-1612.pdf"" target="""">Pour plus d'informations, cliquez ici pour télécharger l'affiche PDF.</a><br>Les horaires du calculateur d'itinéraire  tiennent compte des travaux.<br>Motif : travaux.</p>";20211211T091005;Transilien Train Transilien H;bf43fd12-5a59-11ec-b504-005056a47b86;travaux
active;Incidents;30;perturbée;SIGNIFICANT_DELAYS;20220719T221500;20220720T031500;bf43fd12-5a59-11ec-b504-005056a47b86;" / Ligne H : Paris Nord - Pontoise 03/01-16/12 / <p>Période : en soirée  <br>Dates : du lundi 03 au lundi 31 janvier 2022, sauf mes week-ends.<br>Le trafic est interrompu entre Paris Gare du Nord et Pontoise.<br>Un service de bus de remplacement est mis en place, avec desserte des gares intermédiaires.<br><a href=""http://www.transilien.com/sites/transilien/files/sentinelle-20220103-h-pno-pontoise-03j01-1612.pdf"" target="""">Pour plus d'informations, cliquez ici pour télécharger l'affiche PDF.</a><br>Les horaires du calculateur d'itinéraire  tiennent compte des travaux.<br>Motif : travaux.</p>";20211211T091005;Transilien Train Transilien H;bf43fd12-5a59-11ec-b504-005056a47b86;travaux
active;Incidents;30;perturbée;SIGNIFICANT_DELAYS;20220718T221500;20220719T031500;bf43fd12-5a59-11ec-b504-005056a47b86;" / Ligne H : Paris Nord - Pontoise 03/01-16/12 / <p>Période : en soirée  <br>Dates : du lundi 03 au lundi 31 janvier 2022, sauf mes week-ends.<br>Le trafic est interrompu entre Paris Gare du Nord et Pontoise.<br>Un service de bus de remplacement est mis en place, avec desserte des gares intermédiaires.<br><a href=""http://www.transilien.com/sites/transilien/files/sentinelle-20220103-h-pno-pontoise-03j01-1612.pdf"" target="""">Pour plus d'informations, cliquez ici pour télécharger l'affiche PDF.</a><br>Les horaires du calculateur d'itinéraire  tiennent compte des travaux.<br>Motif : travaux.</p>";20211211T091005;Transilien Train Transilien H;bf43fd12-5a59-11ec-b504-005056a47b86;travaux
active;Incidents;30;perturbée;SIGNIFICANT_DELAYS;20220715T221500;20220716T031500;bf43fd12-5a59-11ec-b504-005056a47b86;" / Ligne H : Paris Nord - Pontoise 03/01-16/12 / <p>Période : en soirée  <br>Dates : du lundi 03 au lundi 31 janvier 2022, sauf mes week-ends.<br>Le trafic est interrompu entre Paris Gare du Nord et Pontoise.<br>Un service de bus de remplacement est mis en place, avec desserte des gares intermédiaires.<br><a href=""http://www.transilien.com/sites/transilien/files/sentinelle-20220103-h-pno-pontoise-03j01-1612.pdf"" target="""">Pour plus d'informations, cliquez ici pour télécharger l'affiche PDF.</a><br>Les horaires du calculateur d'itinéraire  tiennent compte des travaux.<br>Motif : travaux.</p>";20211211T091005;Transilien Train Transilien H;bf43fd12-5a59-11ec-b504-005056a47b86;travaux
active;Incidents;30;perturbée;SIGNIFICANT_DELAYS;20220714T221500;20220715T031500;bf43fd12-5a59-11ec-b504-005056a47b86;" / Ligne H : Paris Nord - Pontoise 03/01-16/12 / <p>Période : en soirée  <br>Dates : du lundi 03 au lundi 31 janvier 2022, sauf mes week-ends.<br>Le trafic est interrompu entre Paris Gare du Nord et Pontoise.<br>Un service de bus de remplacement est mis en place, avec desserte des gares intermédiaires.<br><a href=""http://www.transilien.com/sites/transilien/files/sentinelle-20220103-h-pno-pontoise-03j01-1612.pdf"" target="""">Pour plus d'informations, cliquez ici pour télécharger l'affiche PDF.</a><br>Les horaires du calculateur d'itinéraire  tiennent compte des travaux.<br>Motif : travaux.</p>";20211211T091005;Transilien Train Transilien H;bf43fd12-5a59-11ec-b504-005056a47b86;travaux
active;Incidents;30;perturbée;SIGNIFICANT_DELAYS;20220713T221500;20220714T031500;bf43fd12-5a59-11ec-b504-005056a47b86;" / Ligne H : Paris Nord - Pontoise 03/01-16/12 / <p>Période : en soirée  <br>Dates : du lundi 03 au lundi 31 janvier 2022, sauf mes week-ends.<br>Le trafic est interrompu entre Paris Gare du Nord et Pontoise.<br>Un service de bus de remplacement est mis en place, avec desserte des gares intermédiaires.<br><a href=""http://www.transilien.com/sites/transilien/files/sentinelle-20220103-h-pno-pontoise-03j01-1612.pdf"" target="""">Pour plus d'informations, cliquez ici pour télécharger l'affiche PDF.</a><br>Les horaires du calculateur d'itinéraire  tiennent compte des travaux.<br>Motif : travaux.</p>";20211211T091005;Transilien Train Transilien H;bf43fd12-5a59-11ec-b504-005056a47b86;travaux
active;Incidents;30;perturbée;SIGNIFICANT_DELAYS;20220712T221500;20220713T031500;bf43fd12-5a59-11ec-b504-005056a47b86;" / Ligne H : Paris Nord - Pontoise 03/01-16/12 / <p>Période : en soirée  <br>Dates : du lundi 03 au lundi 31 janvier 2022, sauf mes week-ends.<br>Le trafic est interrompu entre Paris Gare du Nord et Pontoise.<br>Un service de bus de remplacement est mis en place, avec desserte des gares intermédiaires.<br><a href=""http://www.transilien.com/sites/transilien/files/sentinelle-20220103-h-pno-pontoise-03j01-1612.pdf"" target="""">Pour plus d'informations, cliquez ici pour télécharger l'affiche PDF.</a><br>Les horaires du calculateur d'itinéraire  tiennent compte des travaux.<br>Motif : travaux.</p>";20211211T091005;Transilien Train Transilien H;bf43fd12-5a59-11ec-b504-005056a47b86;travaux
active;Incidents;30;perturbée;SIGNIFICANT_DELAYS;20220711T221500;20220712T031500;bf43fd12-5a59-11ec-b504-005056a47b86;" / Ligne H : Paris Nord - Pontoise 03/01-16/12 / <p>Période : en soirée  <br>Dates : du lundi 03 au lundi 31 janvier 2022, sauf mes week-ends.<br>Le trafic est interrompu entre Paris Gare du Nord et Pontoise.<br>Un service de bus de remplacement est mis en place, avec desserte des gares intermédiaires.<br><a href=""http://www.transilien.com/sites/transilien/files/sentinelle-20220103-h-pno-pontoise-03j01-1612.pdf"" target="""">Pour plus d'informations, cliquez ici pour télécharger l'affiche PDF.</a><br>Les horaires du calculateur d'itinéraire  tiennent compte des travaux.<br>Motif : travaux.</p>";20211211T091005;Transilien Train Transilien H;bf43fd12-5a59-11ec-b504-005056a47b86;travaux
active;Incidents;30;perturbée;SIGNIFICANT_DELAYS;20220708T221500;20220709T031500;bf43fd12-5a59-11ec-b504-005056a47b86;" / Ligne H : Paris Nord - Pontoise 03/01-16/12 / <p>Période : en soirée  <br>Dates : du lundi 03 au lundi 31 janvier 2022, sauf mes week-ends.<br>Le trafic est interrompu entre Paris Gare du Nord et Pontoise.<br>Un service de bus de remplacement est mis en place, avec desserte des gares intermédiaires.<br><a href=""http://www.transilien.com/sites/transilien/files/sentinelle-20220103-h-pno-pontoise-03j01-1612.pdf"" target="""">Pour plus d'informations, cliquez ici pour télécharger l'affiche PDF.</a><br>Les horaires du calculateur d'itinéraire  tiennent compte des travaux.<br>Motif : travaux.</p>";20211211T091005;Transilien Train Transilien H;bf43fd12-5a59-11ec-b504-005056a47b86;travaux
active;Incidents;30;perturbée;SIGNIFICANT_DELAYS;20220707T221500;20220708T031500;bf43fd12-5a59-11ec-b504-005056a47b86;" / Ligne H : Paris Nord - Pontoise 03/01-16/12 / <p>Période : en soirée  <br>Dates : du lundi 03 au lundi 31 janvier 2022, sauf mes week-ends.<br>Le trafic est interrompu entre Paris Gare du Nord et Pontoise.<br>Un service de bus de remplacement est mis en place, avec desserte des gares intermédiaires.<br><a href=""http://www.transilien.com/sites/transilien/files/sentinelle-20220103-h-pno-pontoise-03j01-1612.pdf"" target="""">Pour plus d'informations, cliquez ici pour télécharger l'affiche PDF.</a><br>Les horaires du calculateur d'itinéraire  tiennent compte des travaux.<br>Motif : travaux.</p>";20211211T091005;Transilien Train Transilien H;bf43fd12-5a59-11ec-b504-005056a47b86;travaux
active;Incidents;30;perturbée;SIGNIFICANT_DELAYS;20220706T221500;20220707T031500;bf43fd12-5a59-11ec-b504-005056a47b86;" / Ligne H : Paris Nord - Pontoise 03/01-16/12 / <p>Période : en soirée  <br>Dates : du lundi 03 au lundi 31 janvier 2022, sauf mes week-ends.<br>Le trafic est interrompu entre Paris Gare du Nord et Pontoise.<br>Un service de bus de remplacement est mis en place, avec desserte des gares intermédiaires.<br><a href=""http://www.transilien.com/sites/transilien/files/sentinelle-20220103-h-pno-pontoise-03j01-1612.pdf"" target="""">Pour plus d'informations, cliquez ici pour télécharger l'affiche PDF.</a><br>Les horaires du calculateur d'itinéraire  tiennent compte des travaux.<br>Motif : travaux.</p>";20211211T091005;Transilien Train Transilien H;bf43fd12-5a59-11ec-b504-005056a47b86;travaux
active;Incidents;30;perturbée;SIGNIFICANT_DELAYS;20220705T221500;20220706T031500;bf43fd12-5a59-11ec-b504-005056a47b86;" / Ligne H : Paris Nord - Pontoise 03/01-16/12 / <p>Période : en soirée  <br>Dates : du lundi 03 au lundi 31 janvier 2022, sauf mes week-ends.<br>Le trafic est interrompu entre Paris Gare du Nord et Pontoise.<br>Un service de bus de remplacement est mis en place, avec desserte des gares intermédiaires.<br><a href=""http://www.transilien.com/sites/transilien/files/sentinelle-20220103-h-pno-pontoise-03j01-1612.pdf"" target="""">Pour plus d'informations, cliquez ici pour télécharger l'affiche PDF.</a><br>Les horaires du calculateur d'itinéraire  tiennent compte des travaux.<br>Motif : travaux.</p>";20211211T091005;Transilien Train Transilien H;bf43fd12-5a59-11ec-b504-005056a47b86;travaux
active;Incidents;30;perturbée;SIGNIFICANT_DELAYS;20220704T221500;20220705T031500;bf43fd12-5a59-11ec-b504-005056a47b86;" / Ligne H : Paris Nord - Pontoise 03/01-16/12 / <p>Période : en soirée  <br>Dates : du lundi 03 au lundi 31 janvier 2022, sauf mes week-ends.<br>Le trafic est interrompu entre Paris Gare du Nord et Pontoise.<br>Un service de bus de remplacement est mis en place, avec desserte des gares intermédiaires.<br><a href=""http://www.transilien.com/sites/transilien/files/sentinelle-20220103-h-pno-pontoise-03j01-1612.pdf"" target="""">Pour plus d'informations, cliquez ici pour télécharger l'affiche PDF.</a><br>Les horaires du calculateur d'itinéraire  tiennent compte des travaux.<br>Motif : travaux.</p>";20211211T091005;Transilien Train Transilien H;bf43fd12-5a59-11ec-b504-005056a47b86;travaux
active;Incidents;30;perturbée;SIGNIFICANT_DELAYS;20220701T221500;20220702T031500;bf43fd12-5a59-11ec-b504-005056a47b86;" / Ligne H : Paris Nord - Pontoise 03/01-16/12 / <p>Période : en soirée  <br>Dates : du lundi 03 au lundi 31 janvier 2022, sauf mes week-ends.<br>Le trafic est interrompu entre Paris Gare du Nord et Pontoise.<br>Un service de bus de remplacement est mis en place, avec desserte des gares intermédiaires.<br><a href=""http://www.transilien.com/sites/transilien/files/sentinelle-20220103-h-pno-pontoise-03j01-1612.pdf"" target="""">Pour plus d'informations, cliquez ici pour télécharger l'affiche PDF.</a><br>Les horaires du calculateur d'itinéraire  tiennent compte des travaux.<br>Motif : travaux.</p>";20211211T091005;Transilien Train Transilien H;bf43fd12-5a59-11ec-b504-005056a47b86;travaux
active;Incidents;30;perturbée;SIGNIFICANT_DELAYS;20220630T221500;20220701T031500;bf43fd12-5a59-11ec-b504-005056a47b86;" / Ligne H : Paris Nord - Pontoise 03/01-16/12 / <p>Période : en soirée  <br>Dates : du lundi 03 au lundi 31 janvier 2022, sauf mes week-ends.<br>Le trafic est interrompu entre Paris Gare du Nord et Pontoise.<br>Un service de bus de remplacement est mis en place, avec desserte des gares intermédiaires.<br><a href=""http://www.transilien.com/sites/transilien/files/sentinelle-20220103-h-pno-pontoise-03j01-1612.pdf"" target="""">Pour plus d'informations, cliquez ici pour télécharger l'affiche PDF.</a><br>Les horaires du calculateur d'itinéraire  tiennent compte des travaux.<br>Motif : travaux.</p>";20211211T091005;Transilien Train Transilien H;bf43fd12-5a59-11ec-b504-005056a47b86;travaux
active;Incidents;30;perturbée;SIGNIFICANT_DELAYS;20220629T221500;20220630T031500;bf43fd12-5a59-11ec-b504-005056a47b86;" / Ligne H : Paris Nord - Pontoise 03/01-16/12 / <p>Période : en soirée  <br>Dates : du lundi 03 au lundi 31 janvier 2022, sauf mes week-ends.<br>Le trafic est interrompu entre Paris Gare du Nord et Pontoise.<br>Un service de bus de remplacement est mis en place, avec desserte des gares intermédiaires.<br><a href=""http://www.transilien.com/sites/transilien/files/sentinelle-20220103-h-pno-pontoise-03j01-1612.pdf"" target="""">Pour plus d'informations, cliquez ici pour télécharger l'affiche PDF.</a><br>Les horaires du calculateur d'itinéraire  tiennent compte des travaux.<br>Motif : travaux.</p>";20211211T091005;Transilien Train Transilien H;bf43fd12-5a59-11ec-b504-005056a47b86;travaux
active;Incidents;30;perturbée;SIGNIFICANT_DELAYS;20220628T221500;20220629T031500;bf43fd12-5a59-11ec-b504-005056a47b86;" / Ligne H : Paris Nord - Pontoise 03/01-16/12 / <p>Période : en soirée  <br>Dates : du lundi 03 au lundi 31 janvier 2022, sauf mes week-ends.<br>Le trafic est interrompu entre Paris Gare du Nord et Pontoise.<br>Un service de bus de remplacement est mis en place, avec desserte des gares intermédiaires.<br><a href=""http://www.transilien.com/sites/transilien/files/sentinelle-20220103-h-pno-pontoise-03j01-1612.pdf"" target="""">Pour plus d'informations, cliquez ici pour télécharger l'affiche PDF.</a><br>Les horaires du calculateur d'itinéraire  tiennent compte des travaux.<br>Motif : travaux.</p>";20211211T091005;Transilien Train Transilien H;bf43fd12-5a59-11ec-b504-005056a47b86;travaux
active;Incidents;30;perturbée;SIGNIFICANT_DELAYS;20220627T221500;20220628T031500;bf43fd12-5a59-11ec-b504-005056a47b86;" / Ligne H : Paris Nord - Pontoise 03/01-16/12 / <p>Période : en soirée  <br>Dates : du lundi 03 au lundi 31 janvier 2022, sauf mes week-ends.<br>Le trafic est interrompu entre Paris Gare du Nord et Pontoise.<br>Un service de bus de remplacement est mis en place, avec desserte des gares intermédiaires.<br><a href=""http://www.transilien.com/sites/transilien/files/sentinelle-20220103-h-pno-pontoise-03j01-1612.pdf"" target="""">Pour plus d'informations, cliquez ici pour télécharger l'affiche PDF.</a><br>Les horaires du calculateur d'itinéraire  tiennent compte des travaux.<br>Motif : travaux.</p>";20211211T091005;Transilien Train Transilien H;bf43fd12-5a59-11ec-b504-005056a47b86;travaux
active;Incidents;30;perturbée;SIGNIFICANT_DELAYS;20220624T221500;20220625T031500;bf43fd12-5a59-11ec-b504-005056a47b86;" / Ligne H : Paris Nord - Pontoise 03/01-16/12 / <p>Période : en soirée  <br>Dates : du lundi 03 au lundi 31 janvier 2022, sauf mes week-ends.<br>Le trafic est interrompu entre Paris Gare du Nord et Pontoise.<br>Un service de bus de remplacement est mis en place, avec desserte des gares intermédiaires.<br><a href=""http://www.transilien.com/sites/transilien/files/sentinelle-20220103-h-pno-pontoise-03j01-1612.pdf"" target="""">Pour plus d'informations, cliquez ici pour télécharger l'affiche PDF.</a><br>Les horaires du calculateur d'itinéraire  tiennent compte des travaux.<br>Motif : travaux.</p>";20211211T091005;Transilien Train Transilien H;bf43fd12-5a59-11ec-b504-005056a47b86;travaux
active;Incidents;30;perturbée;SIGNIFICANT_DELAYS;20220623T221500;20220624T031500;bf43fd12-5a59-11ec-b504-005056a47b86;" / Ligne H : Paris Nord - Pontoise 03/01-16/12 / <p>Période : en soirée  <br>Dates : du lundi 03 au lundi 31 janvier 2022, sauf mes week-ends.<br>Le trafic est interrompu entre Paris Gare du Nord et Pontoise.<br>Un service de bus de remplacement est mis en place, avec desserte des gares intermédiaires.<br><a href=""http://www.transilien.com/sites/transilien/files/sentinelle-20220103-h-pno-pontoise-03j01-1612.pdf"" target="""">Pour plus d'informations, cliquez ici pour télécharger l'affiche PDF.</a><br>Les horaires du calculateur d'itinéraire  tiennent compte des travaux.<br>Motif : travaux.</p>";20211211T091005;Transilien Train Transilien H;bf43fd12-5a59-11ec-b504-005056a47b86;travaux
active;Incidents;30;perturbée;SIGNIFICANT_DELAYS;20220622T221500;20220623T031500;bf43fd12-5a59-11ec-b504-005056a47b86;" / Ligne H : Paris Nord - Pontoise 03/01-16/12 / <p>Période : en soirée  <br>Dates : du lundi 03 au lundi 31 janvier 2022, sauf mes week-ends.<br>Le trafic est interrompu entre Paris Gare du Nord et Pontoise.<br>Un service de bus de remplacement est mis en place, avec desserte des gares intermédiaires.<br><a href=""http://www.transilien.com/sites/transilien/files/sentinelle-20220103-h-pno-pontoise-03j01-1612.pdf"" target="""">Pour plus d'informations, cliquez ici pour télécharger l'affiche PDF.</a><br>Les horaires du calculateur d'itinéraire  tiennent compte des travaux.<br>Motif : travaux.</p>";20211211T091005;Transilien Train Transilien H;bf43fd12-5a59-11ec-b504-005056a47b86;travaux
active;Incidents;30;perturbée;SIGNIFICANT_DELAYS;20220621T221500;20220622T031500;bf43fd12-5a59-11ec-b504-005056a47b86;" / Ligne H : Paris Nord - Pontoise 03/01-16/12 / <p>Période : en soirée  <br>Dates : du lundi 03 au lundi 31 janvier 2022, sauf mes week-ends.<br>Le trafic est interrompu entre Paris Gare du Nord et Pontoise.<br>Un service de bus de remplacement est mis en place, avec desserte des gares intermédiaires.<br><a href=""http://www.transilien.com/sites/transilien/files/sentinelle-20220103-h-pno-pontoise-03j01-1612.pdf"" target="""">Pour plus d'informations, cliquez ici pour télécharger l'affiche PDF.</a><br>Les horaires du calculateur d'itinéraire  tiennent compte des travaux.<br>Motif : travaux.</p>";20211211T091005;Transilien Train Transilien H;bf43fd12-5a59-11ec-b504-005056a47b86;travaux
active;Incidents;30;perturbée;SIGNIFICANT_DELAYS;20220620T221500;20220621T031500;bf43fd12-5a59-11ec-b504-005056a47b86;" / Ligne H : Paris Nord - Pontoise 03/01-16/12 / <p>Période : en soirée  <br>Dates : du lundi 03 au lundi 31 janvier 2022, sauf mes week-ends.<br>Le trafic est interrompu entre Paris Gare du Nord et Pontoise.<br>Un service de bus de remplacement est mis en place, avec desserte des gares intermédiaires.<br><a href=""http://www.transilien.com/sites/transilien/files/sentinelle-20220103-h-pno-pontoise-03j01-1612.pdf"" target="""">Pour plus d'informations, cliquez ici pour télécharger l'affiche PDF.</a><br>Les horaires du calculateur d'itinéraire  tiennent compte des travaux.<br>Motif : travaux.</p>";20211211T091005;Transilien Train Transilien H;bf43fd12-5a59-11ec-b504-005056a47b86;travaux
active;Incidents;30;perturbée;SIGNIFICANT_DELAYS;20220617T221500;20220618T031500;bf43fd12-5a59-11ec-b504-005056a47b86;" / Ligne H : Paris Nord - Pontoise 03/01-16/12 / <p>Période : en soirée  <br>Dates : du lundi 03 au lundi 31 janvier 2022, sauf mes week-ends.<br>Le trafic est interrompu entre Paris Gare du Nord et Pontoise.<br>Un service de bus de remplacement est mis en place, avec desserte des gares intermédiaires.<br><a href=""http://www.transilien.com/sites/transilien/files/sentinelle-20220103-h-pno-pontoise-03j01-1612.pdf"" target="""">Pour plus d'informations, cliquez ici pour télécharger l'affiche PDF.</a><br>Les horaires du calculateur d'itinéraire  tiennent compte des travaux.<br>Motif : travaux.</p>";20211211T091005;Transilien Train Transilien H;bf43fd12-5a59-11ec-b504-005056a47b86;travaux
active;Incidents;30;perturbée;SIGNIFICANT_DELAYS;20220616T221500;20220617T031500;bf43fd12-5a59-11ec-b504-005056a47b86;" / Ligne H : Paris Nord - Pontoise 03/01-16/12 / <p>Période : en soirée  <br>Dates : du lundi 03 au lundi 31 janvier 2022, sauf mes week-ends.<br>Le trafic est interrompu entre Paris Gare du Nord et Pontoise.<br>Un service de bus de remplacement est mis en place, avec desserte des gares intermédiaires.<br><a href=""http://www.transilien.com/sites/transilien/files/sentinelle-20220103-h-pno-pontoise-03j01-1612.pdf"" target="""">Pour plus d'informations, cliquez ici pour télécharger l'affiche PDF.</a><br>Les horaires du calculateur d'itinéraire  tiennent compte des travaux.<br>Motif : travaux.</p>";20211211T091005;Transilien Train Transilien H;bf43fd12-5a59-11ec-b504-005056a47b86;travaux
active;Incidents;30;perturbée;SIGNIFICANT_DELAYS;20220615T221500;20220616T031500;bf43fd12-5a59-11ec-b504-005056a47b86;" / Ligne H : Paris Nord - Pontoise 03/01-16/12 / <p>Période : en soirée  <br>Dates : du lundi 03 au lundi 31 janvier 2022, sauf mes week-ends.<br>Le trafic est interrompu entre Paris Gare du Nord et Pontoise.<br>Un service de bus de remplacement est mis en place, avec desserte des gares intermédiaires.<br><a href=""http://www.transilien.com/sites/transilien/files/sentinelle-20220103-h-pno-pontoise-03j01-1612.pdf"" target="""">Pour plus d'informations, cliquez ici pour télécharger l'affiche PDF.</a><br>Les horaires du calculateur d'itinéraire  tiennent compte des travaux.<br>Motif : travaux.</p>";20211211T091005;Transilien Train Transilien H;bf43fd12-5a59-11ec-b504-005056a47b86;travaux
active;Incidents;30;perturbée;SIGNIFICANT_DELAYS;20220614T221500;20220615T031500;bf43fd12-5a59-11ec-b504-005056a47b86;" / Ligne H : Paris Nord - Pontoise 03/01-16/12 / <p>Période : en soirée  <br>Dates : du lundi 03 au lundi 31 janvier 2022, sauf mes week-ends.<br>Le trafic est interrompu entre Paris Gare du Nord et Pontoise.<br>Un service de bus de remplacement est mis en place, avec desserte des gares intermédiaires.<br><a href=""http://www.transilien.com/sites/transilien/files/sentinelle-20220103-h-pno-pontoise-03j01-1612.pdf"" target="""">Pour plus d'informations, cliquez ici pour télécharger l'affiche PDF.</a><br>Les horaires du calculateur d'itinéraire  tiennent compte des travaux.<br>Motif : travaux.</p>";20211211T091005;Transilien Train Transilien H;bf43fd12-5a59-11ec-b504-005056a47b86;travaux
active;Incidents;30;perturbée;SIGNIFICANT_DELAYS;20220613T221500;20220614T031500;bf43fd12-5a59-11ec-b504-005056a47b86;" / Ligne H : Paris Nord - Pontoise 03/01-16/12 / <p>Période : en soirée  <br>Dates : du lundi 03 au lundi 31 janvier 2022, sauf mes week-ends.<br>Le trafic est interrompu entre Paris Gare du Nord et Pontoise.<br>Un service de bus de remplacement est mis en place, avec desserte des gares intermédiaires.<br><a href=""http://www.transilien.com/sites/transilien/files/sentinelle-20220103-h-pno-pontoise-03j01-1612.pdf"" target="""">Pour plus d'informations, cliquez ici pour télécharger l'affiche PDF.</a><br>Les horaires du calculateur d'itinéraire  tiennent compte des travaux.<br>Motif : travaux.</p>";20211211T091005;Transilien Train Transilien H;bf43fd12-5a59-11ec-b504-005056a47b86;travaux
active;Incidents;30;perturbée;SIGNIFICANT_DELAYS;20220610T221500;20220611T031500;bf43fd12-5a59-11ec-b504-005056a47b86;" / Ligne H : Paris Nord - Pontoise 03/01-16/12 / <p>Période : en soirée  <br>Dates : du lundi 03 au lundi 31 janvier 2022, sauf mes week-ends.<br>Le trafic est interrompu entre Paris Gare du Nord et Pontoise.<br>Un service de bus de remplacement est mis en place, avec desserte des gares intermédiaires.<br><a href=""http://www.transilien.com/sites/transilien/files/sentinelle-20220103-h-pno-pontoise-03j01-1612.pdf"" target="""">Pour plus d'informations, cliquez ici pour télécharger l'affiche PDF.</a><br>Les horaires du calculateur d'itinéraire  tiennent compte des travaux.<br>Motif : travaux.</p>";20211211T091005;Transilien Train Transilien H;bf43fd12-5a59-11ec-b504-005056a47b86;travaux
active;Incidents;30;perturbée;SIGNIFICANT_DELAYS;20220609T221500;20220610T031500;bf43fd12-5a59-11ec-b504-005056a47b86;" / Ligne H : Paris Nord - Pontoise 03/01-16/12 / <p>Période : en soirée  <br>Dates : du lundi 03 au lundi 31 janvier 2022, sauf mes week-ends.<br>Le trafic est interrompu entre Paris Gare du Nord et Pontoise.<br>Un service de bus de remplacement est mis en place, avec desserte des gares intermédiaires.<br><a href=""http://www.transilien.com/sites/transilien/files/sentinelle-20220103-h-pno-pontoise-03j01-1612.pdf"" target="""">Pour plus d'informations, cliquez ici pour télécharger l'affiche PDF.</a><br>Les horaires du calculateur d'itinéraire  tiennent compte des travaux.<br>Motif : travaux.</p>";20211211T091005;Transilien Train Transilien H;bf43fd12-5a59-11ec-b504-005056a47b86;travaux
active;Incidents;30;perturbée;SIGNIFICANT_DELAYS;20220608T221500;20220609T031500;bf43fd12-5a59-11ec-b504-005056a47b86;" / Ligne H : Paris Nord - Pontoise 03/01-16/12 / <p>Période : en soirée  <br>Dates : du lundi 03 au lundi 31 janvier 2022, sauf mes week-ends.<br>Le trafic est interrompu entre Paris Gare du Nord et Pontoise.<br>Un service de bus de remplacement est mis en place, avec desserte des gares intermédiaires.<br><a href=""http://www.transilien.com/sites/transilien/files/sentinelle-20220103-h-pno-pontoise-03j01-1612.pdf"" target="""">Pour plus d'informations, cliquez ici pour télécharger l'affiche PDF.</a><br>Les horaires du calculateur d'itinéraire  tiennent compte des travaux.<br>Motif : travaux.</p>";20211211T091005;Transilien Train Transilien H;bf43fd12-5a59-11ec-b504-005056a47b86;travaux
active;Incidents;30;perturbée;SIGNIFICANT_DELAYS;20220607T221500;20220608T031500;bf43fd12-5a59-11ec-b504-005056a47b86;" / Ligne H : Paris Nord - Pontoise 03/01-16/12 / <p>Période : en soirée  <br>Dates : du lundi 03 au lundi 31 janvier 2022, sauf mes week-ends.<br>Le trafic est interrompu entre Paris Gare du Nord et Pontoise.<br>Un service de bus de remplacement est mis en place, avec desserte des gares intermédiaires.<br><a href=""http://www.transilien.com/sites/transilien/files/sentinelle-20220103-h-pno-pontoise-03j01-1612.pdf"" target="""">Pour plus d'informations, cliquez ici pour télécharger l'affiche PDF.</a><br>Les horaires du calculateur d'itinéraire  tiennent compte des travaux.<br>Motif : travaux.</p>";20211211T091005;Transilien Train Transilien H;bf43fd12-5a59-11ec-b504-005056a47b86;travaux
active;Incidents;30;perturbée;SIGNIFICANT_DELAYS;20220606T221500;20220607T031500;bf43fd12-5a59-11ec-b504-005056a47b86;" / Ligne H : Paris Nord - Pontoise 03/01-16/12 / <p>Période : en soirée  <br>Dates : du lundi 03 au lundi 31 janvier 2022, sauf mes week-ends.<br>Le trafic est interrompu entre Paris Gare du Nord et Pontoise.<br>Un service de bus de remplacement est mis en place, avec desserte des gares intermédiaires.<br><a href=""http://www.transilien.com/sites/transilien/files/sentinelle-20220103-h-pno-pontoise-03j01-1612.pdf"" target="""">Pour plus d'informations, cliquez ici pour télécharger l'affiche PDF.</a><br>Les horaires du calculateur d'itinéraire  tiennent compte des travaux.<br>Motif : travaux.</p>";20211211T091005;Transilien Train Transilien H;bf43fd12-5a59-11ec-b504-005056a47b86;travaux
active;Incidents;30;perturbée;SIGNIFICANT_DELAYS;20220603T221500;20220604T031500;bf43fd12-5a59-11ec-b504-005056a47b86;" / Ligne H : Paris Nord - Pontoise 03/01-16/12 / <p>Période : en soirée  <br>Dates : du lundi 03 au lundi 31 janvier 2022, sauf mes week-ends.<br>Le trafic est interrompu entre Paris Gare du Nord et Pontoise.<br>Un service de bus de remplacement est mis en place, avec desserte des gares intermédiaires.<br><a href=""http://www.transilien.com/sites/transilien/files/sentinelle-20220103-h-pno-pontoise-03j01-1612.pdf"" target="""">Pour plus d'informations, cliquez ici pour télécharger l'affiche PDF.</a><br>Les horaires du calculateur d'itinéraire  tiennent compte des travaux.<br>Motif : travaux.</p>";20211211T091005;Transilien Train Transilien H;bf43fd12-5a59-11ec-b504-005056a47b86;travaux
active;Incidents;30;perturbée;SIGNIFICANT_DELAYS;20220602T221500;20220603T031500;bf43fd12-5a59-11ec-b504-005056a47b86;" / Ligne H : Paris Nord - Pontoise 03/01-16/12 / <p>Période : en soirée  <br>Dates : du lundi 03 au lundi 31 janvier 2022, sauf mes week-ends.<br>Le trafic est interrompu entre Paris Gare du Nord et Pontoise.<br>Un service de bus de remplacement est mis en place, avec desserte des gares intermédiaires.<br><a href=""http://www.transilien.com/sites/transilien/files/sentinelle-20220103-h-pno-pontoise-03j01-1612.pdf"" target="""">Pour plus d'informations, cliquez ici pour télécharger l'affiche PDF.</a><br>Les horaires du calculateur d'itinéraire  tiennent compte des travaux.<br>Motif : travaux.</p>";20211211T091005;Transilien Train Transilien H;bf43fd12-5a59-11ec-b504-005056a47b86;travaux
active;Incidents;30;perturbée;SIGNIFICANT_DELAYS;20220531T221500;20220601T031500;bf43fd12-5a59-11ec-b504-005056a47b86;" / Ligne H : Paris Nord - Pontoise 03/01-16/12 / <p>Période : en soirée  <br>Dates : du lundi 03 au lundi 31 janvier 2022, sauf mes week-ends.<br>Le trafic est interrompu entre Paris Gare du Nord et Pontoise.<br>Un service de bus de remplacement est mis en place, avec desserte des gares intermédiaires.<br><a href=""http://www.transilien.com/sites/transilien/files/sentinelle-20220103-h-pno-pontoise-03j01-1612.pdf"" target="""">Pour plus d'informations, cliquez ici pour télécharger l'affiche PDF.</a><br>Les horaires du calculateur d'itinéraire  tiennent compte des travaux.<br>Motif : travaux.</p>";20211211T091005;Transilien Train Transilien H;bf43fd12-5a59-11ec-b504-005056a47b86;travaux
active;Incidents;30;perturbée;SIGNIFICANT_DELAYS;20220530T221500;20220531T031500;bf43fd12-5a59-11ec-b504-005056a47b86;" / Ligne H : Paris Nord - Pontoise 03/01-16/12 / <p>Période : en soirée  <br>Dates : du lundi 03 au lundi 31 janvier 2022, sauf mes week-ends.<br>Le trafic est interrompu entre Paris Gare du Nord et Pontoise.<br>Un service de bus de remplacement est mis en place, avec desserte des gares intermédiaires.<br><a href=""http://www.transilien.com/sites/transilien/files/sentinelle-20220103-h-pno-pontoise-03j01-1612.pdf"" target="""">Pour plus d'informations, cliquez ici pour télécharger l'affiche PDF.</a><br>Les horaires du calculateur d'itinéraire  tiennent compte des travaux.<br>Motif : travaux.</p>";20211211T091005;Transilien Train Transilien H;bf43fd12-5a59-11ec-b504-005056a47b86;travaux
active;Incidents;30;perturbée;SIGNIFICANT_DELAYS;20220601T221500;20220602T031500;bf43fd12-5a59-11ec-b504-005056a47b86;" / Ligne H : Paris Nord - Pontoise 03/01-16/12 / <p>Période : en soirée  <br>Dates : du lundi 03 au lundi 31 janvier 2022, sauf mes week-ends.<br>Le trafic est interrompu entre Paris Gare du Nord et Pontoise.<br>Un service de bus de remplacement est mis en place, avec desserte des gares intermédiaires.<br><a href=""http://www.transilien.com/sites/transilien/files/sentinelle-20220103-h-pno-pontoise-03j01-1612.pdf"" target="""">Pour plus d'informations, cliquez ici pour télécharger l'affiche PDF.</a><br>Les horaires du calculateur d'itinéraire  tiennent compte des travaux.<br>Motif : travaux.</p>";20211211T091005;Transilien Train Transilien H;bf43fd12-5a59-11ec-b504-005056a47b86;travaux
active;Incidents;30;perturbée;SIGNIFICANT_DELAYS;20220527T221500;20220528T031500;bf43fd12-5a59-11ec-b504-005056a47b86;" / Ligne H : Paris Nord - Pontoise 03/01-16/12 / <p>Période : en soirée  <br>Dates : du lundi 03 au lundi 31 janvier 2022, sauf mes week-ends.<br>Le trafic est interrompu entre Paris Gare du Nord et Pontoise.<br>Un service de bus de remplacement est mis en place, avec desserte des gares intermédiaires.<br><a href=""http://www.transilien.com/sites/transilien/files/sentinelle-20220103-h-pno-pontoise-03j01-1612.pdf"" target="""">Pour plus d'informations, cliquez ici pour télécharger l'affiche PDF.</a><br>Les horaires du calculateur d'itinéraire  tiennent compte des travaux.<br>Motif : travaux.</p>";20211211T091005;Transilien Train Transilien H;bf43fd12-5a59-11ec-b504-005056a47b86;travaux
active;Incidents;30;perturbée;SIGNIFICANT_DELAYS;20220525T221500;20220526T031500;bf43fd12-5a59-11ec-b504-005056a47b86;" / Ligne H : Paris Nord - Pontoise 03/01-16/12 / <p>Période : en soirée  <br>Dates : du lundi 03 au lundi 31 janvier 2022, sauf mes week-ends.<br>Le trafic est interrompu entre Paris Gare du Nord et Pontoise.<br>Un service de bus de remplacement est mis en place, avec desserte des gares intermédiaires.<br><a href=""http://www.transilien.com/sites/transilien/files/sentinelle-20220103-h-pno-pontoise-03j01-1612.pdf"" target="""">Pour plus d'informations, cliquez ici pour télécharger l'affiche PDF.</a><br>Les horaires du calculateur d'itinéraire  tiennent compte des travaux.<br>Motif : travaux.</p>";20211211T091005;Transilien Train Transilien H;bf43fd12-5a59-11ec-b504-005056a47b86;travaux
active;Incidents;30;perturbée;SIGNIFICANT_DELAYS;20220526T221500;20220527T031500;bf43fd12-5a59-11ec-b504-005056a47b86;" / Ligne H : Paris Nord - Pontoise 03/01-16/12 / <p>Période : en soirée  <br>Dates : du lundi 03 au lundi 31 janvier 2022, sauf mes week-ends.<br>Le trafic est interrompu entre Paris Gare du Nord et Pontoise.<br>Un service de bus de remplacement est mis en place, avec desserte des gares intermédiaires.<br><a href=""http://www.transilien.com/sites/transilien/files/sentinelle-20220103-h-pno-pontoise-03j01-1612.pdf"" target="""">Pour plus d'informations, cliquez ici pour télécharger l'affiche PDF.</a><br>Les horaires du calculateur d'itinéraire  tiennent compte des travaux.<br>Motif : travaux.</p>";20211211T091005;Transilien Train Transilien H;bf43fd12-5a59-11ec-b504-005056a47b86;travaux
active;Incidents;30;perturbée;SIGNIFICANT_DELAYS;20220524T221500;20220525T031500;bf43fd12-5a59-11ec-b504-005056a47b86;" / Ligne H : Paris Nord - Pontoise 03/01-16/12 / <p>Période : en soirée  <br>Dates : du lundi 03 au lundi 31 janvier 2022, sauf mes week-ends.<br>Le trafic est interrompu entre Paris Gare du Nord et Pontoise.<br>Un service de bus de remplacement est mis en place, avec desserte des gares intermédiaires.<br><a href=""http://www.transilien.com/sites/transilien/files/sentinelle-20220103-h-pno-pontoise-03j01-1612.pdf"" target="""">Pour plus d'informations, cliquez ici pour télécharger l'affiche PDF.</a><br>Les horaires du calculateur d'itinéraire  tiennent compte des travaux.<br>Motif : travaux.</p>";20211211T091005;Transilien Train Transilien H;bf43fd12-5a59-11ec-b504-005056a47b86;travaux
active;Incidents;30;perturbée;SIGNIFICANT_DELAYS;20220523T221500;20220524T031500;bf43fd12-5a59-11ec-b504-005056a47b86;" / Ligne H : Paris Nord - Pontoise 03/01-16/12 / <p>Période : en soirée  <br>Dates : du lundi 03 au lundi 31 janvier 2022, sauf mes week-ends.<br>Le trafic est interrompu entre Paris Gare du Nord et Pontoise.<br>Un service de bus de remplacement est mis en place, avec desserte des gares intermédiaires.<br><a href=""http://www.transilien.com/sites/transilien/files/sentinelle-20220103-h-pno-pontoise-03j01-1612.pdf"" target="""">Pour plus d'informations, cliquez ici pour télécharger l'affiche PDF.</a><br>Les horaires du calculateur d'itinéraire  tiennent compte des travaux.<br>Motif : travaux.</p>";20211211T091005;Transilien Train Transilien H;bf43fd12-5a59-11ec-b504-005056a47b86;travaux
active;Incidents;30;perturbée;SIGNIFICANT_DELAYS;20221216T221500;20211211T090300;bf43fd12-5a59-11ec-b504-005056a47b86;" / Ligne H : Paris Nord - Pontoise 03/01-16/12 / <p>Période : en soirée  <br>Dates : du lundi 03 au lundi 31 janvier 2022, sauf mes week-ends.<br>Le trafic est interrompu entre Paris Gare du Nord et Pontoise.<br>Un service de bus de remplacement est mis en place, avec desserte des gares intermédiaires.<br><a href=""http://www.transilien.com/sites/transilien/files/sentinelle-20220103-h-pno-pontoise-03j01-1612.pdf"" target="""">Pour plus d'informations, cliquez ici pour télécharger l'affiche PDF.</a><br>Les horaires du calculateur d'itinéraire  tiennent compte des travaux.<br>Motif : travaux.</p>";20211211T091005;Transilien Train Transilien H;bf43fd12-5a59-11ec-b504-005056a47b86;travaux
active;Incidents;30;perturbée;SIGNIFICANT_DELAYS;20221214T221500;20211211T090300;bf43fd12-5a59-11ec-b504-005056a47b86;" / Ligne H : Paris Nord - Pontoise 03/01-16/12 / <p>Période : en soirée  <br>Dates : du lundi 03 au lundi 31 janvier 2022, sauf mes week-ends.<br>Le trafic est interrompu entre Paris Gare du Nord et Pontoise.<br>Un service de bus de remplacement est mis en place, avec desserte des gares intermédiaires.<br><a href=""http://www.transilien.com/sites/transilien/files/sentinelle-20220103-h-pno-pontoise-03j01-1612.pdf"" target="""">Pour plus d'informations, cliquez ici pour télécharger l'affiche PDF.</a><br>Les horaires du calculateur d'itinéraire  tiennent compte des travaux.<br>Motif : travaux.</p>";20211211T091005;Transilien Train Transilien H;bf43fd12-5a59-11ec-b504-005056a47b86;travaux
active;Incidents;30;perturbée;SIGNIFICANT_DELAYS;20221108T221500;20221109T031500;bf43fd12-5a59-11ec-b504-005056a47b86;" / Ligne H : Paris Nord - Pontoise 03/01-16/12 / <p>Période : en soirée  <br>Dates : du lundi 03 au lundi 31 janvier 2022, sauf mes week-ends.<br>Le trafic est interrompu entre Paris Gare du Nord et Pontoise.<br>Un service de bus de remplacement est mis en place, avec desserte des gares intermédiaires.<br><a href=""http://www.transilien.com/sites/transilien/files/sentinelle-20220103-h-pno-pontoise-03j01-1612.pdf"" target="""">Pour plus d'informations, cliquez ici pour télécharger l'affiche PDF.</a><br>Les horaires du calculateur d'itinéraire  tiennent compte des travaux.<br>Motif : travaux.</p>";20211211T091005;Transilien Train Transilien H;bf43fd12-5a59-11ec-b504-005056a47b86;travaux
active;Incidents;30;perturbée;SIGNIFICANT_DELAYS;20221109T221500;20221110T031500;bf43fd12-5a59-11ec-b504-005056a47b86;" / Ligne H : Paris Nord - Pontoise 03/01-16/12 / <p>Période : en soirée  <br>Dates : du lundi 03 au lundi 31 janvier 2022, sauf mes week-ends.<br>Le trafic est interrompu entre Paris Gare du Nord et Pontoise.<br>Un service de bus de remplacement est mis en place, avec desserte des gares intermédiaires.<br><a href=""http://www.transilien.com/sites/transilien/files/sentinelle-20220103-h-pno-pontoise-03j01-1612.pdf"" target="""">Pour plus d'informations, cliquez ici pour télécharger l'affiche PDF.</a><br>Les horaires du calculateur d'itinéraire  tiennent compte des travaux.<br>Motif : travaux.</p>";20211211T091005;Transilien Train Transilien H;bf43fd12-5a59-11ec-b504-005056a47b86;travaux
active;Incidents;30;perturbée;SIGNIFICANT_DELAYS;20221111T221500;20221112T031500;bf43fd12-5a59-11ec-b504-005056a47b86;" / Ligne H : Paris Nord - Pontoise 03/01-16/12 / <p>Période : en soirée  <br>Dates : du lundi 03 au lundi 31 janvier 2022, sauf mes week-ends.<br>Le trafic est interrompu entre Paris Gare du Nord et Pontoise.<br>Un service de bus de remplacement est mis en place, avec desserte des gares intermédiaires.<br><a href=""http://www.transilien.com/sites/transilien/files/sentinelle-20220103-h-pno-pontoise-03j01-1612.pdf"" target="""">Pour plus d'informations, cliquez ici pour télécharger l'affiche PDF.</a><br>Les horaires du calculateur d'itinéraire  tiennent compte des travaux.<br>Motif : travaux.</p>";20211211T091005;Transilien Train Transilien H;bf43fd12-5a59-11ec-b504-005056a47b86;travaux
active;Incidents;30;perturbée;SIGNIFICANT_DELAYS;20221209T221500;20211211T090300;bf43fd12-5a59-11ec-b504-005056a47b86;" / Ligne H : Paris Nord - Pontoise 03/01-16/12 / <p>Période : en soirée  <br>Dates : du lundi 03 au lundi 31 janvier 2022, sauf mes week-ends.<br>Le trafic est interrompu entre Paris Gare du Nord et Pontoise.<br>Un service de bus de remplacement est mis en place, avec desserte des gares intermédiaires.<br><a href=""http://www.transilien.com/sites/transilien/files/sentinelle-20220103-h-pno-pontoise-03j01-1612.pdf"" target="""">Pour plus d'informations, cliquez ici pour télécharger l'affiche PDF.</a><br>Les horaires du calculateur d'itinéraire  tiennent compte des travaux.<br>Motif : travaux.</p>";20211211T091005;Transilien Train Transilien H;bf43fd12-5a59-11ec-b504-005056a47b86;travaux
active;Incidents;30;perturbée;SIGNIFICANT_DELAYS;20221116T221500;20221117T031500;bf43fd12-5a59-11ec-b504-005056a47b86;" / Ligne H : Paris Nord - Pontoise 03/01-16/12 / <p>Période : en soirée  <br>Dates : du lundi 03 au lundi 31 janvier 2022, sauf mes week-ends.<br>Le trafic est interrompu entre Paris Gare du Nord et Pontoise.<br>Un service de bus de remplacement est mis en place, avec desserte des gares intermédiaires.<br><a href=""http://www.transilien.com/sites/transilien/files/sentinelle-20220103-h-pno-pontoise-03j01-1612.pdf"" target="""">Pour plus d'informations, cliquez ici pour télécharger l'affiche PDF.</a><br>Les horaires du calculateur d'itinéraire  tiennent compte des travaux.<br>Motif : travaux.</p>";20211211T091005;Transilien Train Transilien H;bf43fd12-5a59-11ec-b504-005056a47b86;travaux
active;Incidents;30;perturbée;SIGNIFICANT_DELAYS;20220123T154129;20230123T154129;8cc26ba8-7c5a-11ec-ba4e-005056a44da2; / Panne d'un ascenseur / Montparnasse-Bienvenue Panne de l'ascenseur situé Panoramique 1, direction Province            / Montparnasse-Bienvenue Panne de l'ascenseur situé Panoramique 1, direction Province            / Montparnasse-Bienvenue Panne ascenseur situé Panoramique 1, dir. Province           ;20220123T154129;Gare Montparnasse (Paris);8cc26ba8-7c5a-11ec-ba4e-005056a44da2;perturbation
future;Incidents;30;perturbée;SIGNIFICANT_DELAYS;20220307T204500;20220209T103600;4436eadc-898c-11ec-a6cf-005056a44da2;" / Ligne H : Paris-Persan via Valmondois 03/01-24/06 / <p>Période : en soirée<br>Dates : du lundi 03 janvier au vendredi 24 juin 2022<br>Le trafic est interrompu entre Paris Gare du Nord et Persan - Beaumont via Valmondois.<br>Un service de bus de remplacement est mis en place, avec desserte des gares intermédiaires.<br><a href=""http://www.transilien.com/sites/transilien/files/2022-01/20220103-H-%201%20BUS%20ENTRE%20PARIS%20ET%20ERMONT-%20PERSAN%20%200301%20AU%200403%20puis%20SR.pdf "" target=""_blank"">Pour plus d'informations sur les horaires du lundi 03 janvier au vendredi 04 mars, cliquez ici pour télécharger l'affiche PDF.</a><br><a href=""https://www.transilien.com/sites/transilien/files/2022-02/20220307-h-h7-busentreparisetermontpersan-0703au2406-avec-sr.pdf"" target="""">Pour plus d'informations sur les horaires du lundi 07 mars au vendredi 24 juin sauf le mardi 21 juin, cliquez ici pour télécharger l'affiche PDF.</a><br>Les horaires du calculateur d'itinéraire tiennent compte des travaux.<br>Motif : travaux.</p> / Ligne H : Paris-Persan via Valmondois 03/01-24/06";20220209T104007;Transilien Train Transilien H;4436eadc-898c-11ec-a6cf-005056a44da2;travaux
future;Incidents;30;perturbée;SIGNIFICANT_DELAYS;20220126T204500;20220209T103600;4436eadc-898c-11ec-a6cf-005056a44da2;" / Ligne H : Paris-Persan via Valmondois 03/01-24/06 / <p>Période : en soirée<br>Dates : du lundi 03 janvier au vendredi 24 juin 2022<br>Le trafic est interrompu entre Paris Gare du Nord et Persan - Beaumont via Valmondois.<br>Un service de bus de remplacement est mis en place, avec desserte des gares intermédiaires.<br><a href=""http://www.transilien.com/sites/transilien/files/2022-01/20220103-H-%201%20BUS%20ENTRE%20PARIS%20ET%20ERMONT-%20PERSAN%20%200301%20AU%200403%20puis%20SR.pdf "" target=""_blank"">Pour plus d'informations sur les horaires du lundi 03 janvier au vendredi 04 mars, cliquez ici pour télécharger l'affiche PDF.</a><br><a href=""https://www.transilien.com/sites/transilien/files/2022-02/20220307-h-h7-busentreparisetermontpersan-0703au2406-avec-sr.pdf"" target="""">Pour plus d'informations sur les horaires du lundi 07 mars au vendredi 24 juin sauf le mardi 21 juin, cliquez ici pour télécharger l'affiche PDF.</a><br>Les horaires du calculateur d'itinéraire tiennent compte des travaux.<br>Motif : travaux.</p> / Ligne H : Paris-Persan via Valmondois 03/01-24/06";20220209T104007;Transilien Train Transilien H;4436eadc-898c-11ec-a6cf-005056a44da2;travaux
future;Incidents;30;perturbée;SIGNIFICANT_DELAYS;20221118T204500;20221119T033500;4436eadc-898c-11ec-a6cf-005056a44da2;" / Ligne H : Paris-Persan via Valmondois 03/01-24/06 / <p>Période : en soirée<br>Dates : du lundi 03 janvier au vendredi 24 juin 2022<br>Le trafic est interrompu entre Paris Gare du Nord et Persan - Beaumont via Valmondois.<br>Un service de bus de remplacement est mis en place, avec desserte des gares intermédiaires.<br><a href=""http://www.transilien.com/sites/transilien/files/2022-01/20220103-H-%201%20BUS%20ENTRE%20PARIS%20ET%20ERMONT-%20PERSAN%20%200301%20AU%200403%20puis%20SR.pdf "" target=""_blank"">Pour plus d'informations sur les horaires du lundi 03 janvier au vendredi 04 mars, cliquez ici pour télécharger l'affiche PDF.</a><br><a href=""https://www.transilien.com/sites/transilien/files/2022-02/20220307-h-h7-busentreparisetermontpersan-0703au2406-avec-sr.pdf"" target="""">Pour plus d'informations sur les horaires du lundi 07 mars au vendredi 24 juin sauf le mardi 21 juin, cliquez ici pour télécharger l'affiche PDF.</a><br>Les horaires du calculateur d'itinéraire tiennent compte des travaux.<br>Motif : travaux.</p> / Ligne H : Paris-Persan via Valmondois 03/01-24/06";20220209T104007;Transilien Train Transilien H;4436eadc-898c-11ec-a6cf-005056a44da2;travaux
future;Incidents;30;perturbée;SIGNIFICANT_DELAYS;20220125T204500;20220209T103600;4436eadc-898c-11ec-a6cf-005056a44da2;" / Ligne H : Paris-Persan via Valmondois 03/01-24/06 / <p>Période : en soirée<br>Dates : du lundi 03 janvier au vendredi 24 juin 2022<br>Le trafic est interrompu entre Paris Gare du Nord et Persan - Beaumont via Valmondois.<br>Un service de bus de remplacement est mis en place, avec desserte des gares intermédiaires.<br><a href=""http://www.transilien.com/sites/transilien/files/2022-01/20220103-H-%201%20BUS%20ENTRE%20PARIS%20ET%20ERMONT-%20PERSAN%20%200301%20AU%200403%20puis%20SR.pdf "" target=""_blank"">Pour plus d'informations sur les horaires du lundi 03 janvier au vendredi 04 mars, cliquez ici pour télécharger l'affiche PDF.</a><br><a href=""https://www.transilien.com/sites/transilien/files/2022-02/20220307-h-h7-busentreparisetermontpersan-0703au2406-avec-sr.pdf"" target="""">Pour plus d'informations sur les horaires du lundi 07 mars au vendredi 24 juin sauf le mardi 21 juin, cliquez ici pour télécharger l'affiche PDF.</a><br>Les horaires du calculateur d'itinéraire tiennent compte des travaux.<br>Motif : travaux.</p> / Ligne H : Paris-Persan via Valmondois 03/01-24/06";20220209T104007;Transilien Train Transilien H;4436eadc-898c-11ec-a6cf-005056a44da2;travaux
future;Incidents;30;perturbée;SIGNIFICANT_DELAYS;20220113T204500;20220209T103600;4436eadc-898c-11ec-a6cf-005056a44da2;" / Ligne H : Paris-Persan via Valmondois 03/01-24/06 / <p>Période : en soirée<br>Dates : du lundi 03 janvier au vendredi 24 juin 2022<br>Le trafic est interrompu entre Paris Gare du Nord et Persan - Beaumont via Valmondois.<br>Un service de bus de remplacement est mis en place, avec desserte des gares intermédiaires.<br><a href=""http://www.transilien.com/sites/transilien/files/2022-01/20220103-H-%201%20BUS%20ENTRE%20PARIS%20ET%20ERMONT-%20PERSAN%20%200301%20AU%200403%20puis%20SR.pdf "" target=""_blank"">Pour plus d'informations sur les horaires du lundi 03 janvier au vendredi 04 mars, cliquez ici pour télécharger l'affiche PDF.</a><br><a href=""https://www.transilien.com/sites/transilien/files/2022-02/20220307-h-h7-busentreparisetermontpersan-0703au2406-avec-sr.pdf"" target="""">Pour plus d'informations sur les horaires du lundi 07 mars au vendredi 24 juin sauf le mardi 21 juin, cliquez ici pour télécharger l'affiche PDF.</a><br>Les horaires du calculateur d'itinéraire tiennent compte des travaux.<br>Motif : travaux.</p> / Ligne H : Paris-Persan via Valmondois 03/01-24/06";20220209T104007;Transilien Train Transilien H;4436eadc-898c-11ec-a6cf-005056a44da2;travaux
future;Incidents;30;perturbée;SIGNIFICANT_DELAYS;20220124T204500;20220209T103600;4436eadc-898c-11ec-a6cf-005056a44da2;" / Ligne H : Paris-Persan via Valmondois 03/01-24/06 / <p>Période : en soirée<br>Dates : du lundi 03 janvier au vendredi 24 juin 2022<br>Le trafic est interrompu entre Paris Gare du Nord et Persan - Beaumont via Valmondois.<br>Un service de bus de remplacement est mis en place, avec desserte des gares intermédiaires.<br><a href=""http://www.transilien.com/sites/transilien/files/2022-01/20220103-H-%201%20BUS%20ENTRE%20PARIS%20ET%20ERMONT-%20PERSAN%20%200301%20AU%200403%20puis%20SR.pdf "" target=""_blank"">Pour plus d'informations sur les horaires du lundi 03 janvier au vendredi 04 mars, cliquez ici pour télécharger l'affiche PDF.</a><br><a href=""https://www.transilien.com/sites/transilien/files/2022-02/20220307-h-h7-busentreparisetermontpersan-0703au2406-avec-sr.pdf"" target="""">Pour plus d'informations sur les horaires du lundi 07 mars au vendredi 24 juin sauf le mardi 21 juin, cliquez ici pour télécharger l'affiche PDF.</a><br>Les horaires du calculateur d'itinéraire tiennent compte des travaux.<br>Motif : travaux.</p> / Ligne H : Paris-Persan via Valmondois 03/01-24/06";20220209T104007;Transilien Train Transilien H;4436eadc-898c-11ec-a6cf-005056a44da2;travaux
future;Incidents;30;perturbée;SIGNIFICANT_DELAYS;20220128T204500;20220209T103600;4436eadc-898c-11ec-a6cf-005056a44da2;" / Ligne H : Paris-Persan via Valmondois 03/01-24/06 / <p>Période : en soirée<br>Dates : du lundi 03 janvier au vendredi 24 juin 2022<br>Le trafic est interrompu entre Paris Gare du Nord et Persan - Beaumont via Valmondois.<br>Un service de bus de remplacement est mis en place, avec desserte des gares intermédiaires.<br><a href=""http://www.transilien.com/sites/transilien/files/2022-01/20220103-H-%201%20BUS%20ENTRE%20PARIS%20ET%20ERMONT-%20PERSAN%20%200301%20AU%200403%20puis%20SR.pdf "" target=""_blank"">Pour plus d'informations sur les horaires du lundi 03 janvier au vendredi 04 mars, cliquez ici pour télécharger l'affiche PDF.</a><br><a href=""https://www.transilien.com/sites/transilien/files/2022-02/20220307-h-h7-busentreparisetermontpersan-0703au2406-avec-sr.pdf"" target="""">Pour plus d'informations sur les horaires du lundi 07 mars au vendredi 24 juin sauf le mardi 21 juin, cliquez ici pour télécharger l'affiche PDF.</a><br>Les horaires du calculateur d'itinéraire tiennent compte des travaux.<br>Motif : travaux.</p> / Ligne H : Paris-Persan via Valmondois 03/01-24/06";20220209T104007;Transilien Train Transilien H;4436eadc-898c-11ec-a6cf-005056a44da2;travaux
future;Incidents;30;perturbée;SIGNIFICANT_DELAYS;20220311T204500;20220209T103600;4436eadc-898c-11ec-a6cf-005056a44da2;" / Ligne H : Paris-Persan via Valmondois 03/01-24/06 / <p>Période : en soirée<br>Dates : du lundi 03 janvier au vendredi 24 juin 2022<br>Le trafic est interrompu entre Paris Gare du Nord et Persan - Beaumont via Valmondois.<br>Un service de bus de remplacement est mis en place, avec desserte des gares intermédiaires.<br><a href=""http://www.transilien.com/sites/transilien/files/2022-01/20220103-H-%201%20BUS%20ENTRE%20PARIS%20ET%20ERMONT-%20PERSAN%20%200301%20AU%200403%20puis%20SR.pdf "" target=""_blank"">Pour plus d'informations sur les horaires du lundi 03 janvier au vendredi 04 mars, cliquez ici pour télécharger l'affiche PDF.</a><br><a href=""https://www.transilien.com/sites/transilien/files/2022-02/20220307-h-h7-busentreparisetermontpersan-0703au2406-avec-sr.pdf"" target="""">Pour plus d'informations sur les horaires du lundi 07 mars au vendredi 24 juin sauf le mardi 21 juin, cliquez ici pour télécharger l'affiche PDF.</a><br>Les horaires du calculateur d'itinéraire tiennent compte des travaux.<br>Motif : travaux.</p> / Ligne H : Paris-Persan via Valmondois 03/01-24/06";20220209T104007;Transilien Train Transilien H;4436eadc-898c-11ec-a6cf-005056a44da2;travaux
future;Incidents;30;perturbée;SIGNIFICANT_DELAYS;20220114T204500;20220209T103600;4436eadc-898c-11ec-a6cf-005056a44da2;" / Ligne H : Paris-Persan via Valmondois 03/01-24/06 / <p>Période : en soirée<br>Dates : du lundi 03 janvier au vendredi 24 juin 2022<br>Le trafic est interrompu entre Paris Gare du Nord et Persan - Beaumont via Valmondois.<br>Un service de bus de remplacement est mis en place, avec desserte des gares intermédiaires.<br><a href=""http://www.transilien.com/sites/transilien/files/2022-01/20220103-H-%201%20BUS%20ENTRE%20PARIS%20ET%20ERMONT-%20PERSAN%20%200301%20AU%200403%20puis%20SR.pdf "" target=""_blank"">Pour plus d'informations sur les horaires du lundi 03 janvier au vendredi 04 mars, cliquez ici pour télécharger l'affiche PDF.</a><br><a href=""https://www.transilien.com/sites/transilien/files/2022-02/20220307-h-h7-busentreparisetermontpersan-0703au2406-avec-sr.pdf"" target="""">Pour plus d'informations sur les horaires du lundi 07 mars au vendredi 24 juin sauf le mardi 21 juin, cliquez ici pour télécharger l'affiche PDF.</a><br>Les horaires du calculateur d'itinéraire tiennent compte des travaux.<br>Motif : travaux.</p> / Ligne H : Paris-Persan via Valmondois 03/01-24/06";20220209T104007;Transilien Train Transilien H;4436eadc-898c-11ec-a6cf-005056a44da2;travaux
future;Incidents;30;perturbée;SIGNIFICANT_DELAYS;20220207T204500;20220209T103600;4436eadc-898c-11ec-a6cf-005056a44da2;" / Ligne H : Paris-Persan via Valmondois 03/01-24/06 / <p>Période : en soirée<br>Dates : du lundi 03 janvier au vendredi 24 juin 2022<br>Le trafic est interrompu entre Paris Gare du Nord et Persan - Beaumont via Valmondois.<br>Un service de bus de remplacement est mis en place, avec desserte des gares intermédiaires.<br><a href=""http://www.transilien.com/sites/transilien/files/2022-01/20220103-H-%201%20BUS%20ENTRE%20PARIS%20ET%20ERMONT-%20PERSAN%20%200301%20AU%200403%20puis%20SR.pdf "" target=""_blank"">Pour plus d'informations sur les horaires du lundi 03 janvier au vendredi 04 mars, cliquez ici pour télécharger l'affiche PDF.</a><br><a href=""https://www.transilien.com/sites/transilien/files/2022-02/20220307-h-h7-busentreparisetermontpersan-0703au2406-avec-sr.pdf"" target="""">Pour plus d'informations sur les horaires du lundi 07 mars au vendredi 24 juin sauf le mardi 21 juin, cliquez ici pour télécharger l'affiche PDF.</a><br>Les horaires du calculateur d'itinéraire tiennent compte des travaux.<br>Motif : travaux.</p> / Ligne H : Paris-Persan via Valmondois 03/01-24/06";20220209T104007;Transilien Train Transilien H;4436eadc-898c-11ec-a6cf-005056a44da2;travaux
future;Incidents;30;perturbée;SIGNIFICANT_DELAYS;20220204T204500;20220209T103600;4436eadc-898c-11ec-a6cf-005056a44da2;" / Ligne H : Paris-Persan via Valmondois 03/01-24/06 / <p>Période : en soirée<br>Dates : du lundi 03 janvier au vendredi 24 juin 2022<br>Le trafic est interrompu entre Paris Gare du Nord et Persan - Beaumont via Valmondois.<br>Un service de bus de remplacement est mis en place, avec desserte des gares intermédiaires.<br><a href=""http://www.transilien.com/sites/transilien/files/2022-01/20220103-H-%201%20BUS%20ENTRE%20PARIS%20ET%20ERMONT-%20PERSAN%20%200301%20AU%200403%20puis%20SR.pdf "" target=""_blank"">Pour plus d'informations sur les horaires du lundi 03 janvier au vendredi 04 mars, cliquez ici pour télécharger l'affiche PDF.</a><br><a href=""https://www.transilien.com/sites/transilien/files/2022-02/20220307-h-h7-busentreparisetermontpersan-0703au2406-avec-sr.pdf"" target="""">Pour plus d'informations sur les horaires du lundi 07 mars au vendredi 24 juin sauf le mardi 21 juin, cliquez ici pour télécharger l'affiche PDF.</a><br>Les horaires du calculateur d'itinéraire tiennent compte des travaux.<br>Motif : travaux.</p> / Ligne H : Paris-Persan via Valmondois 03/01-24/06";20220209T104007;Transilien Train Transilien H;4436eadc-898c-11ec-a6cf-005056a44da2;travaux
future;Incidents;30;perturbée;SIGNIFICANT_DELAYS;20220310T204500;20220209T103600;4436eadc-898c-11ec-a6cf-005056a44da2;" / Ligne H : Paris-Persan via Valmondois 03/01-24/06 / <p>Période : en soirée<br>Dates : du lundi 03 janvier au vendredi 24 juin 2022<br>Le trafic est interrompu entre Paris Gare du Nord et Persan - Beaumont via Valmondois.<br>Un service de bus de remplacement est mis en place, avec desserte des gares intermédiaires.<br><a href=""http://www.transilien.com/sites/transilien/files/2022-01/20220103-H-%201%20BUS%20ENTRE%20PARIS%20ET%20ERMONT-%20PERSAN%20%200301%20AU%200403%20puis%20SR.pdf "" target=""_blank"">Pour plus d'informations sur les horaires du lundi 03 janvier au vendredi 04 mars, cliquez ici pour télécharger l'affiche PDF.</a><br><a href=""https://www.transilien.com/sites/transilien/files/2022-02/20220307-h-h7-busentreparisetermontpersan-0703au2406-avec-sr.pdf"" target="""">Pour plus d'informations sur les horaires du lundi 07 mars au vendredi 24 juin sauf le mardi 21 juin, cliquez ici pour télécharger l'affiche PDF.</a><br>Les horaires du calculateur d'itinéraire tiennent compte des travaux.<br>Motif : travaux.</p> / Ligne H : Paris-Persan via Valmondois 03/01-24/06";20220209T104007;Transilien Train Transilien H;4436eadc-898c-11ec-a6cf-005056a44da2;travaux
future;Incidents;30;perturbée;SIGNIFICANT_DELAYS;20220202T204500;20220209T103600;4436eadc-898c-11ec-a6cf-005056a44da2;" / Ligne H : Paris-Persan via Valmondois 03/01-24/06 / <p>Période : en soirée<br>Dates : du lundi 03 janvier au vendredi 24 juin 2022<br>Le trafic est interrompu entre Paris Gare du Nord et Persan - Beaumont via Valmondois.<br>Un service de bus de remplacement est mis en place, avec desserte des gares intermédiaires.<br><a href=""http://www.transilien.com/sites/transilien/files/2022-01/20220103-H-%201%20BUS%20ENTRE%20PARIS%20ET%20ERMONT-%20PERSAN%20%200301%20AU%200403%20puis%20SR.pdf "" target=""_blank"">Pour plus d'informations sur les horaires du lundi 03 janvier au vendredi 04 mars, cliquez ici pour télécharger l'affiche PDF.</a><br><a href=""https://www.transilien.com/sites/transilien/files/2022-02/20220307-h-h7-busentreparisetermontpersan-0703au2406-avec-sr.pdf"" target="""">Pour plus d'informations sur les horaires du lundi 07 mars au vendredi 24 juin sauf le mardi 21 juin, cliquez ici pour télécharger l'affiche PDF.</a><br>Les horaires du calculateur d'itinéraire tiennent compte des travaux.<br>Motif : travaux.</p> / Ligne H : Paris-Persan via Valmondois 03/01-24/06";20220209T104007;Transilien Train Transilien H;4436eadc-898c-11ec-a6cf-005056a44da2;travaux
future;Incidents;30;perturbée;SIGNIFICANT_DELAYS;20220309T204500;20220209T103600;4436eadc-898c-11ec-a6cf-005056a44da2;" / Ligne H : Paris-Persan via Valmondois 03/01-24/06 / <p>Période : en soirée<br>Dates : du lundi 03 janvier au vendredi 24 juin 2022<br>Le trafic est interrompu entre Paris Gare du Nord et Persan - Beaumont via Valmondois.<br>Un service de bus de remplacement est mis en place, avec desserte des gares intermédiaires.<br><a href=""http://www.transilien.com/sites/transilien/files/2022-01/20220103-H-%201%20BUS%20ENTRE%20PARIS%20ET%20ERMONT-%20PERSAN%20%200301%20AU%200403%20puis%20SR.pdf "" target=""_blank"">Pour plus d'informations sur les horaires du lundi 03 janvier au vendredi 04 mars, cliquez ici pour télécharger l'affiche PDF.</a><br><a href=""https://www.transilien.com/sites/transilien/files/2022-02/20220307-h-h7-busentreparisetermontpersan-0703au2406-avec-sr.pdf"" target="""">Pour plus d'informations sur les horaires du lundi 07 mars au vendredi 24 juin sauf le mardi 21 juin, cliquez ici pour télécharger l'affiche PDF.</a><br>Les horaires du calculateur d'itinéraire tiennent compte des travaux.<br>Motif : travaux.</p> / Ligne H : Paris-Persan via Valmondois 03/01-24/06";20220209T104007;Transilien Train Transilien H;4436eadc-898c-11ec-a6cf-005056a44da2;travaux
future;Incidents;30;perturbée;SIGNIFICANT_DELAYS;20220203T204500;20220209T103600;4436eadc-898c-11ec-a6cf-005056a44da2;" / Ligne H : Paris-Persan via Valmondois 03/01-24/06 / <p>Période : en soirée<br>Dates : du lundi 03 janvier au vendredi 24 juin 2022<br>Le trafic est interrompu entre Paris Gare du Nord et Persan - Beaumont via Valmondois.<br>Un service de bus de remplacement est mis en place, avec desserte des gares intermédiaires.<br><a href=""http://www.transilien.com/sites/transilien/files/2022-01/20220103-H-%201%20BUS%20ENTRE%20PARIS%20ET%20ERMONT-%20PERSAN%20%200301%20AU%200403%20puis%20SR.pdf "" target=""_blank"">Pour plus d'informations sur les horaires du lundi 03 janvier au vendredi 04 mars, cliquez ici pour télécharger l'affiche PDF.</a><br><a href=""https://www.transilien.com/sites/transilien/files/2022-02/20220307-h-h7-busentreparisetermontpersan-0703au2406-avec-sr.pdf"" target="""">Pour plus d'informations sur les horaires du lundi 07 mars au vendredi 24 juin sauf le mardi 21 juin, cliquez ici pour télécharger l'affiche PDF.</a><br>Les horaires du calculateur d'itinéraire tiennent compte des travaux.<br>Motif : travaux.</p> / Ligne H : Paris-Persan via Valmondois 03/01-24/06";20220209T104007;Transilien Train Transilien H;4436eadc-898c-11ec-a6cf-005056a44da2;travaux
future;Incidents;30;perturbée;SIGNIFICANT_DELAYS;20221214T204500;20221215T033500;4436eadc-898c-11ec-a6cf-005056a44da2;" / Ligne H : Paris-Persan via Valmondois 03/01-24/06 / <p>Période : en soirée<br>Dates : du lundi 03 janvier au vendredi 24 juin 2022<br>Le trafic est interrompu entre Paris Gare du Nord et Persan - Beaumont via Valmondois.<br>Un service de bus de remplacement est mis en place, avec desserte des gares intermédiaires.<br><a href=""http://www.transilien.com/sites/transilien/files/2022-01/20220103-H-%201%20BUS%20ENTRE%20PARIS%20ET%20ERMONT-%20PERSAN%20%200301%20AU%200403%20puis%20SR.pdf "" target=""_blank"">Pour plus d'informations sur les horaires du lundi 03 janvier au vendredi 04 mars, cliquez ici pour télécharger l'affiche PDF.</a><br><a href=""https://www.transilien.com/sites/transilien/files/2022-02/20220307-h-h7-busentreparisetermontpersan-0703au2406-avec-sr.pdf"" target="""">Pour plus d'informations sur les horaires du lundi 07 mars au vendredi 24 juin sauf le mardi 21 juin, cliquez ici pour télécharger l'affiche PDF.</a><br>Les horaires du calculateur d'itinéraire tiennent compte des travaux.<br>Motif : travaux.</p> / Ligne H : Paris-Persan via Valmondois 03/01-24/06";20220209T104007;Transilien Train Transilien H;4436eadc-898c-11ec-a6cf-005056a44da2;travaux
future;Incidents;30;perturbée;SIGNIFICANT_DELAYS;20220120T204500;20220209T103600;4436eadc-898c-11ec-a6cf-005056a44da2;" / Ligne H : Paris-Persan via Valmondois 03/01-24/06 / <p>Période : en soirée<br>Dates : du lundi 03 janvier au vendredi 24 juin 2022<br>Le trafic est interrompu entre Paris Gare du Nord et Persan - Beaumont via Valmondois.<br>Un service de bus de remplacement est mis en place, avec desserte des gares intermédiaires.<br><a href=""http://www.transilien.com/sites/transilien/files/2022-01/20220103-H-%201%20BUS%20ENTRE%20PARIS%20ET%20ERMONT-%20PERSAN%20%200301%20AU%200403%20puis%20SR.pdf "" target=""_blank"">Pour plus d'informations sur les horaires du lundi 03 janvier au vendredi 04 mars, cliquez ici pour télécharger l'affiche PDF.</a><br><a href=""https://www.transilien.com/sites/transilien/files/2022-02/20220307-h-h7-busentreparisetermontpersan-0703au2406-avec-sr.pdf"" target="""">Pour plus d'informations sur les horaires du lundi 07 mars au vendredi 24 juin sauf le mardi 21 juin, cliquez ici pour télécharger l'affiche PDF.</a><br>Les horaires du calculateur d'itinéraire tiennent compte des travaux.<br>Motif : travaux.</p> / Ligne H : Paris-Persan via Valmondois 03/01-24/06";20220209T104007;Transilien Train Transilien H;4436eadc-898c-11ec-a6cf-005056a44da2;travaux
future;Incidents;30;perturbée;SIGNIFICANT_DELAYS;20220801T204500;20220802T032500;4436eadc-898c-11ec-a6cf-005056a44da2;" / Ligne H : Paris-Persan via Valmondois 03/01-24/06 / <p>Période : en soirée<br>Dates : du lundi 03 janvier au vendredi 24 juin 2022<br>Le trafic est interrompu entre Paris Gare du Nord et Persan - Beaumont via Valmondois.<br>Un service de bus de remplacement est mis en place, avec desserte des gares intermédiaires.<br><a href=""http://www.transilien.com/sites/transilien/files/2022-01/20220103-H-%201%20BUS%20ENTRE%20PARIS%20ET%20ERMONT-%20PERSAN%20%200301%20AU%200403%20puis%20SR.pdf "" target=""_blank"">Pour plus d'informations sur les horaires du lundi 03 janvier au vendredi 04 mars, cliquez ici pour télécharger l'affiche PDF.</a><br><a href=""https://www.transilien.com/sites/transilien/files/2022-02/20220307-h-h7-busentreparisetermontpersan-0703au2406-avec-sr.pdf"" target="""">Pour plus d'informations sur les horaires du lundi 07 mars au vendredi 24 juin sauf le mardi 21 juin, cliquez ici pour télécharger l'affiche PDF.</a><br>Les horaires du calculateur d'itinéraire tiennent compte des travaux.<br>Motif : travaux.</p> / Ligne H : Paris-Persan via Valmondois 03/01-24/06";20220209T104007;Transilien Train Transilien H;4436eadc-898c-11ec-a6cf-005056a44da2;travaux
future;Incidents;30;perturbée;SIGNIFICANT_DELAYS;20220802T204500;20220803T032500;4436eadc-898c-11ec-a6cf-005056a44da2;" / Ligne H : Paris-Persan via Valmondois 03/01-24/06 / <p>Période : en soirée<br>Dates : du lundi 03 janvier au vendredi 24 juin 2022<br>Le trafic est interrompu entre Paris Gare du Nord et Persan - Beaumont via Valmondois.<br>Un service de bus de remplacement est mis en place, avec desserte des gares intermédiaires.<br><a href=""http://www.transilien.com/sites/transilien/files/2022-01/20220103-H-%201%20BUS%20ENTRE%20PARIS%20ET%20ERMONT-%20PERSAN%20%200301%20AU%200403%20puis%20SR.pdf "" target=""_blank"">Pour plus d'informations sur les horaires du lundi 03 janvier au vendredi 04 mars, cliquez ici pour télécharger l'affiche PDF.</a><br><a href=""https://www.transilien.com/sites/transilien/files/2022-02/20220307-h-h7-busentreparisetermontpersan-0703au2406-avec-sr.pdf"" target="""">Pour plus d'informations sur les horaires du lundi 07 mars au vendredi 24 juin sauf le mardi 21 juin, cliquez ici pour télécharger l'affiche PDF.</a><br>Les horaires du calculateur d'itinéraire tiennent compte des travaux.<br>Motif : travaux.</p> / Ligne H : Paris-Persan via Valmondois 03/01-24/06";20220209T104007;Transilien Train Transilien H;4436eadc-898c-11ec-a6cf-005056a44da2;travaux
future;Incidents;30;perturbée;SIGNIFICANT_DELAYS;20220803T204500;20220804T032500;4436eadc-898c-11ec-a6cf-005056a44da2;" / Ligne H : Paris-Persan via Valmondois 03/01-24/06 / <p>Période : en soirée<br>Dates : du lundi 03 janvier au vendredi 24 juin 2022<br>Le trafic est interrompu entre Paris Gare du Nord et Persan - Beaumont via Valmondois.<br>Un service de bus de remplacement est mis en place, avec desserte des gares intermédiaires.<br><a href=""http://www.transilien.com/sites/transilien/files/2022-01/20220103-H-%201%20BUS%20ENTRE%20PARIS%20ET%20ERMONT-%20PERSAN%20%200301%20AU%200403%20puis%20SR.pdf "" target=""_blank"">Pour plus d'informations sur les horaires du lundi 03 janvier au vendredi 04 mars, cliquez ici pour télécharger l'affiche PDF.</a><br><a href=""https://www.transilien.com/sites/transilien/files/2022-02/20220307-h-h7-busentreparisetermontpersan-0703au2406-avec-sr.pdf"" target="""">Pour plus d'informations sur les horaires du lundi 07 mars au vendredi 24 juin sauf le mardi 21 juin, cliquez ici pour télécharger l'affiche PDF.</a><br>Les horaires du calculateur d'itinéraire tiennent compte des travaux.<br>Motif : travaux.</p> / Ligne H : Paris-Persan via Valmondois 03/01-24/06";20220209T104007;Transilien Train Transilien H;4436eadc-898c-11ec-a6cf-005056a44da2;travaux
future;Incidents;30;perturbée;SIGNIFICANT_DELAYS;20220804T204500;20220805T032500;4436eadc-898c-11ec-a6cf-005056a44da2;" / Ligne H : Paris-Persan via Valmondois 03/01-24/06 / <p>Période : en soirée<br>Dates : du lundi 03 janvier au vendredi 24 juin 2022<br>Le trafic est interrompu entre Paris Gare du Nord et Persan - Beaumont via Valmondois.<br>Un service de bus de remplacement est mis en place, avec desserte des gares intermédiaires.<br><a href=""http://www.transilien.com/sites/transilien/files/2022-01/20220103-H-%201%20BUS%20ENTRE%20PARIS%20ET%20ERMONT-%20PERSAN%20%200301%20AU%200403%20puis%20SR.pdf "" target=""_blank"">Pour plus d'informations sur les horaires du lundi 03 janvier au vendredi 04 mars, cliquez ici pour télécharger l'affiche PDF.</a><br><a href=""https://www.transilien.com/sites/transilien/files/2022-02/20220307-h-h7-busentreparisetermontpersan-0703au2406-avec-sr.pdf"" target="""">Pour plus d'informations sur les horaires du lundi 07 mars au vendredi 24 juin sauf le mardi 21 juin, cliquez ici pour télécharger l'affiche PDF.</a><br>Les horaires du calculateur d'itinéraire tiennent compte des travaux.<br>Motif : travaux.</p> / Ligne H : Paris-Persan via Valmondois 03/01-24/06";20220209T104007;Transilien Train Transilien H;4436eadc-898c-11ec-a6cf-005056a44da2;travaux
future;Incidents;30;perturbée;SIGNIFICANT_DELAYS;20220805T204500;20220806T032500;4436eadc-898c-11ec-a6cf-005056a44da2;" / Ligne H : Paris-Persan via Valmondois 03/01-24/06 / <p>Période : en soirée<br>Dates : du lundi 03 janvier au vendredi 24 juin 2022<br>Le trafic est interrompu entre Paris Gare du Nord et Persan - Beaumont via Valmondois.<br>Un service de bus de remplacement est mis en place, avec desserte des gares intermédiaires.<br><a href=""http://www.transilien.com/sites/transilien/files/2022-01/20220103-H-%201%20BUS%20ENTRE%20PARIS%20ET%20ERMONT-%20PERSAN%20%200301%20AU%200403%20puis%20SR.pdf "" target=""_blank"">Pour plus d'informations sur les horaires du lundi 03 janvier au vendredi 04 mars, cliquez ici pour télécharger l'affiche PDF.</a><br><a href=""https://www.transilien.com/sites/transilien/files/2022-02/20220307-h-h7-busentreparisetermontpersan-0703au2406-avec-sr.pdf"" target="""">Pour plus d'informations sur les horaires du lundi 07 mars au vendredi 24 juin sauf le mardi 21 juin, cliquez ici pour télécharger l'affiche PDF.</a><br>Les horaires du calculateur d'itinéraire tiennent compte des travaux.<br>Motif : travaux.</p> / Ligne H : Paris-Persan via Valmondois 03/01-24/06";20220209T104007;Transilien Train Transilien H;4436eadc-898c-11ec-a6cf-005056a44da2;travaux
future;Incidents;30;perturbée;SIGNIFICANT_DELAYS;20220808T204500;20220809T032500;4436eadc-898c-11ec-a6cf-005056a44da2;" / Ligne H : Paris-Persan via Valmondois 03/01-24/06 / <p>Période : en soirée<br>Dates : du lundi 03 janvier au vendredi 24 juin 2022<br>Le trafic est interrompu entre Paris Gare du Nord et Persan - Beaumont via Valmondois.<br>Un service de bus de remplacement est mis en place, avec desserte des gares intermédiaires.<br><a href=""http://www.transilien.com/sites/transilien/files/2022-01/20220103-H-%201%20BUS%20ENTRE%20PARIS%20ET%20ERMONT-%20PERSAN%20%200301%20AU%200403%20puis%20SR.pdf "" target=""_blank"">Pour plus d'informations sur les horaires du lundi 03 janvier au vendredi 04 mars, cliquez ici pour télécharger l'affiche PDF.</a><br><a href=""https://www.transilien.com/sites/transilien/files/2022-02/20220307-h-h7-busentreparisetermontpersan-0703au2406-avec-sr.pdf"" target="""">Pour plus d'informations sur les horaires du lundi 07 mars au vendredi 24 juin sauf le mardi 21 juin, cliquez ici pour télécharger l'affiche PDF.</a><br>Les horaires du calculateur d'itinéraire tiennent compte des travaux.<br>Motif : travaux.</p> / Ligne H : Paris-Persan via Valmondois 03/01-24/06";20220209T104007;Transilien Train Transilien H;4436eadc-898c-11ec-a6cf-005056a44da2;travaux
future;Incidents;30;perturbée;SIGNIFICANT_DELAYS;20220809T204500;20220810T032500;4436eadc-898c-11ec-a6cf-005056a44da2;" / Ligne H : Paris-Persan via Valmondois 03/01-24/06 / <p>Période : en soirée<br>Dates : du lundi 03 janvier au vendredi 24 juin 2022<br>Le trafic est interrompu entre Paris Gare du Nord et Persan - Beaumont via Valmondois.<br>Un service de bus de remplacement est mis en place, avec desserte des gares intermédiaires.<br><a href=""http://www.transilien.com/sites/transilien/files/2022-01/20220103-H-%201%20BUS%20ENTRE%20PARIS%20ET%20ERMONT-%20PERSAN%20%200301%20AU%200403%20puis%20SR.pdf "" target=""_blank"">Pour plus d'informations sur les horaires du lundi 03 janvier au vendredi 04 mars, cliquez ici pour télécharger l'affiche PDF.</a><br><a href=""https://www.transilien.com/sites/transilien/files/2022-02/20220307-h-h7-busentreparisetermontpersan-0703au2406-avec-sr.pdf"" target="""">Pour plus d'informations sur les horaires du lundi 07 mars au vendredi 24 juin sauf le mardi 21 juin, cliquez ici pour télécharger l'affiche PDF.</a><br>Les horaires du calculateur d'itinéraire tiennent compte des travaux.<br>Motif : travaux.</p> / Ligne H : Paris-Persan via Valmondois 03/01-24/06";20220209T104007;Transilien Train Transilien H;4436eadc-898c-11ec-a6cf-005056a44da2;travaux
future;Incidents;30;perturbée;SIGNIFICANT_DELAYS;20220810T204500;20220811T032500;4436eadc-898c-11ec-a6cf-005056a44da2;" / Ligne H : Paris-Persan via Valmondois 03/01-24/06 / <p>Période : en soirée<br>Dates : du lundi 03 janvier au vendredi 24 juin 2022<br>Le trafic est interrompu entre Paris Gare du Nord et Persan - Beaumont via Valmondois.<br>Un service de bus de remplacement est mis en place, avec desserte des gares intermédiaires.<br><a href=""http://www.transilien.com/sites/transilien/files/2022-01/20220103-H-%201%20BUS%20ENTRE%20PARIS%20ET%20ERMONT-%20PERSAN%20%200301%20AU%200403%20puis%20SR.pdf "" target=""_blank"">Pour plus d'informations sur les horaires du lundi 03 janvier au vendredi 04 mars, cliquez ici pour télécharger l'affiche PDF.</a><br><a href=""https://www.transilien.com/sites/transilien/files/2022-02/20220307-h-h7-busentreparisetermontpersan-0703au2406-avec-sr.pdf"" target="""">Pour plus d'informations sur les horaires du lundi 07 mars au vendredi 24 juin sauf le mardi 21 juin, cliquez ici pour télécharger l'affiche PDF.</a><br>Les horaires du calculateur d'itinéraire tiennent compte des travaux.<br>Motif : travaux.</p> / Ligne H : Paris-Persan via Valmondois 03/01-24/06";20220209T104007;Transilien Train Transilien H;4436eadc-898c-11ec-a6cf-005056a44da2;travaux
future;Incidents;30;perturbée;SIGNIFICANT_DELAYS;20220811T204500;20220812T032500;4436eadc-898c-11ec-a6cf-005056a44da2;" / Ligne H : Paris-Persan via Valmondois 03/01-24/06 / <p>Période : en soirée<br>Dates : du lundi 03 janvier au vendredi 24 juin 2022<br>Le trafic est interrompu entre Paris Gare du Nord et Persan - Beaumont via Valmondois.<br>Un service de bus de remplacement est mis en place, avec desserte des gares intermédiaires.<br><a href=""http://www.transilien.com/sites/transilien/files/2022-01/20220103-H-%201%20BUS%20ENTRE%20PARIS%20ET%20ERMONT-%20PERSAN%20%200301%20AU%200403%20puis%20SR.pdf "" target=""_blank"">Pour plus d'informations sur les horaires du lundi 03 janvier au vendredi 04 mars, cliquez ici pour télécharger l'affiche PDF.</a><br><a href=""https://www.transilien.com/sites/transilien/files/2022-02/20220307-h-h7-busentreparisetermontpersan-0703au2406-avec-sr.pdf"" target="""">Pour plus d'informations sur les horaires du lundi 07 mars au vendredi 24 juin sauf le mardi 21 juin, cliquez ici pour télécharger l'affiche PDF.</a><br>Les horaires du calculateur d'itinéraire tiennent compte des travaux.<br>Motif : travaux.</p> / Ligne H : Paris-Persan via Valmondois 03/01-24/06";20220209T104007;Transilien Train Transilien H;4436eadc-898c-11ec-a6cf-005056a44da2;travaux
future;Incidents;30;perturbée;SIGNIFICANT_DELAYS;20220812T204500;20220813T032500;4436eadc-898c-11ec-a6cf-005056a44da2;" / Ligne H : Paris-Persan via Valmondois 03/01-24/06 / <p>Période : en soirée<br>Dates : du lundi 03 janvier au vendredi 24 juin 2022<br>Le trafic est interrompu entre Paris Gare du Nord et Persan - Beaumont via Valmondois.<br>Un service de bus de remplacement est mis en place, avec desserte des gares intermédiaires.<br><a href=""http://www.transilien.com/sites/transilien/files/2022-01/20220103-H-%201%20BUS%20ENTRE%20PARIS%20ET%20ERMONT-%20PERSAN%20%200301%20AU%200403%20puis%20SR.pdf "" target=""_blank"">Pour plus d'informations sur les horaires du lundi 03 janvier au vendredi 04 mars, cliquez ici pour télécharger l'affiche PDF.</a><br><a href=""https://www.transilien.com/sites/transilien/files/2022-02/20220307-h-h7-busentreparisetermontpersan-0703au2406-avec-sr.pdf"" target="""">Pour plus d'informations sur les horaires du lundi 07 mars au vendredi 24 juin sauf le mardi 21 juin, cliquez ici pour télécharger l'affiche PDF.</a><br>Les horaires du calculateur d'itinéraire tiennent compte des travaux.<br>Motif : travaux.</p> / Ligne H : Paris-Persan via Valmondois 03/01-24/06";20220209T104007;Transilien Train Transilien H;4436eadc-898c-11ec-a6cf-005056a44da2;travaux
future;Incidents;30;perturbée;SIGNIFICANT_DELAYS;20220815T204500;20220816T032500;4436eadc-898c-11ec-a6cf-005056a44da2;" / Ligne H : Paris-Persan via Valmondois 03/01-24/06 / <p>Période : en soirée<br>Dates : du lundi 03 janvier au vendredi 24 juin 2022<br>Le trafic est interrompu entre Paris Gare du Nord et Persan - Beaumont via Valmondois.<br>Un service de bus de remplacement est mis en place, avec desserte des gares intermédiaires.<br><a href=""http://www.transilien.com/sites/transilien/files/2022-01/20220103-H-%201%20BUS%20ENTRE%20PARIS%20ET%20ERMONT-%20PERSAN%20%200301%20AU%200403%20puis%20SR.pdf "" target=""_blank"">Pour plus d'informations sur les horaires du lundi 03 janvier au vendredi 04 mars, cliquez ici pour télécharger l'affiche PDF.</a><br><a href=""https://www.transilien.com/sites/transilien/files/2022-02/20220307-h-h7-busentreparisetermontpersan-0703au2406-avec-sr.pdf"" target="""">Pour plus d'informations sur les horaires du lundi 07 mars au vendredi 24 juin sauf le mardi 21 juin, cliquez ici pour télécharger l'affiche PDF.</a><br>Les horaires du calculateur d'itinéraire tiennent compte des travaux.<br>Motif : travaux.</p> / Ligne H : Paris-Persan via Valmondois 03/01-24/06";20220209T104007;Transilien Train Transilien H;4436eadc-898c-11ec-a6cf-005056a44da2;travaux
future;Incidents;30;perturbée;SIGNIFICANT_DELAYS;20220816T204500;20220817T032500;4436eadc-898c-11ec-a6cf-005056a44da2;" / Ligne H : Paris-Persan via Valmondois 03/01-24/06 / <p>Période : en soirée<br>Dates : du lundi 03 janvier au vendredi 24 juin 2022<br>Le trafic est interrompu entre Paris Gare du Nord et Persan - Beaumont via Valmondois.<br>Un service de bus de remplacement est mis en place, avec desserte des gares intermédiaires.<br><a href=""http://www.transilien.com/sites/transilien/files/2022-01/20220103-H-%201%20BUS%20ENTRE%20PARIS%20ET%20ERMONT-%20PERSAN%20%200301%20AU%200403%20puis%20SR.pdf "" target=""_blank"">Pour plus d'informations sur les horaires du lundi 03 janvier au vendredi 04 mars, cliquez ici pour télécharger l'affiche PDF.</a><br><a href=""https://www.transilien.com/sites/transilien/files/2022-02/20220307-h-h7-busentreparisetermontpersan-0703au2406-avec-sr.pdf"" target="""">Pour plus d'informations sur les horaires du lundi 07 mars au vendredi 24 juin sauf le mardi 21 juin, cliquez ici pour télécharger l'affiche PDF.</a><br>Les horaires du calculateur d'itinéraire tiennent compte des travaux.<br>Motif : travaux.</p> / Ligne H : Paris-Persan via Valmondois 03/01-24/06";20220209T104007;Transilien Train Transilien H;4436eadc-898c-11ec-a6cf-005056a44da2;travaux
future;Incidents;30;perturbée;SIGNIFICANT_DELAYS;20220817T204500;20220818T032500;4436eadc-898c-11ec-a6cf-005056a44da2;" / Ligne H : Paris-Persan via Valmondois 03/01-24/06 / <p>Période : en soirée<br>Dates : du lundi 03 janvier au vendredi 24 juin 2022<br>Le trafic est interrompu entre Paris Gare du Nord et Persan - Beaumont via Valmondois.<br>Un service de bus de remplacement est mis en place, avec desserte des gares intermédiaires.<br><a href=""http://www.transilien.com/sites/transilien/files/2022-01/20220103-H-%201%20BUS%20ENTRE%20PARIS%20ET%20ERMONT-%20PERSAN%20%200301%20AU%200403%20puis%20SR.pdf "" target=""_blank"">Pour plus d'informations sur les horaires du lundi 03 janvier au vendredi 04 mars, cliquez ici pour télécharger l'affiche PDF.</a><br><a href=""https://www.transilien.com/sites/transilien/files/2022-02/20220307-h-h7-busentreparisetermontpersan-0703au2406-avec-sr.pdf"" target="""">Pour plus d'informations sur les horaires du lundi 07 mars au vendredi 24 juin sauf le mardi 21 juin, cliquez ici pour télécharger l'affiche PDF.</a><br>Les horaires du calculateur d'itinéraire tiennent compte des travaux.<br>Motif : travaux.</p> / Ligne H : Paris-Persan via Valmondois 03/01-24/06";20220209T104007;Transilien Train Transilien H;4436eadc-898c-11ec-a6cf-005056a44da2;travaux
future;Incidents;30;perturbée;SIGNIFICANT_DELAYS;20220818T204500;20220819T032500;4436eadc-898c-11ec-a6cf-005056a44da2;" / Ligne H : Paris-Persan via Valmondois 03/01-24/06 / <p>Période : en soirée<br>Dates : du lundi 03 janvier au vendredi 24 juin 2022<br>Le trafic est interrompu entre Paris Gare du Nord et Persan - Beaumont via Valmondois.<br>Un service de bus de remplacement est mis en place, avec desserte des gares intermédiaires.<br><a href=""http://www.transilien.com/sites/transilien/files/2022-01/20220103-H-%201%20BUS%20ENTRE%20PARIS%20ET%20ERMONT-%20PERSAN%20%200301%20AU%200403%20puis%20SR.pdf "" target=""_blank"">Pour plus d'informations sur les horaires du lundi 03 janvier au vendredi 04 mars, cliquez ici pour télécharger l'affiche PDF.</a><br><a href=""https://www.transilien.com/sites/transilien/files/2022-02/20220307-h-h7-busentreparisetermontpersan-0703au2406-avec-sr.pdf"" target="""">Pour plus d'informations sur les horaires du lundi 07 mars au vendredi 24 juin sauf le mardi 21 juin, cliquez ici pour télécharger l'affiche PDF.</a><br>Les horaires du calculateur d'itinéraire tiennent compte des travaux.<br>Motif : travaux.</p> / Ligne H : Paris-Persan via Valmondois 03/01-24/06";20220209T104007;Transilien Train Transilien H;4436eadc-898c-11ec-a6cf-005056a44da2;travaux
future;Incidents;30;perturbée;SIGNIFICANT_DELAYS;20220819T204500;20220820T032500;4436eadc-898c-11ec-a6cf-005056a44da2;" / Ligne H : Paris-Persan via Valmondois 03/01-24/06 / <p>Période : en soirée<br>Dates : du lundi 03 janvier au vendredi 24 juin 2022<br>Le trafic est interrompu entre Paris Gare du Nord et Persan - Beaumont via Valmondois.<br>Un service de bus de remplacement est mis en place, avec desserte des gares intermédiaires.<br><a href=""http://www.transilien.com/sites/transilien/files/2022-01/20220103-H-%201%20BUS%20ENTRE%20PARIS%20ET%20ERMONT-%20PERSAN%20%200301%20AU%200403%20puis%20SR.pdf "" target=""_blank"">Pour plus d'informations sur les horaires du lundi 03 janvier au vendredi 04 mars, cliquez ici pour télécharger l'affiche PDF.</a><br><a href=""https://www.transilien.com/sites/transilien/files/2022-02/20220307-h-h7-busentreparisetermontpersan-0703au2406-avec-sr.pdf"" target="""">Pour plus d'informations sur les horaires du lundi 07 mars au vendredi 24 juin sauf le mardi 21 juin, cliquez ici pour télécharger l'affiche PDF.</a><br>Les horaires du calculateur d'itinéraire tiennent compte des travaux.<br>Motif : travaux.</p> / Ligne H : Paris-Persan via Valmondois 03/01-24/06";20220209T104007;Transilien Train Transilien H;4436eadc-898c-11ec-a6cf-005056a44da2;travaux
future;Incidents;30;perturbée;SIGNIFICANT_DELAYS;20220822T204500;20220823T032500;4436eadc-898c-11ec-a6cf-005056a44da2;" / Ligne H : Paris-Persan via Valmondois 03/01-24/06 / <p>Période : en soirée<br>Dates : du lundi 03 janvier au vendredi 24 juin 2022<br>Le trafic est interrompu entre Paris Gare du Nord et Persan - Beaumont via Valmondois.<br>Un service de bus de remplacement est mis en place, avec desserte des gares intermédiaires.<br><a href=""http://www.transilien.com/sites/transilien/files/2022-01/20220103-H-%201%20BUS%20ENTRE%20PARIS%20ET%20ERMONT-%20PERSAN%20%200301%20AU%200403%20puis%20SR.pdf "" target=""_blank"">Pour plus d'informations sur les horaires du lundi 03 janvier au vendredi 04 mars, cliquez ici pour télécharger l'affiche PDF.</a><br><a href=""https://www.transilien.com/sites/transilien/files/2022-02/20220307-h-h7-busentreparisetermontpersan-0703au2406-avec-sr.pdf"" target="""">Pour plus d'informations sur les horaires du lundi 07 mars au vendredi 24 juin sauf le mardi 21 juin, cliquez ici pour télécharger l'affiche PDF.</a><br>Les horaires du calculateur d'itinéraire tiennent compte des travaux.<br>Motif : travaux.</p> / Ligne H : Paris-Persan via Valmondois 03/01-24/06";20220209T104007;Transilien Train Transilien H;4436eadc-898c-11ec-a6cf-005056a44da2;travaux
future;Incidents;30;perturbée;SIGNIFICANT_DELAYS;20220823T204500;20220824T032500;4436eadc-898c-11ec-a6cf-005056a44da2;" / Ligne H : Paris-Persan via Valmondois 03/01-24/06 / <p>Période : en soirée<br>Dates : du lundi 03 janvier au vendredi 24 juin 2022<br>Le trafic est interrompu entre Paris Gare du Nord et Persan - Beaumont via Valmondois.<br>Un service de bus de remplacement est mis en place, avec desserte des gares intermédiaires.<br><a href=""http://www.transilien.com/sites/transilien/files/2022-01/20220103-H-%201%20BUS%20ENTRE%20PARIS%20ET%20ERMONT-%20PERSAN%20%200301%20AU%200403%20puis%20SR.pdf "" target=""_blank"">Pour plus d'informations sur les horaires du lundi 03 janvier au vendredi 04 mars, cliquez ici pour télécharger l'affiche PDF.</a><br><a href=""https://www.transilien.com/sites/transilien/files/2022-02/20220307-h-h7-busentreparisetermontpersan-0703au2406-avec-sr.pdf"" target="""">Pour plus d'informations sur les horaires du lundi 07 mars au vendredi 24 juin sauf le mardi 21 juin, cliquez ici pour télécharger l'affiche PDF.</a><br>Les horaires du calculateur d'itinéraire tiennent compte des travaux.<br>Motif : travaux.</p> / Ligne H : Paris-Persan via Valmondois 03/01-24/06";20220209T104007;Transilien Train Transilien H;4436eadc-898c-11ec-a6cf-005056a44da2;travaux
future;Incidents;30;perturbée;SIGNIFICANT_DELAYS;20220824T204500;20220825T032500;4436eadc-898c-11ec-a6cf-005056a44da2;" / Ligne H : Paris-Persan via Valmondois 03/01-24/06 / <p>Période : en soirée<br>Dates : du lundi 03 janvier au vendredi 24 juin 2022<br>Le trafic est interrompu entre Paris Gare du Nord et Persan - Beaumont via Valmondois.<br>Un service de bus de remplacement est mis en place, avec desserte des gares intermédiaires.<br><a href=""http://www.transilien.com/sites/transilien/files/2022-01/20220103-H-%201%20BUS%20ENTRE%20PARIS%20ET%20ERMONT-%20PERSAN%20%200301%20AU%200403%20puis%20SR.pdf "" target=""_blank"">Pour plus d'informations sur les horaires du lundi 03 janvier au vendredi 04 mars, cliquez ici pour télécharger l'affiche PDF.</a><br><a href=""https://www.transilien.com/sites/transilien/files/2022-02/20220307-h-h7-busentreparisetermontpersan-0703au2406-avec-sr.pdf"" target="""">Pour plus d'informations sur les horaires du lundi 07 mars au vendredi 24 juin sauf le mardi 21 juin, cliquez ici pour télécharger l'affiche PDF.</a><br>Les horaires du calculateur d'itinéraire tiennent compte des travaux.<br>Motif : travaux.</p> / Ligne H : Paris-Persan via Valmondois 03/01-24/06";20220209T104007;Transilien Train Transilien H;4436eadc-898c-11ec-a6cf-005056a44da2;travaux
future;Incidents;30;perturbée;SIGNIFICANT_DELAYS;20220825T204500;20220826T032500;4436eadc-898c-11ec-a6cf-005056a44da2;" / Ligne H : Paris-Persan via Valmondois 03/01-24/06 / <p>Période : en soirée<br>Dates : du lundi 03 janvier au vendredi 24 juin 2022<br>Le trafic est interrompu entre Paris Gare du Nord et Persan - Beaumont via Valmondois.<br>Un service de bus de remplacement est mis en place, avec desserte des gares intermédiaires.<br><a href=""http://www.transilien.com/sites/transilien/files/2022-01/20220103-H-%201%20BUS%20ENTRE%20PARIS%20ET%20ERMONT-%20PERSAN%20%200301%20AU%200403%20puis%20SR.pdf "" target=""_blank"">Pour plus d'informations sur les horaires du lundi 03 janvier au vendredi 04 mars, cliquez ici pour télécharger l'affiche PDF.</a><br><a href=""https://www.transilien.com/sites/transilien/files/2022-02/20220307-h-h7-busentreparisetermontpersan-0703au2406-avec-sr.pdf"" target="""">Pour plus d'informations sur les horaires du lundi 07 mars au vendredi 24 juin sauf le mardi 21 juin, cliquez ici pour télécharger l'affiche PDF.</a><br>Les horaires du calculateur d'itinéraire tiennent compte des travaux.<br>Motif : travaux.</p> / Ligne H : Paris-Persan via Valmondois 03/01-24/06";20220209T104007;Transilien Train Transilien H;4436eadc-898c-11ec-a6cf-005056a44da2;travaux
future;Incidents;30;perturbée;SIGNIFICANT_DELAYS;20220826T204500;20220827T032500;4436eadc-898c-11ec-a6cf-005056a44da2;" / Ligne H : Paris-Persan via Valmondois 03/01-24/06 / <p>Période : en soirée<br>Dates : du lundi 03 janvier au vendredi 24 juin 2022<br>Le trafic est interrompu entre Paris Gare du Nord et Persan - Beaumont via Valmondois.<br>Un service de bus de remplacement est mis en place, avec desserte des gares intermédiaires.<br><a href=""http://www.transilien.com/sites/transilien/files/2022-01/20220103-H-%201%20BUS%20ENTRE%20PARIS%20ET%20ERMONT-%20PERSAN%20%200301%20AU%200403%20puis%20SR.pdf "" target=""_blank"">Pour plus d'informations sur les horaires du lundi 03 janvier au vendredi 04 mars, cliquez ici pour télécharger l'affiche PDF.</a><br><a href=""https://www.transilien.com/sites/transilien/files/2022-02/20220307-h-h7-busentreparisetermontpersan-0703au2406-avec-sr.pdf"" target="""">Pour plus d'informations sur les horaires du lundi 07 mars au vendredi 24 juin sauf le mardi 21 juin, cliquez ici pour télécharger l'affiche PDF.</a><br>Les horaires du calculateur d'itinéraire tiennent compte des travaux.<br>Motif : travaux.</p> / Ligne H : Paris-Persan via Valmondois 03/01-24/06";20220209T104007;Transilien Train Transilien H;4436eadc-898c-11ec-a6cf-005056a44da2;travaux
future;Incidents;30;perturbée;SIGNIFICANT_DELAYS;20220829T204500;20220830T032500;4436eadc-898c-11ec-a6cf-005056a44da2;" / Ligne H : Paris-Persan via Valmondois 03/01-24/06 / <p>Période : en soirée<br>Dates : du lundi 03 janvier au vendredi 24 juin 2022<br>Le trafic est interrompu entre Paris Gare du Nord et Persan - Beaumont via Valmondois.<br>Un service de bus de remplacement est mis en place, avec desserte des gares intermédiaires.<br><a href=""http://www.transilien.com/sites/transilien/files/2022-01/20220103-H-%201%20BUS%20ENTRE%20PARIS%20ET%20ERMONT-%20PERSAN%20%200301%20AU%200403%20puis%20SR.pdf "" target=""_blank"">Pour plus d'informations sur les horaires du lundi 03 janvier au vendredi 04 mars, cliquez ici pour télécharger l'affiche PDF.</a><br><a href=""https://www.transilien.com/sites/transilien/files/2022-02/20220307-h-h7-busentreparisetermontpersan-0703au2406-avec-sr.pdf"" target="""">Pour plus d'informations sur les horaires du lundi 07 mars au vendredi 24 juin sauf le mardi 21 juin, cliquez ici pour télécharger l'affiche PDF.</a><br>Les horaires du calculateur d'itinéraire tiennent compte des travaux.<br>Motif : travaux.</p> / Ligne H : Paris-Persan via Valmondois 03/01-24/06";20220209T104007;Transilien Train Transilien H;4436eadc-898c-11ec-a6cf-005056a44da2;travaux
future;Incidents;30;perturbée;SIGNIFICANT_DELAYS;20220830T204500;20220831T032500;4436eadc-898c-11ec-a6cf-005056a44da2;" / Ligne H : Paris-Persan via Valmondois 03/01-24/06 / <p>Période : en soirée<br>Dates : du lundi 03 janvier au vendredi 24 juin 2022<br>Le trafic est interrompu entre Paris Gare du Nord et Persan - Beaumont via Valmondois.<br>Un service de bus de remplacement est mis en place, avec desserte des gares intermédiaires.<br><a href=""http://www.transilien.com/sites/transilien/files/2022-01/20220103-H-%201%20BUS%20ENTRE%20PARIS%20ET%20ERMONT-%20PERSAN%20%200301%20AU%200403%20puis%20SR.pdf "" target=""_blank"">Pour plus d'informations sur les horaires du lundi 03 janvier au vendredi 04 mars, cliquez ici pour télécharger l'affiche PDF.</a><br><a href=""https://www.transilien.com/sites/transilien/files/2022-02/20220307-h-h7-busentreparisetermontpersan-0703au2406-avec-sr.pdf"" target="""">Pour plus d'informations sur les horaires du lundi 07 mars au vendredi 24 juin sauf le mardi 21 juin, cliquez ici pour télécharger l'affiche PDF.</a><br>Les horaires du calculateur d'itinéraire tiennent compte des travaux.<br>Motif : travaux.</p> / Ligne H : Paris-Persan via Valmondois 03/01-24/06";20220209T104007;Transilien Train Transilien H;4436eadc-898c-11ec-a6cf-005056a44da2;travaux
future;Incidents;30;perturbée;SIGNIFICANT_DELAYS;20220831T204500;20220901T032500;4436eadc-898c-11ec-a6cf-005056a44da2;" / Ligne H : Paris-Persan via Valmondois 03/01-24/06 / <p>Période : en soirée<br>Dates : du lundi 03 janvier au vendredi 24 juin 2022<br>Le trafic est interrompu entre Paris Gare du Nord et Persan - Beaumont via Valmondois.<br>Un service de bus de remplacement est mis en place, avec desserte des gares intermédiaires.<br><a href=""http://www.transilien.com/sites/transilien/files/2022-01/20220103-H-%201%20BUS%20ENTRE%20PARIS%20ET%20ERMONT-%20PERSAN%20%200301%20AU%200403%20puis%20SR.pdf "" target=""_blank"">Pour plus d'informations sur les horaires du lundi 03 janvier au vendredi 04 mars, cliquez ici pour télécharger l'affiche PDF.</a><br><a href=""https://www.transilien.com/sites/transilien/files/2022-02/20220307-h-h7-busentreparisetermontpersan-0703au2406-avec-sr.pdf"" target="""">Pour plus d'informations sur les horaires du lundi 07 mars au vendredi 24 juin sauf le mardi 21 juin, cliquez ici pour télécharger l'affiche PDF.</a><br>Les horaires du calculateur d'itinéraire tiennent compte des travaux.<br>Motif : travaux.</p> / Ligne H : Paris-Persan via Valmondois 03/01-24/06";20220209T104007;Transilien Train Transilien H;4436eadc-898c-11ec-a6cf-005056a44da2;travaux
future;Incidents;30;perturbée;SIGNIFICANT_DELAYS;20220901T204500;20220902T032500;4436eadc-898c-11ec-a6cf-005056a44da2;" / Ligne H : Paris-Persan via Valmondois 03/01-24/06 / <p>Période : en soirée<br>Dates : du lundi 03 janvier au vendredi 24 juin 2022<br>Le trafic est interrompu entre Paris Gare du Nord et Persan - Beaumont via Valmondois.<br>Un service de bus de remplacement est mis en place, avec desserte des gares intermédiaires.<br><a href=""http://www.transilien.com/sites/transilien/files/2022-01/20220103-H-%201%20BUS%20ENTRE%20PARIS%20ET%20ERMONT-%20PERSAN%20%200301%20AU%200403%20puis%20SR.pdf "" target=""_blank"">Pour plus d'informations sur les horaires du lundi 03 janvier au vendredi 04 mars, cliquez ici pour télécharger l'affiche PDF.</a><br><a href=""https://www.transilien.com/sites/transilien/files/2022-02/20220307-h-h7-busentreparisetermontpersan-0703au2406-avec-sr.pdf"" target="""">Pour plus d'informations sur les horaires du lundi 07 mars au vendredi 24 juin sauf le mardi 21 juin, cliquez ici pour télécharger l'affiche PDF.</a><br>Les horaires du calculateur d'itinéraire tiennent compte des travaux.<br>Motif : travaux.</p> / Ligne H : Paris-Persan via Valmondois 03/01-24/06";20220209T104007;Transilien Train Transilien H;4436eadc-898c-11ec-a6cf-005056a44da2;travaux
future;Incidents;30;perturbée;SIGNIFICANT_DELAYS;20220902T204500;20220903T032500;4436eadc-898c-11ec-a6cf-005056a44da2;" / Ligne H : Paris-Persan via Valmondois 03/01-24/06 / <p>Période : en soirée<br>Dates : du lundi 03 janvier au vendredi 24 juin 2022<br>Le trafic est interrompu entre Paris Gare du Nord et Persan - Beaumont via Valmondois.<br>Un service de bus de remplacement est mis en place, avec desserte des gares intermédiaires.<br><a href=""http://www.transilien.com/sites/transilien/files/2022-01/20220103-H-%201%20BUS%20ENTRE%20PARIS%20ET%20ERMONT-%20PERSAN%20%200301%20AU%200403%20puis%20SR.pdf "" target=""_blank"">Pour plus d'informations sur les horaires du lundi 03 janvier au vendredi 04 mars, cliquez ici pour télécharger l'affiche PDF.</a><br><a href=""https://www.transilien.com/sites/transilien/files/2022-02/20220307-h-h7-busentreparisetermontpersan-0703au2406-avec-sr.pdf"" target="""">Pour plus d'informations sur les horaires du lundi 07 mars au vendredi 24 juin sauf le mardi 21 juin, cliquez ici pour télécharger l'affiche PDF.</a><br>Les horaires du calculateur d'itinéraire tiennent compte des travaux.<br>Motif : travaux.</p> / Ligne H : Paris-Persan via Valmondois 03/01-24/06";20220209T104007;Transilien Train Transilien H;4436eadc-898c-11ec-a6cf-005056a44da2;travaux
future;Incidents;30;perturbée;SIGNIFICANT_DELAYS;20220905T204500;20220906T032500;4436eadc-898c-11ec-a6cf-005056a44da2;" / Ligne H : Paris-Persan via Valmondois 03/01-24/06 / <p>Période : en soirée<br>Dates : du lundi 03 janvier au vendredi 24 juin 2022<br>Le trafic est interrompu entre Paris Gare du Nord et Persan - Beaumont via Valmondois.<br>Un service de bus de remplacement est mis en place, avec desserte des gares intermédiaires.<br><a href=""http://www.transilien.com/sites/transilien/files/2022-01/20220103-H-%201%20BUS%20ENTRE%20PARIS%20ET%20ERMONT-%20PERSAN%20%200301%20AU%200403%20puis%20SR.pdf "" target=""_blank"">Pour plus d'informations sur les horaires du lundi 03 janvier au vendredi 04 mars, cliquez ici pour télécharger l'affiche PDF.</a><br><a href=""https://www.transilien.com/sites/transilien/files/2022-02/20220307-h-h7-busentreparisetermontpersan-0703au2406-avec-sr.pdf"" target="""">Pour plus d'informations sur les horaires du lundi 07 mars au vendredi 24 juin sauf le mardi 21 juin, cliquez ici pour télécharger l'affiche PDF.</a><br>Les horaires du calculateur d'itinéraire tiennent compte des travaux.<br>Motif : travaux.</p> / Ligne H : Paris-Persan via Valmondois 03/01-24/06";20220209T104007;Transilien Train Transilien H;4436eadc-898c-11ec-a6cf-005056a44da2;travaux
future;Incidents;30;perturbée;SIGNIFICANT_DELAYS;20220906T204500;20220907T032500;4436eadc-898c-11ec-a6cf-005056a44da2;" / Ligne H : Paris-Persan via Valmondois 03/01-24/06 / <p>Période : en soirée<br>Dates : du lundi 03 janvier au vendredi 24 juin 2022<br>Le trafic est interrompu entre Paris Gare du Nord et Persan - Beaumont via Valmondois.<br>Un service de bus de remplacement est mis en place, avec desserte des gares intermédiaires.<br><a href=""http://www.transilien.com/sites/transilien/files/2022-01/20220103-H-%201%20BUS%20ENTRE%20PARIS%20ET%20ERMONT-%20PERSAN%20%200301%20AU%200403%20puis%20SR.pdf "" target=""_blank"">Pour plus d'informations sur les horaires du lundi 03 janvier au vendredi 04 mars, cliquez ici pour télécharger l'affiche PDF.</a><br><a href=""https://www.transilien.com/sites/transilien/files/2022-02/20220307-h-h7-busentreparisetermontpersan-0703au2406-avec-sr.pdf"" target="""">Pour plus d'informations sur les horaires du lundi 07 mars au vendredi 24 juin sauf le mardi 21 juin, cliquez ici pour télécharger l'affiche PDF.</a><br>Les horaires du calculateur d'itinéraire tiennent compte des travaux.<br>Motif : travaux.</p> / Ligne H : Paris-Persan via Valmondois 03/01-24/06";20220209T104007;Transilien Train Transilien H;4436eadc-898c-11ec-a6cf-005056a44da2;travaux
future;Incidents;30;perturbée;SIGNIFICANT_DELAYS;20220907T204500;20220908T032500;4436eadc-898c-11ec-a6cf-005056a44da2;" / Ligne H : Paris-Persan via Valmondois 03/01-24/06 / <p>Période : en soirée<br>Dates : du lundi 03 janvier au vendredi 24 juin 2022<br>Le trafic est interrompu entre Paris Gare du Nord et Persan - Beaumont via Valmondois.<br>Un service de bus de remplacement est mis en place, avec desserte des gares intermédiaires.<br><a href=""http://www.transilien.com/sites/transilien/files/2022-01/20220103-H-%201%20BUS%20ENTRE%20PARIS%20ET%20ERMONT-%20PERSAN%20%200301%20AU%200403%20puis%20SR.pdf "" target=""_blank"">Pour plus d'informations sur les horaires du lundi 03 janvier au vendredi 04 mars, cliquez ici pour télécharger l'affiche PDF.</a><br><a href=""https://www.transilien.com/sites/transilien/files/2022-02/20220307-h-h7-busentreparisetermontpersan-0703au2406-avec-sr.pdf"" target="""">Pour plus d'informations sur les horaires du lundi 07 mars au vendredi 24 juin sauf le mardi 21 juin, cliquez ici pour télécharger l'affiche PDF.</a><br>Les horaires du calculateur d'itinéraire tiennent compte des travaux.<br>Motif : travaux.</p> / Ligne H : Paris-Persan via Valmondois 03/01-24/06";20220209T104007;Transilien Train Transilien H;4436eadc-898c-11ec-a6cf-005056a44da2;travaux
future;Incidents;30;perturbée;SIGNIFICANT_DELAYS;20220908T204500;20220909T032500;4436eadc-898c-11ec-a6cf-005056a44da2;" / Ligne H : Paris-Persan via Valmondois 03/01-24/06 / <p>Période : en soirée<br>Dates : du lundi 03 janvier au vendredi 24 juin 2022<br>Le trafic est interrompu entre Paris Gare du Nord et Persan - Beaumont via Valmondois.<br>Un service de bus de remplacement est mis en place, avec desserte des gares intermédiaires.<br><a href=""http://www.transilien.com/sites/transilien/files/2022-01/20220103-H-%201%20BUS%20ENTRE%20PARIS%20ET%20ERMONT-%20PERSAN%20%200301%20AU%200403%20puis%20SR.pdf "" target=""_blank"">Pour plus d'informations sur les horaires du lundi 03 janvier au vendredi 04 mars, cliquez ici pour télécharger l'affiche PDF.</a><br><a href=""https://www.transilien.com/sites/transilien/files/2022-02/20220307-h-h7-busentreparisetermontpersan-0703au2406-avec-sr.pdf"" target="""">Pour plus d'informations sur les horaires du lundi 07 mars au vendredi 24 juin sauf le mardi 21 juin, cliquez ici pour télécharger l'affiche PDF.</a><br>Les horaires du calculateur d'itinéraire tiennent compte des travaux.<br>Motif : travaux.</p> / Ligne H : Paris-Persan via Valmondois 03/01-24/06";20220209T104007;Transilien Train Transilien H;4436eadc-898c-11ec-a6cf-005056a44da2;travaux
future;Incidents;30;perturbée;SIGNIFICANT_DELAYS;20220909T204500;20220910T032500;4436eadc-898c-11ec-a6cf-005056a44da2;" / Ligne H : Paris-Persan via Valmondois 03/01-24/06 / <p>Période : en soirée<br>Dates : du lundi 03 janvier au vendredi 24 juin 2022<br>Le trafic est interrompu entre Paris Gare du Nord et Persan - Beaumont via Valmondois.<br>Un service de bus de remplacement est mis en place, avec desserte des gares intermédiaires.<br><a href=""http://www.transilien.com/sites/transilien/files/2022-01/20220103-H-%201%20BUS%20ENTRE%20PARIS%20ET%20ERMONT-%20PERSAN%20%200301%20AU%200403%20puis%20SR.pdf "" target=""_blank"">Pour plus d'informations sur les horaires du lundi 03 janvier au vendredi 04 mars, cliquez ici pour télécharger l'affiche PDF.</a><br><a href=""https://www.transilien.com/sites/transilien/files/2022-02/20220307-h-h7-busentreparisetermontpersan-0703au2406-avec-sr.pdf"" target="""">Pour plus d'informations sur les horaires du lundi 07 mars au vendredi 24 juin sauf le mardi 21 juin, cliquez ici pour télécharger l'affiche PDF.</a><br>Les horaires du calculateur d'itinéraire tiennent compte des travaux.<br>Motif : travaux.</p> / Ligne H : Paris-Persan via Valmondois 03/01-24/06";20220209T104007;Transilien Train Transilien H;4436eadc-898c-11ec-a6cf-005056a44da2;travaux
future;Incidents;30;perturbée;SIGNIFICANT_DELAYS;20220912T204500;20220913T032500;4436eadc-898c-11ec-a6cf-005056a44da2;" / Ligne H : Paris-Persan via Valmondois 03/01-24/06 / <p>Période : en soirée<br>Dates : du lundi 03 janvier au vendredi 24 juin 2022<br>Le trafic est interrompu entre Paris Gare du Nord et Persan - Beaumont via Valmondois.<br>Un service de bus de remplacement est mis en place, avec desserte des gares intermédiaires.<br><a href=""http://www.transilien.com/sites/transilien/files/2022-01/20220103-H-%201%20BUS%20ENTRE%20PARIS%20ET%20ERMONT-%20PERSAN%20%200301%20AU%200403%20puis%20SR.pdf "" target=""_blank"">Pour plus d'informations sur les horaires du lundi 03 janvier au vendredi 04 mars, cliquez ici pour télécharger l'affiche PDF.</a><br><a href=""https://www.transilien.com/sites/transilien/files/2022-02/20220307-h-h7-busentreparisetermontpersan-0703au2406-avec-sr.pdf"" target="""">Pour plus d'informations sur les horaires du lundi 07 mars au vendredi 24 juin sauf le mardi 21 juin, cliquez ici pour télécharger l'affiche PDF.</a><br>Les horaires du calculateur d'itinéraire tiennent compte des travaux.<br>Motif : travaux.</p> / Ligne H : Paris-Persan via Valmondois 03/01-24/06";20220209T104007;Transilien Train Transilien H;4436eadc-898c-11ec-a6cf-005056a44da2;travaux
future;Incidents;30;perturbée;SIGNIFICANT_DELAYS;20220913T204500;20220914T032500;4436eadc-898c-11ec-a6cf-005056a44da2;" / Ligne H : Paris-Persan via Valmondois 03/01-24/06 / <p>Période : en soirée<br>Dates : du lundi 03 janvier au vendredi 24 juin 2022<br>Le trafic est interrompu entre Paris Gare du Nord et Persan - Beaumont via Valmondois.<br>Un service de bus de remplacement est mis en place, avec desserte des gares intermédiaires.<br><a href=""http://www.transilien.com/sites/transilien/files/2022-01/20220103-H-%201%20BUS%20ENTRE%20PARIS%20ET%20ERMONT-%20PERSAN%20%200301%20AU%200403%20puis%20SR.pdf "" target=""_blank"">Pour plus d'informations sur les horaires du lundi 03 janvier au vendredi 04 mars, cliquez ici pour télécharger l'affiche PDF.</a><br><a href=""https://www.transilien.com/sites/transilien/files/2022-02/20220307-h-h7-busentreparisetermontpersan-0703au2406-avec-sr.pdf"" target="""">Pour plus d'informations sur les horaires du lundi 07 mars au vendredi 24 juin sauf le mardi 21 juin, cliquez ici pour télécharger l'affiche PDF.</a><br>Les horaires du calculateur d'itinéraire tiennent compte des travaux.<br>Motif : travaux.</p> / Ligne H : Paris-Persan via Valmondois 03/01-24/06";20220209T104007;Transilien Train Transilien H;4436eadc-898c-11ec-a6cf-005056a44da2;travaux
future;Incidents;30;perturbée;SIGNIFICANT_DELAYS;20220914T204500;20220915T032500;4436eadc-898c-11ec-a6cf-005056a44da2;" / Ligne H : Paris-Persan via Valmondois 03/01-24/06 / <p>Période : en soirée<br>Dates : du lundi 03 janvier au vendredi 24 juin 2022<br>Le trafic est interrompu entre Paris Gare du Nord et Persan - Beaumont via Valmondois.<br>Un service de bus de remplacement est mis en place, avec desserte des gares intermédiaires.<br><a href=""http://www.transilien.com/sites/transilien/files/2022-01/20220103-H-%201%20BUS%20ENTRE%20PARIS%20ET%20ERMONT-%20PERSAN%20%200301%20AU%200403%20puis%20SR.pdf "" target=""_blank"">Pour plus d'informations sur les horaires du lundi 03 janvier au vendredi 04 mars, cliquez ici pour télécharger l'affiche PDF.</a><br><a href=""https://www.transilien.com/sites/transilien/files/2022-02/20220307-h-h7-busentreparisetermontpersan-0703au2406-avec-sr.pdf"" target="""">Pour plus d'informations sur les horaires du lundi 07 mars au vendredi 24 juin sauf le mardi 21 juin, cliquez ici pour télécharger l'affiche PDF.</a><br>Les horaires du calculateur d'itinéraire tiennent compte des travaux.<br>Motif : travaux.</p> / Ligne H : Paris-Persan via Valmondois 03/01-24/06";20220209T104007;Transilien Train Transilien H;4436eadc-898c-11ec-a6cf-005056a44da2;travaux
future;Incidents;30;perturbée;SIGNIFICANT_DELAYS;20220915T204500;20220916T032500;4436eadc-898c-11ec-a6cf-005056a44da2;" / Ligne H : Paris-Persan via Valmondois 03/01-24/06 / <p>Période : en soirée<br>Dates : du lundi 03 janvier au vendredi 24 juin 2022<br>Le trafic est interrompu entre Paris Gare du Nord et Persan - Beaumont via Valmondois.<br>Un service de bus de remplacement est mis en place, avec desserte des gares intermédiaires.<br><a href=""http://www.transilien.com/sites/transilien/files/2022-01/20220103-H-%201%20BUS%20ENTRE%20PARIS%20ET%20ERMONT-%20PERSAN%20%200301%20AU%200403%20puis%20SR.pdf "" target=""_blank"">Pour plus d'informations sur les horaires du lundi 03 janvier au vendredi 04 mars, cliquez ici pour télécharger l'affiche PDF.</a><br><a href=""https://www.transilien.com/sites/transilien/files/2022-02/20220307-h-h7-busentreparisetermontpersan-0703au2406-avec-sr.pdf"" target="""">Pour plus d'informations sur les horaires du lundi 07 mars au vendredi 24 juin sauf le mardi 21 juin, cliquez ici pour télécharger l'affiche PDF.</a><br>Les horaires du calculateur d'itinéraire tiennent compte des travaux.<br>Motif : travaux.</p> / Ligne H : Paris-Persan via Valmondois 03/01-24/06";20220209T104007;Transilien Train Transilien H;4436eadc-898c-11ec-a6cf-005056a44da2;travaux
future;Incidents;30;perturbée;SIGNIFICANT_DELAYS;20220916T204500;20220917T032500;4436eadc-898c-11ec-a6cf-005056a44da2;" / Ligne H : Paris-Persan via Valmondois 03/01-24/06 / <p>Période : en soirée<br>Dates : du lundi 03 janvier au vendredi 24 juin 2022<br>Le trafic est interrompu entre Paris Gare du Nord et Persan - Beaumont via Valmondois.<br>Un service de bus de remplacement est mis en place, avec desserte des gares intermédiaires.<br><a href=""http://www.transilien.com/sites/transilien/files/2022-01/20220103-H-%201%20BUS%20ENTRE%20PARIS%20ET%20ERMONT-%20PERSAN%20%200301%20AU%200403%20puis%20SR.pdf "" target=""_blank"">Pour plus d'informations sur les horaires du lundi 03 janvier au vendredi 04 mars, cliquez ici pour télécharger l'affiche PDF.</a><br><a href=""https://www.transilien.com/sites/transilien/files/2022-02/20220307-h-h7-busentreparisetermontpersan-0703au2406-avec-sr.pdf"" target="""">Pour plus d'informations sur les horaires du lundi 07 mars au vendredi 24 juin sauf le mardi 21 juin, cliquez ici pour télécharger l'affiche PDF.</a><br>Les horaires du calculateur d'itinéraire tiennent compte des travaux.<br>Motif : travaux.</p> / Ligne H : Paris-Persan via Valmondois 03/01-24/06";20220209T104007;Transilien Train Transilien H;4436eadc-898c-11ec-a6cf-005056a44da2;travaux
future;Incidents;30;perturbée;SIGNIFICANT_DELAYS;20220919T204500;20220920T032500;4436eadc-898c-11ec-a6cf-005056a44da2;" / Ligne H : Paris-Persan via Valmondois 03/01-24/06 / <p>Période : en soirée<br>Dates : du lundi 03 janvier au vendredi 24 juin 2022<br>Le trafic est interrompu entre Paris Gare du Nord et Persan - Beaumont via Valmondois.<br>Un service de bus de remplacement est mis en place, avec desserte des gares intermédiaires.<br><a href=""http://www.transilien.com/sites/transilien/files/2022-01/20220103-H-%201%20BUS%20ENTRE%20PARIS%20ET%20ERMONT-%20PERSAN%20%200301%20AU%200403%20puis%20SR.pdf "" target=""_blank"">Pour plus d'informations sur les horaires du lundi 03 janvier au vendredi 04 mars, cliquez ici pour télécharger l'affiche PDF.</a><br><a href=""https://www.transilien.com/sites/transilien/files/2022-02/20220307-h-h7-busentreparisetermontpersan-0703au2406-avec-sr.pdf"" target="""">Pour plus d'informations sur les horaires du lundi 07 mars au vendredi 24 juin sauf le mardi 21 juin, cliquez ici pour télécharger l'affiche PDF.</a><br>Les horaires du calculateur d'itinéraire tiennent compte des travaux.<br>Motif : travaux.</p> / Ligne H : Paris-Persan via Valmondois 03/01-24/06";20220209T104007;Transilien Train Transilien H;4436eadc-898c-11ec-a6cf-005056a44da2;travaux
future;Incidents;30;perturbée;SIGNIFICANT_DELAYS;20220921T204500;20220922T032500;4436eadc-898c-11ec-a6cf-005056a44da2;" / Ligne H : Paris-Persan via Valmondois 03/01-24/06 / <p>Période : en soirée<br>Dates : du lundi 03 janvier au vendredi 24 juin 2022<br>Le trafic est interrompu entre Paris Gare du Nord et Persan - Beaumont via Valmondois.<br>Un service de bus de remplacement est mis en place, avec desserte des gares intermédiaires.<br><a href=""http://www.transilien.com/sites/transilien/files/2022-01/20220103-H-%201%20BUS%20ENTRE%20PARIS%20ET%20ERMONT-%20PERSAN%20%200301%20AU%200403%20puis%20SR.pdf "" target=""_blank"">Pour plus d'informations sur les horaires du lundi 03 janvier au vendredi 04 mars, cliquez ici pour télécharger l'affiche PDF.</a><br><a href=""https://www.transilien.com/sites/transilien/files/2022-02/20220307-h-h7-busentreparisetermontpersan-0703au2406-avec-sr.pdf"" target="""">Pour plus d'informations sur les horaires du lundi 07 mars au vendredi 24 juin sauf le mardi 21 juin, cliquez ici pour télécharger l'affiche PDF.</a><br>Les horaires du calculateur d'itinéraire tiennent compte des travaux.<br>Motif : travaux.</p> / Ligne H : Paris-Persan via Valmondois 03/01-24/06";20220209T104007;Transilien Train Transilien H;4436eadc-898c-11ec-a6cf-005056a44da2;travaux
future;Incidents;30;perturbée;SIGNIFICANT_DELAYS;20220920T204500;20220921T032500;4436eadc-898c-11ec-a6cf-005056a44da2;" / Ligne H : Paris-Persan via Valmondois 03/01-24/06 / <p>Période : en soirée<br>Dates : du lundi 03 janvier au vendredi 24 juin 2022<br>Le trafic est interrompu entre Paris Gare du Nord et Persan - Beaumont via Valmondois.<br>Un service de bus de remplacement est mis en place, avec desserte des gares intermédiaires.<br><a href=""http://www.transilien.com/sites/transilien/files/2022-01/20220103-H-%201%20BUS%20ENTRE%20PARIS%20ET%20ERMONT-%20PERSAN%20%200301%20AU%200403%20puis%20SR.pdf "" target=""_blank"">Pour plus d'informations sur les horaires du lundi 03 janvier au vendredi 04 mars, cliquez ici pour télécharger l'affiche PDF.</a><br><a href=""https://www.transilien.com/sites/transilien/files/2022-02/20220307-h-h7-busentreparisetermontpersan-0703au2406-avec-sr.pdf"" target="""">Pour plus d'informations sur les horaires du lundi 07 mars au vendredi 24 juin sauf le mardi 21 juin, cliquez ici pour télécharger l'affiche PDF.</a><br>Les horaires du calculateur d'itinéraire tiennent compte des travaux.<br>Motif : travaux.</p> / Ligne H : Paris-Persan via Valmondois 03/01-24/06";20220209T104007;Transilien Train Transilien H;4436eadc-898c-11ec-a6cf-005056a44da2;travaux
future;Incidents;30;perturbée;SIGNIFICANT_DELAYS;20220922T204500;20220923T032500;4436eadc-898c-11ec-a6cf-005056a44da2;" / Ligne H : Paris-Persan via Valmondois 03/01-24/06 / <p>Période : en soirée<br>Dates : du lundi 03 janvier au vendredi 24 juin 2022<br>Le trafic est interrompu entre Paris Gare du Nord et Persan - Beaumont via Valmondois.<br>Un service de bus de remplacement est mis en place, avec desserte des gares intermédiaires.<br><a href=""http://www.transilien.com/sites/transilien/files/2022-01/20220103-H-%201%20BUS%20ENTRE%20PARIS%20ET%20ERMONT-%20PERSAN%20%200301%20AU%200403%20puis%20SR.pdf "" target=""_blank"">Pour plus d'informations sur les horaires du lundi 03 janvier au vendredi 04 mars, cliquez ici pour télécharger l'affiche PDF.</a><br><a href=""https://www.transilien.com/sites/transilien/files/2022-02/20220307-h-h7-busentreparisetermontpersan-0703au2406-avec-sr.pdf"" target="""">Pour plus d'informations sur les horaires du lundi 07 mars au vendredi 24 juin sauf le mardi 21 juin, cliquez ici pour télécharger l'affiche PDF.</a><br>Les horaires du calculateur d'itinéraire tiennent compte des travaux.<br>Motif : travaux.</p> / Ligne H : Paris-Persan via Valmondois 03/01-24/06";20220209T104007;Transilien Train Transilien H;4436eadc-898c-11ec-a6cf-005056a44da2;travaux
future;Incidents;30;perturbée;SIGNIFICANT_DELAYS;20220923T204500;20220924T032500;4436eadc-898c-11ec-a6cf-005056a44da2;" / Ligne H : Paris-Persan via Valmondois 03/01-24/06 / <p>Période : en soirée<br>Dates : du lundi 03 janvier au vendredi 24 juin 2022<br>Le trafic est interrompu entre Paris Gare du Nord et Persan - Beaumont via Valmondois.<br>Un service de bus de remplacement est mis en place, avec desserte des gares intermédiaires.<br><a href=""http://www.transilien.com/sites/transilien/files/2022-01/20220103-H-%201%20BUS%20ENTRE%20PARIS%20ET%20ERMONT-%20PERSAN%20%200301%20AU%200403%20puis%20SR.pdf "" target=""_blank"">Pour plus d'informations sur les horaires du lundi 03 janvier au vendredi 04 mars, cliquez ici pour télécharger l'affiche PDF.</a><br><a href=""https://www.transilien.com/sites/transilien/files/2022-02/20220307-h-h7-busentreparisetermontpersan-0703au2406-avec-sr.pdf"" target="""">Pour plus d'informations sur les horaires du lundi 07 mars au vendredi 24 juin sauf le mardi 21 juin, cliquez ici pour télécharger l'affiche PDF.</a><br>Les horaires du calculateur d'itinéraire tiennent compte des travaux.<br>Motif : travaux.</p> / Ligne H : Paris-Persan via Valmondois 03/01-24/06";20220209T104007;Transilien Train Transilien H;4436eadc-898c-11ec-a6cf-005056a44da2;travaux
future;Incidents;30;perturbée;SIGNIFICANT_DELAYS;20220926T204500;20220927T032500;4436eadc-898c-11ec-a6cf-005056a44da2;" / Ligne H : Paris-Persan via Valmondois 03/01-24/06 / <p>Période : en soirée<br>Dates : du lundi 03 janvier au vendredi 24 juin 2022<br>Le trafic est interrompu entre Paris Gare du Nord et Persan - Beaumont via Valmondois.<br>Un service de bus de remplacement est mis en place, avec desserte des gares intermédiaires.<br><a href=""http://www.transilien.com/sites/transilien/files/2022-01/20220103-H-%201%20BUS%20ENTRE%20PARIS%20ET%20ERMONT-%20PERSAN%20%200301%20AU%200403%20puis%20SR.pdf "" target=""_blank"">Pour plus d'informations sur les horaires du lundi 03 janvier au vendredi 04 mars, cliquez ici pour télécharger l'affiche PDF.</a><br><a href=""https://www.transilien.com/sites/transilien/files/2022-02/20220307-h-h7-busentreparisetermontpersan-0703au2406-avec-sr.pdf"" target="""">Pour plus d'informations sur les horaires du lundi 07 mars au vendredi 24 juin sauf le mardi 21 juin, cliquez ici pour télécharger l'affiche PDF.</a><br>Les horaires du calculateur d'itinéraire tiennent compte des travaux.<br>Motif : travaux.</p> / Ligne H : Paris-Persan via Valmondois 03/01-24/06";20220209T104007;Transilien Train Transilien H;4436eadc-898c-11ec-a6cf-005056a44da2;travaux
future;Incidents;30;perturbée;SIGNIFICANT_DELAYS;20220927T204500;20220928T032500;4436eadc-898c-11ec-a6cf-005056a44da2;" / Ligne H : Paris-Persan via Valmondois 03/01-24/06 / <p>Période : en soirée<br>Dates : du lundi 03 janvier au vendredi 24 juin 2022<br>Le trafic est interrompu entre Paris Gare du Nord et Persan - Beaumont via Valmondois.<br>Un service de bus de remplacement est mis en place, avec desserte des gares intermédiaires.<br><a href=""http://www.transilien.com/sites/transilien/files/2022-01/20220103-H-%201%20BUS%20ENTRE%20PARIS%20ET%20ERMONT-%20PERSAN%20%200301%20AU%200403%20puis%20SR.pdf "" target=""_blank"">Pour plus d'informations sur les horaires du lundi 03 janvier au vendredi 04 mars, cliquez ici pour télécharger l'affiche PDF.</a><br><a href=""https://www.transilien.com/sites/transilien/files/2022-02/20220307-h-h7-busentreparisetermontpersan-0703au2406-avec-sr.pdf"" target="""">Pour plus d'informations sur les horaires du lundi 07 mars au vendredi 24 juin sauf le mardi 21 juin, cliquez ici pour télécharger l'affiche PDF.</a><br>Les horaires du calculateur d'itinéraire tiennent compte des travaux.<br>Motif : travaux.</p> / Ligne H : Paris-Persan via Valmondois 03/01-24/06";20220209T104007;Transilien Train Transilien H;4436eadc-898c-11ec-a6cf-005056a44da2;travaux
future;Incidents;30;perturbée;SIGNIFICANT_DELAYS;20220928T204500;20220929T032500;4436eadc-898c-11ec-a6cf-005056a44da2;" / Ligne H : Paris-Persan via Valmondois 03/01-24/06 / <p>Période : en soirée<br>Dates : du lundi 03 janvier au vendredi 24 juin 2022<br>Le trafic est interrompu entre Paris Gare du Nord et Persan - Beaumont via Valmondois.<br>Un service de bus de remplacement est mis en place, avec desserte des gares intermédiaires.<br><a href=""http://www.transilien.com/sites/transilien/files/2022-01/20220103-H-%201%20BUS%20ENTRE%20PARIS%20ET%20ERMONT-%20PERSAN%20%200301%20AU%200403%20puis%20SR.pdf "" target=""_blank"">Pour plus d'informations sur les horaires du lundi 03 janvier au vendredi 04 mars, cliquez ici pour télécharger l'affiche PDF.</a><br><a href=""https://www.transilien.com/sites/transilien/files/2022-02/20220307-h-h7-busentreparisetermontpersan-0703au2406-avec-sr.pdf"" target="""">Pour plus d'informations sur les horaires du lundi 07 mars au vendredi 24 juin sauf le mardi 21 juin, cliquez ici pour télécharger l'affiche PDF.</a><br>Les horaires du calculateur d'itinéraire tiennent compte des travaux.<br>Motif : travaux.</p> / Ligne H : Paris-Persan via Valmondois 03/01-24/06";20220209T104007;Transilien Train Transilien H;4436eadc-898c-11ec-a6cf-005056a44da2;travaux
future;Incidents;30;perturbée;SIGNIFICANT_DELAYS;20220929T204500;20220930T032500;4436eadc-898c-11ec-a6cf-005056a44da2;" / Ligne H : Paris-Persan via Valmondois 03/01-24/06 / <p>Période : en soirée<br>Dates : du lundi 03 janvier au vendredi 24 juin 2022<br>Le trafic est interrompu entre Paris Gare du Nord et Persan - Beaumont via Valmondois.<br>Un service de bus de remplacement est mis en place, avec desserte des gares intermédiaires.<br><a href=""http://www.transilien.com/sites/transilien/files/2022-01/20220103-H-%201%20BUS%20ENTRE%20PARIS%20ET%20ERMONT-%20PERSAN%20%200301%20AU%200403%20puis%20SR.pdf "" target=""_blank"">Pour plus d'informations sur les horaires du lundi 03 janvier au vendredi 04 mars, cliquez ici pour télécharger l'affiche PDF.</a><br><a href=""https://www.transilien.com/sites/transilien/files/2022-02/20220307-h-h7-busentreparisetermontpersan-0703au2406-avec-sr.pdf"" target="""">Pour plus d'informations sur les horaires du lundi 07 mars au vendredi 24 juin sauf le mardi 21 juin, cliquez ici pour télécharger l'affiche PDF.</a><br>Les horaires du calculateur d'itinéraire tiennent compte des travaux.<br>Motif : travaux.</p> / Ligne H : Paris-Persan via Valmondois 03/01-24/06";20220209T104007;Transilien Train Transilien H;4436eadc-898c-11ec-a6cf-005056a44da2;travaux
future;Incidents;30;perturbée;SIGNIFICANT_DELAYS;20220930T204500;20221001T032500;4436eadc-898c-11ec-a6cf-005056a44da2;" / Ligne H : Paris-Persan via Valmondois 03/01-24/06 / <p>Période : en soirée<br>Dates : du lundi 03 janvier au vendredi 24 juin 2022<br>Le trafic est interrompu entre Paris Gare du Nord et Persan - Beaumont via Valmondois.<br>Un service de bus de remplacement est mis en place, avec desserte des gares intermédiaires.<br><a href=""http://www.transilien.com/sites/transilien/files/2022-01/20220103-H-%201%20BUS%20ENTRE%20PARIS%20ET%20ERMONT-%20PERSAN%20%200301%20AU%200403%20puis%20SR.pdf "" target=""_blank"">Pour plus d'informations sur les horaires du lundi 03 janvier au vendredi 04 mars, cliquez ici pour télécharger l'affiche PDF.</a><br><a href=""https://www.transilien.com/sites/transilien/files/2022-02/20220307-h-h7-busentreparisetermontpersan-0703au2406-avec-sr.pdf"" target="""">Pour plus d'informations sur les horaires du lundi 07 mars au vendredi 24 juin sauf le mardi 21 juin, cliquez ici pour télécharger l'affiche PDF.</a><br>Les horaires du calculateur d'itinéraire tiennent compte des travaux.<br>Motif : travaux.</p> / Ligne H : Paris-Persan via Valmondois 03/01-24/06";20220209T104007;Transilien Train Transilien H;4436eadc-898c-11ec-a6cf-005056a44da2;travaux
future;Incidents;30;perturbée;SIGNIFICANT_DELAYS;20221003T204500;20221004T032500;4436eadc-898c-11ec-a6cf-005056a44da2;" / Ligne H : Paris-Persan via Valmondois 03/01-24/06 / <p>Période : en soirée<br>Dates : du lundi 03 janvier au vendredi 24 juin 2022<br>Le trafic est interrompu entre Paris Gare du Nord et Persan - Beaumont via Valmondois.<br>Un service de bus de remplacement est mis en place, avec desserte des gares intermédiaires.<br><a href=""http://www.transilien.com/sites/transilien/files/2022-01/20220103-H-%201%20BUS%20ENTRE%20PARIS%20ET%20ERMONT-%20PERSAN%20%200301%20AU%200403%20puis%20SR.pdf "" target=""_blank"">Pour plus d'informations sur les horaires du lundi 03 janvier au vendredi 04 mars, cliquez ici pour télécharger l'affiche PDF.</a><br><a href=""https://www.transilien.com/sites/transilien/files/2022-02/20220307-h-h7-busentreparisetermontpersan-0703au2406-avec-sr.pdf"" target="""">Pour plus d'informations sur les horaires du lundi 07 mars au vendredi 24 juin sauf le mardi 21 juin, cliquez ici pour télécharger l'affiche PDF.</a><br>Les horaires du calculateur d'itinéraire tiennent compte des travaux.<br>Motif : travaux.</p> / Ligne H : Paris-Persan via Valmondois 03/01-24/06";20220209T104007;Transilien Train Transilien H;4436eadc-898c-11ec-a6cf-005056a44da2;travaux
future;Incidents;30;perturbée;SIGNIFICANT_DELAYS;20221004T204500;20221005T032500;4436eadc-898c-11ec-a6cf-005056a44da2;" / Ligne H : Paris-Persan via Valmondois 03/01-24/06 / <p>Période : en soirée<br>Dates : du lundi 03 janvier au vendredi 24 juin 2022<br>Le trafic est interrompu entre Paris Gare du Nord et Persan - Beaumont via Valmondois.<br>Un service de bus de remplacement est mis en place, avec desserte des gares intermédiaires.<br><a href=""http://www.transilien.com/sites/transilien/files/2022-01/20220103-H-%201%20BUS%20ENTRE%20PARIS%20ET%20ERMONT-%20PERSAN%20%200301%20AU%200403%20puis%20SR.pdf "" target=""_blank"">Pour plus d'informations sur les horaires du lundi 03 janvier au vendredi 04 mars, cliquez ici pour télécharger l'affiche PDF.</a><br><a href=""https://www.transilien.com/sites/transilien/files/2022-02/20220307-h-h7-busentreparisetermontpersan-0703au2406-avec-sr.pdf"" target="""">Pour plus d'informations sur les horaires du lundi 07 mars au vendredi 24 juin sauf le mardi 21 juin, cliquez ici pour télécharger l'affiche PDF.</a><br>Les horaires du calculateur d'itinéraire tiennent compte des travaux.<br>Motif : travaux.</p> / Ligne H : Paris-Persan via Valmondois 03/01-24/06";20220209T104007;Transilien Train Transilien H;4436eadc-898c-11ec-a6cf-005056a44da2;travaux
future;Incidents;30;perturbée;SIGNIFICANT_DELAYS;20221005T204500;20221006T032500;4436eadc-898c-11ec-a6cf-005056a44da2;" / Ligne H : Paris-Persan via Valmondois 03/01-24/06 / <p>Période : en soirée<br>Dates : du lundi 03 janvier au vendredi 24 juin 2022<br>Le trafic est interrompu entre Paris Gare du Nord et Persan - Beaumont via Valmondois.<br>Un service de bus de remplacement est mis en place, avec desserte des gares intermédiaires.<br><a href=""http://www.transilien.com/sites/transilien/files/2022-01/20220103-H-%201%20BUS%20ENTRE%20PARIS%20ET%20ERMONT-%20PERSAN%20%200301%20AU%200403%20puis%20SR.pdf "" target=""_blank"">Pour plus d'informations sur les horaires du lundi 03 janvier au vendredi 04 mars, cliquez ici pour télécharger l'affiche PDF.</a><br><a href=""https://www.transilien.com/sites/transilien/files/2022-02/20220307-h-h7-busentreparisetermontpersan-0703au2406-avec-sr.pdf"" target="""">Pour plus d'informations sur les horaires du lundi 07 mars au vendredi 24 juin sauf le mardi 21 juin, cliquez ici pour télécharger l'affiche PDF.</a><br>Les horaires du calculateur d'itinéraire tiennent compte des travaux.<br>Motif : travaux.</p> / Ligne H : Paris-Persan via Valmondois 03/01-24/06";20220209T104007;Transilien Train Transilien H;4436eadc-898c-11ec-a6cf-005056a44da2;travaux
future;Incidents;30;perturbée;SIGNIFICANT_DELAYS;20221006T204500;20221007T032500;4436eadc-898c-11ec-a6cf-005056a44da2;" / Ligne H : Paris-Persan via Valmondois 03/01-24/06 / <p>Période : en soirée<br>Dates : du lundi 03 janvier au vendredi 24 juin 2022<br>Le trafic est interrompu entre Paris Gare du Nord et Persan - Beaumont via Valmondois.<br>Un service de bus de remplacement est mis en place, avec desserte des gares intermédiaires.<br><a href=""http://www.transilien.com/sites/transilien/files/2022-01/20220103-H-%201%20BUS%20ENTRE%20PARIS%20ET%20ERMONT-%20PERSAN%20%200301%20AU%200403%20puis%20SR.pdf "" target=""_blank"">Pour plus d'informations sur les horaires du lundi 03 janvier au vendredi 04 mars, cliquez ici pour télécharger l'affiche PDF.</a><br><a href=""https://www.transilien.com/sites/transilien/files/2022-02/20220307-h-h7-busentreparisetermontpersan-0703au2406-avec-sr.pdf"" target="""">Pour plus d'informations sur les horaires du lundi 07 mars au vendredi 24 juin sauf le mardi 21 juin, cliquez ici pour télécharger l'affiche PDF.</a><br>Les horaires du calculateur d'itinéraire tiennent compte des travaux.<br>Motif : travaux.</p> / Ligne H : Paris-Persan via Valmondois 03/01-24/06";20220209T104007;Transilien Train Transilien H;4436eadc-898c-11ec-a6cf-005056a44da2;travaux
future;Incidents;30;perturbée;SIGNIFICANT_DELAYS;20221007T204500;20221008T032500;4436eadc-898c-11ec-a6cf-005056a44da2;" / Ligne H : Paris-Persan via Valmondois 03/01-24/06 / <p>Période : en soirée<br>Dates : du lundi 03 janvier au vendredi 24 juin 2022<br>Le trafic est interrompu entre Paris Gare du Nord et Persan - Beaumont via Valmondois.<br>Un service de bus de remplacement est mis en place, avec desserte des gares intermédiaires.<br><a href=""http://www.transilien.com/sites/transilien/files/2022-01/20220103-H-%201%20BUS%20ENTRE%20PARIS%20ET%20ERMONT-%20PERSAN%20%200301%20AU%200403%20puis%20SR.pdf "" target=""_blank"">Pour plus d'informations sur les horaires du lundi 03 janvier au vendredi 04 mars, cliquez ici pour télécharger l'affiche PDF.</a><br><a href=""https://www.transilien.com/sites/transilien/files/2022-02/20220307-h-h7-busentreparisetermontpersan-0703au2406-avec-sr.pdf"" target="""">Pour plus d'informations sur les horaires du lundi 07 mars au vendredi 24 juin sauf le mardi 21 juin, cliquez ici pour télécharger l'affiche PDF.</a><br>Les horaires du calculateur d'itinéraire tiennent compte des travaux.<br>Motif : travaux.</p> / Ligne H : Paris-Persan via Valmondois 03/01-24/06";20220209T104007;Transilien Train Transilien H;4436eadc-898c-11ec-a6cf-005056a44da2;travaux
future;Incidents;30;perturbée;SIGNIFICANT_DELAYS;20221010T204500;20221011T032500;4436eadc-898c-11ec-a6cf-005056a44da2;" / Ligne H : Paris-Persan via Valmondois 03/01-24/06 / <p>Période : en soirée<br>Dates : du lundi 03 janvier au vendredi 24 juin 2022<br>Le trafic est interrompu entre Paris Gare du Nord et Persan - Beaumont via Valmondois.<br>Un service de bus de remplacement est mis en place, avec desserte des gares intermédiaires.<br><a href=""http://www.transilien.com/sites/transilien/files/2022-01/20220103-H-%201%20BUS%20ENTRE%20PARIS%20ET%20ERMONT-%20PERSAN%20%200301%20AU%200403%20puis%20SR.pdf "" target=""_blank"">Pour plus d'informations sur les horaires du lundi 03 janvier au vendredi 04 mars, cliquez ici pour télécharger l'affiche PDF.</a><br><a href=""https://www.transilien.com/sites/transilien/files/2022-02/20220307-h-h7-busentreparisetermontpersan-0703au2406-avec-sr.pdf"" target="""">Pour plus d'informations sur les horaires du lundi 07 mars au vendredi 24 juin sauf le mardi 21 juin, cliquez ici pour télécharger l'affiche PDF.</a><br>Les horaires du calculateur d'itinéraire tiennent compte des travaux.<br>Motif : travaux.</p> / Ligne H : Paris-Persan via Valmondois 03/01-24/06";20220209T104007;Transilien Train Transilien H;4436eadc-898c-11ec-a6cf-005056a44da2;travaux
future;Incidents;30;perturbée;SIGNIFICANT_DELAYS;20221011T204500;20221012T032500;4436eadc-898c-11ec-a6cf-005056a44da2;" / Ligne H : Paris-Persan via Valmondois 03/01-24/06 / <p>Période : en soirée<br>Dates : du lundi 03 janvier au vendredi 24 juin 2022<br>Le trafic est interrompu entre Paris Gare du Nord et Persan - Beaumont via Valmondois.<br>Un service de bus de remplacement est mis en place, avec desserte des gares intermédiaires.<br><a href=""http://www.transilien.com/sites/transilien/files/2022-01/20220103-H-%201%20BUS%20ENTRE%20PARIS%20ET%20ERMONT-%20PERSAN%20%200301%20AU%200403%20puis%20SR.pdf "" target=""_blank"">Pour plus d'informations sur les horaires du lundi 03 janvier au vendredi 04 mars, cliquez ici pour télécharger l'affiche PDF.</a><br><a href=""https://www.transilien.com/sites/transilien/files/2022-02/20220307-h-h7-busentreparisetermontpersan-0703au2406-avec-sr.pdf"" target="""">Pour plus d'informations sur les horaires du lundi 07 mars au vendredi 24 juin sauf le mardi 21 juin, cliquez ici pour télécharger l'affiche PDF.</a><br>Les horaires du calculateur d'itinéraire tiennent compte des travaux.<br>Motif : travaux.</p> / Ligne H : Paris-Persan via Valmondois 03/01-24/06";20220209T104007;Transilien Train Transilien H;4436eadc-898c-11ec-a6cf-005056a44da2;travaux
future;Incidents;30;perturbée;SIGNIFICANT_DELAYS;20221012T204500;20221013T032500;4436eadc-898c-11ec-a6cf-005056a44da2;" / Ligne H : Paris-Persan via Valmondois 03/01-24/06 / <p>Période : en soirée<br>Dates : du lundi 03 janvier au vendredi 24 juin 2022<br>Le trafic est interrompu entre Paris Gare du Nord et Persan - Beaumont via Valmondois.<br>Un service de bus de remplacement est mis en place, avec desserte des gares intermédiaires.<br><a href=""http://www.transilien.com/sites/transilien/files/2022-01/20220103-H-%201%20BUS%20ENTRE%20PARIS%20ET%20ERMONT-%20PERSAN%20%200301%20AU%200403%20puis%20SR.pdf "" target=""_blank"">Pour plus d'informations sur les horaires du lundi 03 janvier au vendredi 04 mars, cliquez ici pour télécharger l'affiche PDF.</a><br><a href=""https://www.transilien.com/sites/transilien/files/2022-02/20220307-h-h7-busentreparisetermontpersan-0703au2406-avec-sr.pdf"" target="""">Pour plus d'informations sur les horaires du lundi 07 mars au vendredi 24 juin sauf le mardi 21 juin, cliquez ici pour télécharger l'affiche PDF.</a><br>Les horaires du calculateur d'itinéraire tiennent compte des travaux.<br>Motif : travaux.</p> / Ligne H : Paris-Persan via Valmondois 03/01-24/06";20220209T104007;Transilien Train Transilien H;4436eadc-898c-11ec-a6cf-005056a44da2;travaux
future;Incidents;30;perturbée;SIGNIFICANT_DELAYS;20221013T204500;20221014T032500;4436eadc-898c-11ec-a6cf-005056a44da2;" / Ligne H : Paris-Persan via Valmondois 03/01-24/06 / <p>Période : en soirée<br>Dates : du lundi 03 janvier au vendredi 24 juin 2022<br>Le trafic est interrompu entre Paris Gare du Nord et Persan - Beaumont via Valmondois.<br>Un service de bus de remplacement est mis en place, avec desserte des gares intermédiaires.<br><a href=""http://www.transilien.com/sites/transilien/files/2022-01/20220103-H-%201%20BUS%20ENTRE%20PARIS%20ET%20ERMONT-%20PERSAN%20%200301%20AU%200403%20puis%20SR.pdf "" target=""_blank"">Pour plus d'informations sur les horaires du lundi 03 janvier au vendredi 04 mars, cliquez ici pour télécharger l'affiche PDF.</a><br><a href=""https://www.transilien.com/sites/transilien/files/2022-02/20220307-h-h7-busentreparisetermontpersan-0703au2406-avec-sr.pdf"" target="""">Pour plus d'informations sur les horaires du lundi 07 mars au vendredi 24 juin sauf le mardi 21 juin, cliquez ici pour télécharger l'affiche PDF.</a><br>Les horaires du calculateur d'itinéraire tiennent compte des travaux.<br>Motif : travaux.</p> / Ligne H : Paris-Persan via Valmondois 03/01-24/06";20220209T104007;Transilien Train Transilien H;4436eadc-898c-11ec-a6cf-005056a44da2;travaux
future;Incidents;30;perturbée;SIGNIFICANT_DELAYS;20221014T204500;20221015T032500;4436eadc-898c-11ec-a6cf-005056a44da2;" / Ligne H : Paris-Persan via Valmondois 03/01-24/06 / <p>Période : en soirée<br>Dates : du lundi 03 janvier au vendredi 24 juin 2022<br>Le trafic est interrompu entre Paris Gare du Nord et Persan - Beaumont via Valmondois.<br>Un service de bus de remplacement est mis en place, avec desserte des gares intermédiaires.<br><a href=""http://www.transilien.com/sites/transilien/files/2022-01/20220103-H-%201%20BUS%20ENTRE%20PARIS%20ET%20ERMONT-%20PERSAN%20%200301%20AU%200403%20puis%20SR.pdf "" target=""_blank"">Pour plus d'informations sur les horaires du lundi 03 janvier au vendredi 04 mars, cliquez ici pour télécharger l'affiche PDF.</a><br><a href=""https://www.transilien.com/sites/transilien/files/2022-02/20220307-h-h7-busentreparisetermontpersan-0703au2406-avec-sr.pdf"" target="""">Pour plus d'informations sur les horaires du lundi 07 mars au vendredi 24 juin sauf le mardi 21 juin, cliquez ici pour télécharger l'affiche PDF.</a><br>Les horaires du calculateur d'itinéraire tiennent compte des travaux.<br>Motif : travaux.</p> / Ligne H : Paris-Persan via Valmondois 03/01-24/06";20220209T104007;Transilien Train Transilien H;4436eadc-898c-11ec-a6cf-005056a44da2;travaux
future;Incidents;30;perturbée;SIGNIFICANT_DELAYS;20221017T204500;20221018T032500;4436eadc-898c-11ec-a6cf-005056a44da2;" / Ligne H : Paris-Persan via Valmondois 03/01-24/06 / <p>Période : en soirée<br>Dates : du lundi 03 janvier au vendredi 24 juin 2022<br>Le trafic est interrompu entre Paris Gare du Nord et Persan - Beaumont via Valmondois.<br>Un service de bus de remplacement est mis en place, avec desserte des gares intermédiaires.<br><a href=""http://www.transilien.com/sites/transilien/files/2022-01/20220103-H-%201%20BUS%20ENTRE%20PARIS%20ET%20ERMONT-%20PERSAN%20%200301%20AU%200403%20puis%20SR.pdf "" target=""_blank"">Pour plus d'informations sur les horaires du lundi 03 janvier au vendredi 04 mars, cliquez ici pour télécharger l'affiche PDF.</a><br><a href=""https://www.transilien.com/sites/transilien/files/2022-02/20220307-h-h7-busentreparisetermontpersan-0703au2406-avec-sr.pdf"" target="""">Pour plus d'informations sur les horaires du lundi 07 mars au vendredi 24 juin sauf le mardi 21 juin, cliquez ici pour télécharger l'affiche PDF.</a><br>Les horaires du calculateur d'itinéraire tiennent compte des travaux.<br>Motif : travaux.</p> / Ligne H : Paris-Persan via Valmondois 03/01-24/06";20220209T104007;Transilien Train Transilien H;4436eadc-898c-11ec-a6cf-005056a44da2;travaux
future;Incidents;30;perturbée;SIGNIFICANT_DELAYS;20221018T204500;20221019T032500;4436eadc-898c-11ec-a6cf-005056a44da2;" / Ligne H : Paris-Persan via Valmondois 03/01-24/06 / <p>Période : en soirée<br>Dates : du lundi 03 janvier au vendredi 24 juin 2022<br>Le trafic est interrompu entre Paris Gare du Nord et Persan - Beaumont via Valmondois.<br>Un service de bus de remplacement est mis en place, avec desserte des gares intermédiaires.<br><a href=""http://www.transilien.com/sites/transilien/files/2022-01/20220103-H-%201%20BUS%20ENTRE%20PARIS%20ET%20ERMONT-%20PERSAN%20%200301%20AU%200403%20puis%20SR.pdf "" target=""_blank"">Pour plus d'informations sur les horaires du lundi 03 janvier au vendredi 04 mars, cliquez ici pour télécharger l'affiche PDF.</a><br><a href=""https://www.transilien.com/sites/transilien/files/2022-02/20220307-h-h7-busentreparisetermontpersan-0703au2406-avec-sr.pdf"" target="""">Pour plus d'informations sur les horaires du lundi 07 mars au vendredi 24 juin sauf le mardi 21 juin, cliquez ici pour télécharger l'affiche PDF.</a><br>Les horaires du calculateur d'itinéraire tiennent compte des travaux.<br>Motif : travaux.</p> / Ligne H : Paris-Persan via Valmondois 03/01-24/06";20220209T104007;Transilien Train Transilien H;4436eadc-898c-11ec-a6cf-005056a44da2;travaux
future;Incidents;30;perturbée;SIGNIFICANT_DELAYS;20221019T204500;20221020T032500;4436eadc-898c-11ec-a6cf-005056a44da2;" / Ligne H : Paris-Persan via Valmondois 03/01-24/06 / <p>Période : en soirée<br>Dates : du lundi 03 janvier au vendredi 24 juin 2022<br>Le trafic est interrompu entre Paris Gare du Nord et Persan - Beaumont via Valmondois.<br>Un service de bus de remplacement est mis en place, avec desserte des gares intermédiaires.<br><a href=""http://www.transilien.com/sites/transilien/files/2022-01/20220103-H-%201%20BUS%20ENTRE%20PARIS%20ET%20ERMONT-%20PERSAN%20%200301%20AU%200403%20puis%20SR.pdf "" target=""_blank"">Pour plus d'informations sur les horaires du lundi 03 janvier au vendredi 04 mars, cliquez ici pour télécharger l'affiche PDF.</a><br><a href=""https://www.transilien.com/sites/transilien/files/2022-02/20220307-h-h7-busentreparisetermontpersan-0703au2406-avec-sr.pdf"" target="""">Pour plus d'informations sur les horaires du lundi 07 mars au vendredi 24 juin sauf le mardi 21 juin, cliquez ici pour télécharger l'affiche PDF.</a><br>Les horaires du calculateur d'itinéraire tiennent compte des travaux.<br>Motif : travaux.</p> / Ligne H : Paris-Persan via Valmondois 03/01-24/06";20220209T104007;Transilien Train Transilien H;4436eadc-898c-11ec-a6cf-005056a44da2;travaux
future;Incidents;30;perturbée;SIGNIFICANT_DELAYS;20221020T204500;20221021T032500;4436eadc-898c-11ec-a6cf-005056a44da2;" / Ligne H : Paris-Persan via Valmondois 03/01-24/06 / <p>Période : en soirée<br>Dates : du lundi 03 janvier au vendredi 24 juin 2022<br>Le trafic est interrompu entre Paris Gare du Nord et Persan - Beaumont via Valmondois.<br>Un service de bus de remplacement est mis en place, avec desserte des gares intermédiaires.<br><a href=""http://www.transilien.com/sites/transilien/files/2022-01/20220103-H-%201%20BUS%20ENTRE%20PARIS%20ET%20ERMONT-%20PERSAN%20%200301%20AU%200403%20puis%20SR.pdf "" target=""_blank"">Pour plus d'informations sur les horaires du lundi 03 janvier au vendredi 04 mars, cliquez ici pour télécharger l'affiche PDF.</a><br><a href=""https://www.transilien.com/sites/transilien/files/2022-02/20220307-h-h7-busentreparisetermontpersan-0703au2406-avec-sr.pdf"" target="""">Pour plus d'informations sur les horaires du lundi 07 mars au vendredi 24 juin sauf le mardi 21 juin, cliquez ici pour télécharger l'affiche PDF.</a><br>Les horaires du calculateur d'itinéraire tiennent compte des travaux.<br>Motif : travaux.</p> / Ligne H : Paris-Persan via Valmondois 03/01-24/06";20220209T104007;Transilien Train Transilien H;4436eadc-898c-11ec-a6cf-005056a44da2;travaux
future;Incidents;30;perturbée;SIGNIFICANT_DELAYS;20221021T204500;20221022T032500;4436eadc-898c-11ec-a6cf-005056a44da2;" / Ligne H : Paris-Persan via Valmondois 03/01-24/06 / <p>Période : en soirée<br>Dates : du lundi 03 janvier au vendredi 24 juin 2022<br>Le trafic est interrompu entre Paris Gare du Nord et Persan - Beaumont via Valmondois.<br>Un service de bus de remplacement est mis en place, avec desserte des gares intermédiaires.<br><a href=""http://www.transilien.com/sites/transilien/files/2022-01/20220103-H-%201%20BUS%20ENTRE%20PARIS%20ET%20ERMONT-%20PERSAN%20%200301%20AU%200403%20puis%20SR.pdf "" target=""_blank"">Pour plus d'informations sur les horaires du lundi 03 janvier au vendredi 04 mars, cliquez ici pour télécharger l'affiche PDF.</a><br><a href=""https://www.transilien.com/sites/transilien/files/2022-02/20220307-h-h7-busentreparisetermontpersan-0703au2406-avec-sr.pdf"" target="""">Pour plus d'informations sur les horaires du lundi 07 mars au vendredi 24 juin sauf le mardi 21 juin, cliquez ici pour télécharger l'affiche PDF.</a><br>Les horaires du calculateur d'itinéraire tiennent compte des travaux.<br>Motif : travaux.</p> / Ligne H : Paris-Persan via Valmondois 03/01-24/06";20220209T104007;Transilien Train Transilien H;4436eadc-898c-11ec-a6cf-005056a44da2;travaux
future;Incidents;30;perturbée;SIGNIFICANT_DELAYS;20221024T204500;20221025T032500;4436eadc-898c-11ec-a6cf-005056a44da2;" / Ligne H : Paris-Persan via Valmondois 03/01-24/06 / <p>Période : en soirée<br>Dates : du lundi 03 janvier au vendredi 24 juin 2022<br>Le trafic est interrompu entre Paris Gare du Nord et Persan - Beaumont via Valmondois.<br>Un service de bus de remplacement est mis en place, avec desserte des gares intermédiaires.<br><a href=""http://www.transilien.com/sites/transilien/files/2022-01/20220103-H-%201%20BUS%20ENTRE%20PARIS%20ET%20ERMONT-%20PERSAN%20%200301%20AU%200403%20puis%20SR.pdf "" target=""_blank"">Pour plus d'informations sur les horaires du lundi 03 janvier au vendredi 04 mars, cliquez ici pour télécharger l'affiche PDF.</a><br><a href=""https://www.transilien.com/sites/transilien/files/2022-02/20220307-h-h7-busentreparisetermontpersan-0703au2406-avec-sr.pdf"" target="""">Pour plus d'informations sur les horaires du lundi 07 mars au vendredi 24 juin sauf le mardi 21 juin, cliquez ici pour télécharger l'affiche PDF.</a><br>Les horaires du calculateur d'itinéraire tiennent compte des travaux.<br>Motif : travaux.</p> / Ligne H : Paris-Persan via Valmondois 03/01-24/06";20220209T104007;Transilien Train Transilien H;4436eadc-898c-11ec-a6cf-005056a44da2;travaux
future;Incidents;30;perturbée;SIGNIFICANT_DELAYS;20221025T204500;20221026T032500;4436eadc-898c-11ec-a6cf-005056a44da2;" / Ligne H : Paris-Persan via Valmondois 03/01-24/06 / <p>Période : en soirée<br>Dates : du lundi 03 janvier au vendredi 24 juin 2022<br>Le trafic est interrompu entre Paris Gare du Nord et Persan - Beaumont via Valmondois.<br>Un service de bus de remplacement est mis en place, avec desserte des gares intermédiaires.<br><a href=""http://www.transilien.com/sites/transilien/files/2022-01/20220103-H-%201%20BUS%20ENTRE%20PARIS%20ET%20ERMONT-%20PERSAN%20%200301%20AU%200403%20puis%20SR.pdf "" target=""_blank"">Pour plus d'informations sur les horaires du lundi 03 janvier au vendredi 04 mars, cliquez ici pour télécharger l'affiche PDF.</a><br><a href=""https://www.transilien.com/sites/transilien/files/2022-02/20220307-h-h7-busentreparisetermontpersan-0703au2406-avec-sr.pdf"" target="""">Pour plus d'informations sur les horaires du lundi 07 mars au vendredi 24 juin sauf le mardi 21 juin, cliquez ici pour télécharger l'affiche PDF.</a><br>Les horaires du calculateur d'itinéraire tiennent compte des travaux.<br>Motif : travaux.</p> / Ligne H : Paris-Persan via Valmondois 03/01-24/06";20220209T104007;Transilien Train Transilien H;4436eadc-898c-11ec-a6cf-005056a44da2;travaux
future;Incidents;30;perturbée;SIGNIFICANT_DELAYS;20221026T204500;20221027T032500;4436eadc-898c-11ec-a6cf-005056a44da2;" / Ligne H : Paris-Persan via Valmondois 03/01-24/06 / <p>Période : en soirée<br>Dates : du lundi 03 janvier au vendredi 24 juin 2022<br>Le trafic est interrompu entre Paris Gare du Nord et Persan - Beaumont via Valmondois.<br>Un service de bus de remplacement est mis en place, avec desserte des gares intermédiaires.<br><a href=""http://www.transilien.com/sites/transilien/files/2022-01/20220103-H-%201%20BUS%20ENTRE%20PARIS%20ET%20ERMONT-%20PERSAN%20%200301%20AU%200403%20puis%20SR.pdf "" target=""_blank"">Pour plus d'informations sur les horaires du lundi 03 janvier au vendredi 04 mars, cliquez ici pour télécharger l'affiche PDF.</a><br><a href=""https://www.transilien.com/sites/transilien/files/2022-02/20220307-h-h7-busentreparisetermontpersan-0703au2406-avec-sr.pdf"" target="""">Pour plus d'informations sur les horaires du lundi 07 mars au vendredi 24 juin sauf le mardi 21 juin, cliquez ici pour télécharger l'affiche PDF.</a><br>Les horaires du calculateur d'itinéraire tiennent compte des travaux.<br>Motif : travaux.</p> / Ligne H : Paris-Persan via Valmondois 03/01-24/06";20220209T104007;Transilien Train Transilien H;4436eadc-898c-11ec-a6cf-005056a44da2;travaux
future;Incidents;30;perturbée;SIGNIFICANT_DELAYS;20221027T204500;20221028T032500;4436eadc-898c-11ec-a6cf-005056a44da2;" / Ligne H : Paris-Persan via Valmondois 03/01-24/06 / <p>Période : en soirée<br>Dates : du lundi 03 janvier au vendredi 24 juin 2022<br>Le trafic est interrompu entre Paris Gare du Nord et Persan - Beaumont via Valmondois.<br>Un service de bus de remplacement est mis en place, avec desserte des gares intermédiaires.<br><a href=""http://www.transilien.com/sites/transilien/files/2022-01/20220103-H-%201%20BUS%20ENTRE%20PARIS%20ET%20ERMONT-%20PERSAN%20%200301%20AU%200403%20puis%20SR.pdf "" target=""_blank"">Pour plus d'informations sur les horaires du lundi 03 janvier au vendredi 04 mars, cliquez ici pour télécharger l'affiche PDF.</a><br><a href=""https://www.transilien.com/sites/transilien/files/2022-02/20220307-h-h7-busentreparisetermontpersan-0703au2406-avec-sr.pdf"" target="""">Pour plus d'informations sur les horaires du lundi 07 mars au vendredi 24 juin sauf le mardi 21 juin, cliquez ici pour télécharger l'affiche PDF.</a><br>Les horaires du calculateur d'itinéraire tiennent compte des travaux.<br>Motif : travaux.</p> / Ligne H : Paris-Persan via Valmondois 03/01-24/06";20220209T104007;Transilien Train Transilien H;4436eadc-898c-11ec-a6cf-005056a44da2;travaux
future;Incidents;30;perturbée;SIGNIFICANT_DELAYS;20221028T204500;20221029T032500;4436eadc-898c-11ec-a6cf-005056a44da2;" / Ligne H : Paris-Persan via Valmondois 03/01-24/06 / <p>Période : en soirée<br>Dates : du lundi 03 janvier au vendredi 24 juin 2022<br>Le trafic est interrompu entre Paris Gare du Nord et Persan - Beaumont via Valmondois.<br>Un service de bus de remplacement est mis en place, avec desserte des gares intermédiaires.<br><a href=""http://www.transilien.com/sites/transilien/files/2022-01/20220103-H-%201%20BUS%20ENTRE%20PARIS%20ET%20ERMONT-%20PERSAN%20%200301%20AU%200403%20puis%20SR.pdf "" target=""_blank"">Pour plus d'informations sur les horaires du lundi 03 janvier au vendredi 04 mars, cliquez ici pour télécharger l'affiche PDF.</a><br><a href=""https://www.transilien.com/sites/transilien/files/2022-02/20220307-h-h7-busentreparisetermontpersan-0703au2406-avec-sr.pdf"" target="""">Pour plus d'informations sur les horaires du lundi 07 mars au vendredi 24 juin sauf le mardi 21 juin, cliquez ici pour télécharger l'affiche PDF.</a><br>Les horaires du calculateur d'itinéraire tiennent compte des travaux.<br>Motif : travaux.</p> / Ligne H : Paris-Persan via Valmondois 03/01-24/06";20220209T104007;Transilien Train Transilien H;4436eadc-898c-11ec-a6cf-005056a44da2;travaux
future;Incidents;30;perturbée;SIGNIFICANT_DELAYS;20221031T204500;20221101T032500;4436eadc-898c-11ec-a6cf-005056a44da2;" / Ligne H : Paris-Persan via Valmondois 03/01-24/06 / <p>Période : en soirée<br>Dates : du lundi 03 janvier au vendredi 24 juin 2022<br>Le trafic est interrompu entre Paris Gare du Nord et Persan - Beaumont via Valmondois.<br>Un service de bus de remplacement est mis en place, avec desserte des gares intermédiaires.<br><a href=""http://www.transilien.com/sites/transilien/files/2022-01/20220103-H-%201%20BUS%20ENTRE%20PARIS%20ET%20ERMONT-%20PERSAN%20%200301%20AU%200403%20puis%20SR.pdf "" target=""_blank"">Pour plus d'informations sur les horaires du lundi 03 janvier au vendredi 04 mars, cliquez ici pour télécharger l'affiche PDF.</a><br><a href=""https://www.transilien.com/sites/transilien/files/2022-02/20220307-h-h7-busentreparisetermontpersan-0703au2406-avec-sr.pdf"" target="""">Pour plus d'informations sur les horaires du lundi 07 mars au vendredi 24 juin sauf le mardi 21 juin, cliquez ici pour télécharger l'affiche PDF.</a><br>Les horaires du calculateur d'itinéraire tiennent compte des travaux.<br>Motif : travaux.</p> / Ligne H : Paris-Persan via Valmondois 03/01-24/06";20220209T104007;Transilien Train Transilien H;4436eadc-898c-11ec-a6cf-005056a44da2;travaux
future;Incidents;30;perturbée;SIGNIFICANT_DELAYS;20221101T204500;20221102T032500;4436eadc-898c-11ec-a6cf-005056a44da2;" / Ligne H : Paris-Persan via Valmondois 03/01-24/06 / <p>Période : en soirée<br>Dates : du lundi 03 janvier au vendredi 24 juin 2022<br>Le trafic est interrompu entre Paris Gare du Nord et Persan - Beaumont via Valmondois.<br>Un service de bus de remplacement est mis en place, avec desserte des gares intermédiaires.<br><a href=""http://www.transilien.com/sites/transilien/files/2022-01/20220103-H-%201%20BUS%20ENTRE%20PARIS%20ET%20ERMONT-%20PERSAN%20%200301%20AU%200403%20puis%20SR.pdf "" target=""_blank"">Pour plus d'informations sur les horaires du lundi 03 janvier au vendredi 04 mars, cliquez ici pour télécharger l'affiche PDF.</a><br><a href=""https://www.transilien.com/sites/transilien/files/2022-02/20220307-h-h7-busentreparisetermontpersan-0703au2406-avec-sr.pdf"" target="""">Pour plus d'informations sur les horaires du lundi 07 mars au vendredi 24 juin sauf le mardi 21 juin, cliquez ici pour télécharger l'affiche PDF.</a><br>Les horaires du calculateur d'itinéraire tiennent compte des travaux.<br>Motif : travaux.</p> / Ligne H : Paris-Persan via Valmondois 03/01-24/06";20220209T104007;Transilien Train Transilien H;4436eadc-898c-11ec-a6cf-005056a44da2;travaux
future;Incidents;30;perturbée;SIGNIFICANT_DELAYS;20221102T204500;20221103T032500;4436eadc-898c-11ec-a6cf-005056a44da2;" / Ligne H : Paris-Persan via Valmondois 03/01-24/06 / <p>Période : en soirée<br>Dates : du lundi 03 janvier au vendredi 24 juin 2022<br>Le trafic est interrompu entre Paris Gare du Nord et Persan - Beaumont via Valmondois.<br>Un service de bus de remplacement est mis en place, avec desserte des gares intermédiaires.<br><a href=""http://www.transilien.com/sites/transilien/files/2022-01/20220103-H-%201%20BUS%20ENTRE%20PARIS%20ET%20ERMONT-%20PERSAN%20%200301%20AU%200403%20puis%20SR.pdf "" target=""_blank"">Pour plus d'informations sur les horaires du lundi 03 janvier au vendredi 04 mars, cliquez ici pour télécharger l'affiche PDF.</a><br><a href=""https://www.transilien.com/sites/transilien/files/2022-02/20220307-h-h7-busentreparisetermontpersan-0703au2406-avec-sr.pdf"" target="""">Pour plus d'informations sur les horaires du lundi 07 mars au vendredi 24 juin sauf le mardi 21 juin, cliquez ici pour télécharger l'affiche PDF.</a><br>Les horaires du calculateur d'itinéraire tiennent compte des travaux.<br>Motif : travaux.</p> / Ligne H : Paris-Persan via Valmondois 03/01-24/06";20220209T104007;Transilien Train Transilien H;4436eadc-898c-11ec-a6cf-005056a44da2;travaux
future;Incidents;30;perturbée;SIGNIFICANT_DELAYS;20221103T204500;20221104T032500;4436eadc-898c-11ec-a6cf-005056a44da2;" / Ligne H : Paris-Persan via Valmondois 03/01-24/06 / <p>Période : en soirée<br>Dates : du lundi 03 janvier au vendredi 24 juin 2022<br>Le trafic est interrompu entre Paris Gare du Nord et Persan - Beaumont via Valmondois.<br>Un service de bus de remplacement est mis en place, avec desserte des gares intermédiaires.<br><a href=""http://www.transilien.com/sites/transilien/files/2022-01/20220103-H-%201%20BUS%20ENTRE%20PARIS%20ET%20ERMONT-%20PERSAN%20%200301%20AU%200403%20puis%20SR.pdf "" target=""_blank"">Pour plus d'informations sur les horaires du lundi 03 janvier au vendredi 04 mars, cliquez ici pour télécharger l'affiche PDF.</a><br><a href=""https://www.transilien.com/sites/transilien/files/2022-02/20220307-h-h7-busentreparisetermontpersan-0703au2406-avec-sr.pdf"" target="""">Pour plus d'informations sur les horaires du lundi 07 mars au vendredi 24 juin sauf le mardi 21 juin, cliquez ici pour télécharger l'affiche PDF.</a><br>Les horaires du calculateur d'itinéraire tiennent compte des travaux.<br>Motif : travaux.</p> / Ligne H : Paris-Persan via Valmondois 03/01-24/06";20220209T104007;Transilien Train Transilien H;4436eadc-898c-11ec-a6cf-005056a44da2;travaux
future;Incidents;30;perturbée;SIGNIFICANT_DELAYS;20221104T204500;20221105T032500;4436eadc-898c-11ec-a6cf-005056a44da2;" / Ligne H : Paris-Persan via Valmondois 03/01-24/06 / <p>Période : en soirée<br>Dates : du lundi 03 janvier au vendredi 24 juin 2022<br>Le trafic est interrompu entre Paris Gare du Nord et Persan - Beaumont via Valmondois.<br>Un service de bus de remplacement est mis en place, avec desserte des gares intermédiaires.<br><a href=""http://www.transilien.com/sites/transilien/files/2022-01/20220103-H-%201%20BUS%20ENTRE%20PARIS%20ET%20ERMONT-%20PERSAN%20%200301%20AU%200403%20puis%20SR.pdf "" target=""_blank"">Pour plus d'informations sur les horaires du lundi 03 janvier au vendredi 04 mars, cliquez ici pour télécharger l'affiche PDF.</a><br><a href=""https://www.transilien.com/sites/transilien/files/2022-02/20220307-h-h7-busentreparisetermontpersan-0703au2406-avec-sr.pdf"" target="""">Pour plus d'informations sur les horaires du lundi 07 mars au vendredi 24 juin sauf le mardi 21 juin, cliquez ici pour télécharger l'affiche PDF.</a><br>Les horaires du calculateur d'itinéraire tiennent compte des travaux.<br>Motif : travaux.</p> / Ligne H : Paris-Persan via Valmondois 03/01-24/06";20220209T104007;Transilien Train Transilien H;4436eadc-898c-11ec-a6cf-005056a44da2;travaux
future;Incidents;30;perturbée;SIGNIFICANT_DELAYS;20221107T204500;20221108T032500;4436eadc-898c-11ec-a6cf-005056a44da2;" / Ligne H : Paris-Persan via Valmondois 03/01-24/06 / <p>Période : en soirée<br>Dates : du lundi 03 janvier au vendredi 24 juin 2022<br>Le trafic est interrompu entre Paris Gare du Nord et Persan - Beaumont via Valmondois.<br>Un service de bus de remplacement est mis en place, avec desserte des gares intermédiaires.<br><a href=""http://www.transilien.com/sites/transilien/files/2022-01/20220103-H-%201%20BUS%20ENTRE%20PARIS%20ET%20ERMONT-%20PERSAN%20%200301%20AU%200403%20puis%20SR.pdf "" target=""_blank"">Pour plus d'informations sur les horaires du lundi 03 janvier au vendredi 04 mars, cliquez ici pour télécharger l'affiche PDF.</a><br><a href=""https://www.transilien.com/sites/transilien/files/2022-02/20220307-h-h7-busentreparisetermontpersan-0703au2406-avec-sr.pdf"" target="""">Pour plus d'informations sur les horaires du lundi 07 mars au vendredi 24 juin sauf le mardi 21 juin, cliquez ici pour télécharger l'affiche PDF.</a><br>Les horaires du calculateur d'itinéraire tiennent compte des travaux.<br>Motif : travaux.</p> / Ligne H : Paris-Persan via Valmondois 03/01-24/06";20220209T104007;Transilien Train Transilien H;4436eadc-898c-11ec-a6cf-005056a44da2;travaux
future;Incidents;30;perturbée;SIGNIFICANT_DELAYS;20221108T204500;20221109T032500;4436eadc-898c-11ec-a6cf-005056a44da2;" / Ligne H : Paris-Persan via Valmondois 03/01-24/06 / <p>Période : en soirée<br>Dates : du lundi 03 janvier au vendredi 24 juin 2022<br>Le trafic est interrompu entre Paris Gare du Nord et Persan - Beaumont via Valmondois.<br>Un service de bus de remplacement est mis en place, avec desserte des gares intermédiaires.<br><a href=""http://www.transilien.com/sites/transilien/files/2022-01/20220103-H-%201%20BUS%20ENTRE%20PARIS%20ET%20ERMONT-%20PERSAN%20%200301%20AU%200403%20puis%20SR.pdf "" target=""_blank"">Pour plus d'informations sur les horaires du lundi 03 janvier au vendredi 04 mars, cliquez ici pour télécharger l'affiche PDF.</a><br><a href=""https://www.transilien.com/sites/transilien/files/2022-02/20220307-h-h7-busentreparisetermontpersan-0703au2406-avec-sr.pdf"" target="""">Pour plus d'informations sur les horaires du lundi 07 mars au vendredi 24 juin sauf le mardi 21 juin, cliquez ici pour télécharger l'affiche PDF.</a><br>Les horaires du calculateur d'itinéraire tiennent compte des travaux.<br>Motif : travaux.</p> / Ligne H : Paris-Persan via Valmondois 03/01-24/06";20220209T104007;Transilien Train Transilien H;4436eadc-898c-11ec-a6cf-005056a44da2;travaux
future;Incidents;30;perturbée;SIGNIFICANT_DELAYS;20221109T204500;20221110T032500;4436eadc-898c-11ec-a6cf-005056a44da2;" / Ligne H : Paris-Persan via Valmondois 03/01-24/06 / <p>Période : en soirée<br>Dates : du lundi 03 janvier au vendredi 24 juin 2022<br>Le trafic est interrompu entre Paris Gare du Nord et Persan - Beaumont via Valmondois.<br>Un service de bus de remplacement est mis en place, avec desserte des gares intermédiaires.<br><a href=""http://www.transilien.com/sites/transilien/files/2022-01/20220103-H-%201%20BUS%20ENTRE%20PARIS%20ET%20ERMONT-%20PERSAN%20%200301%20AU%200403%20puis%20SR.pdf "" target=""_blank"">Pour plus d'informations sur les horaires du lundi 03 janvier au vendredi 04 mars, cliquez ici pour télécharger l'affiche PDF.</a><br><a href=""https://www.transilien.com/sites/transilien/files/2022-02/20220307-h-h7-busentreparisetermontpersan-0703au2406-avec-sr.pdf"" target="""">Pour plus d'informations sur les horaires du lundi 07 mars au vendredi 24 juin sauf le mardi 21 juin, cliquez ici pour télécharger l'affiche PDF.</a><br>Les horaires du calculateur d'itinéraire tiennent compte des travaux.<br>Motif : travaux.</p> / Ligne H : Paris-Persan via Valmondois 03/01-24/06";20220209T104007;Transilien Train Transilien H;4436eadc-898c-11ec-a6cf-005056a44da2;travaux
future;Incidents;30;perturbée;SIGNIFICANT_DELAYS;20221110T204500;20221111T032500;4436eadc-898c-11ec-a6cf-005056a44da2;" / Ligne H : Paris-Persan via Valmondois 03/01-24/06 / <p>Période : en soirée<br>Dates : du lundi 03 janvier au vendredi 24 juin 2022<br>Le trafic est interrompu entre Paris Gare du Nord et Persan - Beaumont via Valmondois.<br>Un service de bus de remplacement est mis en place, avec desserte des gares intermédiaires.<br><a href=""http://www.transilien.com/sites/transilien/files/2022-01/20220103-H-%201%20BUS%20ENTRE%20PARIS%20ET%20ERMONT-%20PERSAN%20%200301%20AU%200403%20puis%20SR.pdf "" target=""_blank"">Pour plus d'informations sur les horaires du lundi 03 janvier au vendredi 04 mars, cliquez ici pour télécharger l'affiche PDF.</a><br><a href=""https://www.transilien.com/sites/transilien/files/2022-02/20220307-h-h7-busentreparisetermontpersan-0703au2406-avec-sr.pdf"" target="""">Pour plus d'informations sur les horaires du lundi 07 mars au vendredi 24 juin sauf le mardi 21 juin, cliquez ici pour télécharger l'affiche PDF.</a><br>Les horaires du calculateur d'itinéraire tiennent compte des travaux.<br>Motif : travaux.</p> / Ligne H : Paris-Persan via Valmondois 03/01-24/06";20220209T104007;Transilien Train Transilien H;4436eadc-898c-11ec-a6cf-005056a44da2;travaux
future;Incidents;30;perturbée;SIGNIFICANT_DELAYS;20221111T204500;20221112T032500;4436eadc-898c-11ec-a6cf-005056a44da2;" / Ligne H : Paris-Persan via Valmondois 03/01-24/06 / <p>Période : en soirée<br>Dates : du lundi 03 janvier au vendredi 24 juin 2022<br>Le trafic est interrompu entre Paris Gare du Nord et Persan - Beaumont via Valmondois.<br>Un service de bus de remplacement est mis en place, avec desserte des gares intermédiaires.<br><a href=""http://www.transilien.com/sites/transilien/files/2022-01/20220103-H-%201%20BUS%20ENTRE%20PARIS%20ET%20ERMONT-%20PERSAN%20%200301%20AU%200403%20puis%20SR.pdf "" target=""_blank"">Pour plus d'informations sur les horaires du lundi 03 janvier au vendredi 04 mars, cliquez ici pour télécharger l'affiche PDF.</a><br><a href=""https://www.transilien.com/sites/transilien/files/2022-02/20220307-h-h7-busentreparisetermontpersan-0703au2406-avec-sr.pdf"" target="""">Pour plus d'informations sur les horaires du lundi 07 mars au vendredi 24 juin sauf le mardi 21 juin, cliquez ici pour télécharger l'affiche PDF.</a><br>Les horaires du calculateur d'itinéraire tiennent compte des travaux.<br>Motif : travaux.</p> / Ligne H : Paris-Persan via Valmondois 03/01-24/06";20220209T104007;Transilien Train Transilien H;4436eadc-898c-11ec-a6cf-005056a44da2;travaux
future;Incidents;30;perturbée;SIGNIFICANT_DELAYS;20221114T204500;20221115T032500;4436eadc-898c-11ec-a6cf-005056a44da2;" / Ligne H : Paris-Persan via Valmondois 03/01-24/06 / <p>Période : en soirée<br>Dates : du lundi 03 janvier au vendredi 24 juin 2022<br>Le trafic est interrompu entre Paris Gare du Nord et Persan - Beaumont via Valmondois.<br>Un service de bus de remplacement est mis en place, avec desserte des gares intermédiaires.<br><a href=""http://www.transilien.com/sites/transilien/files/2022-01/20220103-H-%201%20BUS%20ENTRE%20PARIS%20ET%20ERMONT-%20PERSAN%20%200301%20AU%200403%20puis%20SR.pdf "" target=""_blank"">Pour plus d'informations sur les horaires du lundi 03 janvier au vendredi 04 mars, cliquez ici pour télécharger l'affiche PDF.</a><br><a href=""https://www.transilien.com/sites/transilien/files/2022-02/20220307-h-h7-busentreparisetermontpersan-0703au2406-avec-sr.pdf"" target="""">Pour plus d'informations sur les horaires du lundi 07 mars au vendredi 24 juin sauf le mardi 21 juin, cliquez ici pour télécharger l'affiche PDF.</a><br>Les horaires du calculateur d'itinéraire tiennent compte des travaux.<br>Motif : travaux.</p> / Ligne H : Paris-Persan via Valmondois 03/01-24/06";20220209T104007;Transilien Train Transilien H;4436eadc-898c-11ec-a6cf-005056a44da2;travaux
future;Incidents;30;perturbée;SIGNIFICANT_DELAYS;20221115T204500;20221116T032500;4436eadc-898c-11ec-a6cf-005056a44da2;" / Ligne H : Paris-Persan via Valmondois 03/01-24/06 / <p>Période : en soirée<br>Dates : du lundi 03 janvier au vendredi 24 juin 2022<br>Le trafic est interrompu entre Paris Gare du Nord et Persan - Beaumont via Valmondois.<br>Un service de bus de remplacement est mis en place, avec desserte des gares intermédiaires.<br><a href=""http://www.transilien.com/sites/transilien/files/2022-01/20220103-H-%201%20BUS%20ENTRE%20PARIS%20ET%20ERMONT-%20PERSAN%20%200301%20AU%200403%20puis%20SR.pdf "" target=""_blank"">Pour plus d'informations sur les horaires du lundi 03 janvier au vendredi 04 mars, cliquez ici pour télécharger l'affiche PDF.</a><br><a href=""https://www.transilien.com/sites/transilien/files/2022-02/20220307-h-h7-busentreparisetermontpersan-0703au2406-avec-sr.pdf"" target="""">Pour plus d'informations sur les horaires du lundi 07 mars au vendredi 24 juin sauf le mardi 21 juin, cliquez ici pour télécharger l'affiche PDF.</a><br>Les horaires du calculateur d'itinéraire tiennent compte des travaux.<br>Motif : travaux.</p> / Ligne H : Paris-Persan via Valmondois 03/01-24/06";20220209T104007;Transilien Train Transilien H;4436eadc-898c-11ec-a6cf-005056a44da2;travaux
future;Incidents;30;perturbée;SIGNIFICANT_DELAYS;20221116T204500;20221117T032500;4436eadc-898c-11ec-a6cf-005056a44da2;" / Ligne H : Paris-Persan via Valmondois 03/01-24/06 / <p>Période : en soirée<br>Dates : du lundi 03 janvier au vendredi 24 juin 2022<br>Le trafic est interrompu entre Paris Gare du Nord et Persan - Beaumont via Valmondois.<br>Un service de bus de remplacement est mis en place, avec desserte des gares intermédiaires.<br><a href=""http://www.transilien.com/sites/transilien/files/2022-01/20220103-H-%201%20BUS%20ENTRE%20PARIS%20ET%20ERMONT-%20PERSAN%20%200301%20AU%200403%20puis%20SR.pdf "" target=""_blank"">Pour plus d'informations sur les horaires du lundi 03 janvier au vendredi 04 mars, cliquez ici pour télécharger l'affiche PDF.</a><br><a href=""https://www.transilien.com/sites/transilien/files/2022-02/20220307-h-h7-busentreparisetermontpersan-0703au2406-avec-sr.pdf"" target="""">Pour plus d'informations sur les horaires du lundi 07 mars au vendredi 24 juin sauf le mardi 21 juin, cliquez ici pour télécharger l'affiche PDF.</a><br>Les horaires du calculateur d'itinéraire tiennent compte des travaux.<br>Motif : travaux.</p> / Ligne H : Paris-Persan via Valmondois 03/01-24/06";20220209T104007;Transilien Train Transilien H;4436eadc-898c-11ec-a6cf-005056a44da2;travaux
future;Incidents;30;perturbée;SIGNIFICANT_DELAYS;20221117T204500;20221118T032500;4436eadc-898c-11ec-a6cf-005056a44da2;" / Ligne H : Paris-Persan via Valmondois 03/01-24/06 / <p>Période : en soirée<br>Dates : du lundi 03 janvier au vendredi 24 juin 2022<br>Le trafic est interrompu entre Paris Gare du Nord et Persan - Beaumont via Valmondois.<br>Un service de bus de remplacement est mis en place, avec desserte des gares intermédiaires.<br><a href=""http://www.transilien.com/sites/transilien/files/2022-01/20220103-H-%201%20BUS%20ENTRE%20PARIS%20ET%20ERMONT-%20PERSAN%20%200301%20AU%200403%20puis%20SR.pdf "" target=""_blank"">Pour plus d'informations sur les horaires du lundi 03 janvier au vendredi 04 mars, cliquez ici pour télécharger l'affiche PDF.</a><br><a href=""https://www.transilien.com/sites/transilien/files/2022-02/20220307-h-h7-busentreparisetermontpersan-0703au2406-avec-sr.pdf"" target="""">Pour plus d'informations sur les horaires du lundi 07 mars au vendredi 24 juin sauf le mardi 21 juin, cliquez ici pour télécharger l'affiche PDF.</a><br>Les horaires du calculateur d'itinéraire tiennent compte des travaux.<br>Motif : travaux.</p> / Ligne H : Paris-Persan via Valmondois 03/01-24/06";20220209T104007;Transilien Train Transilien H;4436eadc-898c-11ec-a6cf-005056a44da2;travaux
future;Incidents;30;perturbée;SIGNIFICANT_DELAYS;20221118T204500;20221119T032500;4436eadc-898c-11ec-a6cf-005056a44da2;" / Ligne H : Paris-Persan via Valmondois 03/01-24/06 / <p>Période : en soirée<br>Dates : du lundi 03 janvier au vendredi 24 juin 2022<br>Le trafic est interrompu entre Paris Gare du Nord et Persan - Beaumont via Valmondois.<br>Un service de bus de remplacement est mis en place, avec desserte des gares intermédiaires.<br><a href=""http://www.transilien.com/sites/transilien/files/2022-01/20220103-H-%201%20BUS%20ENTRE%20PARIS%20ET%20ERMONT-%20PERSAN%20%200301%20AU%200403%20puis%20SR.pdf "" target=""_blank"">Pour plus d'informations sur les horaires du lundi 03 janvier au vendredi 04 mars, cliquez ici pour télécharger l'affiche PDF.</a><br><a href=""https://www.transilien.com/sites/transilien/files/2022-02/20220307-h-h7-busentreparisetermontpersan-0703au2406-avec-sr.pdf"" target="""">Pour plus d'informations sur les horaires du lundi 07 mars au vendredi 24 juin sauf le mardi 21 juin, cliquez ici pour télécharger l'affiche PDF.</a><br>Les horaires du calculateur d'itinéraire tiennent compte des travaux.<br>Motif : travaux.</p> / Ligne H : Paris-Persan via Valmondois 03/01-24/06";20220209T104007;Transilien Train Transilien H;4436eadc-898c-11ec-a6cf-005056a44da2;travaux
future;Incidents;30;perturbée;SIGNIFICANT_DELAYS;20221121T204500;20221122T032500;4436eadc-898c-11ec-a6cf-005056a44da2;" / Ligne H : Paris-Persan via Valmondois 03/01-24/06 / <p>Période : en soirée<br>Dates : du lundi 03 janvier au vendredi 24 juin 2022<br>Le trafic est interrompu entre Paris Gare du Nord et Persan - Beaumont via Valmondois.<br>Un service de bus de remplacement est mis en place, avec desserte des gares intermédiaires.<br><a href=""http://www.transilien.com/sites/transilien/files/2022-01/20220103-H-%201%20BUS%20ENTRE%20PARIS%20ET%20ERMONT-%20PERSAN%20%200301%20AU%200403%20puis%20SR.pdf "" target=""_blank"">Pour plus d'informations sur les horaires du lundi 03 janvier au vendredi 04 mars, cliquez ici pour télécharger l'affiche PDF.</a><br><a href=""https://www.transilien.com/sites/transilien/files/2022-02/20220307-h-h7-busentreparisetermontpersan-0703au2406-avec-sr.pdf"" target="""">Pour plus d'informations sur les horaires du lundi 07 mars au vendredi 24 juin sauf le mardi 21 juin, cliquez ici pour télécharger l'affiche PDF.</a><br>Les horaires du calculateur d'itinéraire tiennent compte des travaux.<br>Motif : travaux.</p> / Ligne H : Paris-Persan via Valmondois 03/01-24/06";20220209T104007;Transilien Train Transilien H;4436eadc-898c-11ec-a6cf-005056a44da2;travaux
future;Incidents;30;perturbée;SIGNIFICANT_DELAYS;20221122T204500;20221123T032500;4436eadc-898c-11ec-a6cf-005056a44da2;" / Ligne H : Paris-Persan via Valmondois 03/01-24/06 / <p>Période : en soirée<br>Dates : du lundi 03 janvier au vendredi 24 juin 2022<br>Le trafic est interrompu entre Paris Gare du Nord et Persan - Beaumont via Valmondois.<br>Un service de bus de remplacement est mis en place, avec desserte des gares intermédiaires.<br><a href=""http://www.transilien.com/sites/transilien/files/2022-01/20220103-H-%201%20BUS%20ENTRE%20PARIS%20ET%20ERMONT-%20PERSAN%20%200301%20AU%200403%20puis%20SR.pdf "" target=""_blank"">Pour plus d'informations sur les horaires du lundi 03 janvier au vendredi 04 mars, cliquez ici pour télécharger l'affiche PDF.</a><br><a href=""https://www.transilien.com/sites/transilien/files/2022-02/20220307-h-h7-busentreparisetermontpersan-0703au2406-avec-sr.pdf"" target="""">Pour plus d'informations sur les horaires du lundi 07 mars au vendredi 24 juin sauf le mardi 21 juin, cliquez ici pour télécharger l'affiche PDF.</a><br>Les horaires du calculateur d'itinéraire tiennent compte des travaux.<br>Motif : travaux.</p> / Ligne H : Paris-Persan via Valmondois 03/01-24/06";20220209T104007;Transilien Train Transilien H;4436eadc-898c-11ec-a6cf-005056a44da2;travaux
future;Incidents;30;perturbée;SIGNIFICANT_DELAYS;20221123T204500;20221124T032500;4436eadc-898c-11ec-a6cf-005056a44da2;" / Ligne H : Paris-Persan via Valmondois 03/01-24/06 / <p>Période : en soirée<br>Dates : du lundi 03 janvier au vendredi 24 juin 2022<br>Le trafic est interrompu entre Paris Gare du Nord et Persan - Beaumont via Valmondois.<br>Un service de bus de remplacement est mis en place, avec desserte des gares intermédiaires.<br><a href=""http://www.transilien.com/sites/transilien/files/2022-01/20220103-H-%201%20BUS%20ENTRE%20PARIS%20ET%20ERMONT-%20PERSAN%20%200301%20AU%200403%20puis%20SR.pdf "" target=""_blank"">Pour plus d'informations sur les horaires du lundi 03 janvier au vendredi 04 mars, cliquez ici pour télécharger l'affiche PDF.</a><br><a href=""https://www.transilien.com/sites/transilien/files/2022-02/20220307-h-h7-busentreparisetermontpersan-0703au2406-avec-sr.pdf"" target="""">Pour plus d'informations sur les horaires du lundi 07 mars au vendredi 24 juin sauf le mardi 21 juin, cliquez ici pour télécharger l'affiche PDF.</a><br>Les horaires du calculateur d'itinéraire tiennent compte des travaux.<br>Motif : travaux.</p> / Ligne H : Paris-Persan via Valmondois 03/01-24/06";20220209T104007;Transilien Train Transilien H;4436eadc-898c-11ec-a6cf-005056a44da2;travaux
future;Incidents;30;perturbée;SIGNIFICANT_DELAYS;20221124T204500;20221125T032500;4436eadc-898c-11ec-a6cf-005056a44da2;" / Ligne H : Paris-Persan via Valmondois 03/01-24/06 / <p>Période : en soirée<br>Dates : du lundi 03 janvier au vendredi 24 juin 2022<br>Le trafic est interrompu entre Paris Gare du Nord et Persan - Beaumont via Valmondois.<br>Un service de bus de remplacement est mis en place, avec desserte des gares intermédiaires.<br><a href=""http://www.transilien.com/sites/transilien/files/2022-01/20220103-H-%201%20BUS%20ENTRE%20PARIS%20ET%20ERMONT-%20PERSAN%20%200301%20AU%200403%20puis%20SR.pdf "" target=""_blank"">Pour plus d'informations sur les horaires du lundi 03 janvier au vendredi 04 mars, cliquez ici pour télécharger l'affiche PDF.</a><br><a href=""https://www.transilien.com/sites/transilien/files/2022-02/20220307-h-h7-busentreparisetermontpersan-0703au2406-avec-sr.pdf"" target="""">Pour plus d'informations sur les horaires du lundi 07 mars au vendredi 24 juin sauf le mardi 21 juin, cliquez ici pour télécharger l'affiche PDF.</a><br>Les horaires du calculateur d'itinéraire tiennent compte des travaux.<br>Motif : travaux.</p> / Ligne H : Paris-Persan via Valmondois 03/01-24/06";20220209T104007;Transilien Train Transilien H;4436eadc-898c-11ec-a6cf-005056a44da2;travaux
future;Incidents;30;perturbée;SIGNIFICANT_DELAYS;20221125T204500;20221126T032500;4436eadc-898c-11ec-a6cf-005056a44da2;" / Ligne H : Paris-Persan via Valmondois 03/01-24/06 / <p>Période : en soirée<br>Dates : du lundi 03 janvier au vendredi 24 juin 2022<br>Le trafic est interrompu entre Paris Gare du Nord et Persan - Beaumont via Valmondois.<br>Un service de bus de remplacement est mis en place, avec desserte des gares intermédiaires.<br><a href=""http://www.transilien.com/sites/transilien/files/2022-01/20220103-H-%201%20BUS%20ENTRE%20PARIS%20ET%20ERMONT-%20PERSAN%20%200301%20AU%200403%20puis%20SR.pdf "" target=""_blank"">Pour plus d'informations sur les horaires du lundi 03 janvier au vendredi 04 mars, cliquez ici pour télécharger l'affiche PDF.</a><br><a href=""https://www.transilien.com/sites/transilien/files/2022-02/20220307-h-h7-busentreparisetermontpersan-0703au2406-avec-sr.pdf"" target="""">Pour plus d'informations sur les horaires du lundi 07 mars au vendredi 24 juin sauf le mardi 21 juin, cliquez ici pour télécharger l'affiche PDF.</a><br>Les horaires du calculateur d'itinéraire tiennent compte des travaux.<br>Motif : travaux.</p> / Ligne H : Paris-Persan via Valmondois 03/01-24/06";20220209T104007;Transilien Train Transilien H;4436eadc-898c-11ec-a6cf-005056a44da2;travaux
future;Incidents;30;perturbée;SIGNIFICANT_DELAYS;20221128T204500;20221129T032500;4436eadc-898c-11ec-a6cf-005056a44da2;" / Ligne H : Paris-Persan via Valmondois 03/01-24/06 / <p>Période : en soirée<br>Dates : du lundi 03 janvier au vendredi 24 juin 2022<br>Le trafic est interrompu entre Paris Gare du Nord et Persan - Beaumont via Valmondois.<br>Un service de bus de remplacement est mis en place, avec desserte des gares intermédiaires.<br><a href=""http://www.transilien.com/sites/transilien/files/2022-01/20220103-H-%201%20BUS%20ENTRE%20PARIS%20ET%20ERMONT-%20PERSAN%20%200301%20AU%200403%20puis%20SR.pdf "" target=""_blank"">Pour plus d'informations sur les horaires du lundi 03 janvier au vendredi 04 mars, cliquez ici pour télécharger l'affiche PDF.</a><br><a href=""https://www.transilien.com/sites/transilien/files/2022-02/20220307-h-h7-busentreparisetermontpersan-0703au2406-avec-sr.pdf"" target="""">Pour plus d'informations sur les horaires du lundi 07 mars au vendredi 24 juin sauf le mardi 21 juin, cliquez ici pour télécharger l'affiche PDF.</a><br>Les horaires du calculateur d'itinéraire tiennent compte des travaux.<br>Motif : travaux.</p> / Ligne H : Paris-Persan via Valmondois 03/01-24/06";20220209T104007;Transilien Train Transilien H;4436eadc-898c-11ec-a6cf-005056a44da2;travaux
future;Incidents;30;perturbée;SIGNIFICANT_DELAYS;20221129T204500;20221130T032500;4436eadc-898c-11ec-a6cf-005056a44da2;" / Ligne H : Paris-Persan via Valmondois 03/01-24/06 / <p>Période : en soirée<br>Dates : du lundi 03 janvier au vendredi 24 juin 2022<br>Le trafic est interrompu entre Paris Gare du Nord et Persan - Beaumont via Valmondois.<br>Un service de bus de remplacement est mis en place, avec desserte des gares intermédiaires.<br><a href=""http://www.transilien.com/sites/transilien/files/2022-01/20220103-H-%201%20BUS%20ENTRE%20PARIS%20ET%20ERMONT-%20PERSAN%20%200301%20AU%200403%20puis%20SR.pdf "" target=""_blank"">Pour plus d'informations sur les horaires du lundi 03 janvier au vendredi 04 mars, cliquez ici pour télécharger l'affiche PDF.</a><br><a href=""https://www.transilien.com/sites/transilien/files/2022-02/20220307-h-h7-busentreparisetermontpersan-0703au2406-avec-sr.pdf"" target="""">Pour plus d'informations sur les horaires du lundi 07 mars au vendredi 24 juin sauf le mardi 21 juin, cliquez ici pour télécharger l'affiche PDF.</a><br>Les horaires du calculateur d'itinéraire tiennent compte des travaux.<br>Motif : travaux.</p> / Ligne H : Paris-Persan via Valmondois 03/01-24/06";20220209T104007;Transilien Train Transilien H;4436eadc-898c-11ec-a6cf-005056a44da2;travaux
future;Incidents;30;perturbée;SIGNIFICANT_DELAYS;20221130T204500;20221201T032500;4436eadc-898c-11ec-a6cf-005056a44da2;" / Ligne H : Paris-Persan via Valmondois 03/01-24/06 / <p>Période : en soirée<br>Dates : du lundi 03 janvier au vendredi 24 juin 2022<br>Le trafic est interrompu entre Paris Gare du Nord et Persan - Beaumont via Valmondois.<br>Un service de bus de remplacement est mis en place, avec desserte des gares intermédiaires.<br><a href=""http://www.transilien.com/sites/transilien/files/2022-01/20220103-H-%201%20BUS%20ENTRE%20PARIS%20ET%20ERMONT-%20PERSAN%20%200301%20AU%200403%20puis%20SR.pdf "" target=""_blank"">Pour plus d'informations sur les horaires du lundi 03 janvier au vendredi 04 mars, cliquez ici pour télécharger l'affiche PDF.</a><br><a href=""https://www.transilien.com/sites/transilien/files/2022-02/20220307-h-h7-busentreparisetermontpersan-0703au2406-avec-sr.pdf"" target="""">Pour plus d'informations sur les horaires du lundi 07 mars au vendredi 24 juin sauf le mardi 21 juin, cliquez ici pour télécharger l'affiche PDF.</a><br>Les horaires du calculateur d'itinéraire tiennent compte des travaux.<br>Motif : travaux.</p> / Ligne H : Paris-Persan via Valmondois 03/01-24/06";20220209T104007;Transilien Train Transilien H;4436eadc-898c-11ec-a6cf-005056a44da2;travaux
future;Incidents;30;perturbée;SIGNIFICANT_DELAYS;20221201T204500;20221202T032500;4436eadc-898c-11ec-a6cf-005056a44da2;" / Ligne H : Paris-Persan via Valmondois 03/01-24/06 / <p>Période : en soirée<br>Dates : du lundi 03 janvier au vendredi 24 juin 2022<br>Le trafic est interrompu entre Paris Gare du Nord et Persan - Beaumont via Valmondois.<br>Un service de bus de remplacement est mis en place, avec desserte des gares intermédiaires.<br><a href=""http://www.transilien.com/sites/transilien/files/2022-01/20220103-H-%201%20BUS%20ENTRE%20PARIS%20ET%20ERMONT-%20PERSAN%20%200301%20AU%200403%20puis%20SR.pdf "" target=""_blank"">Pour plus d'informations sur les horaires du lundi 03 janvier au vendredi 04 mars, cliquez ici pour télécharger l'affiche PDF.</a><br><a href=""https://www.transilien.com/sites/transilien/files/2022-02/20220307-h-h7-busentreparisetermontpersan-0703au2406-avec-sr.pdf"" target="""">Pour plus d'informations sur les horaires du lundi 07 mars au vendredi 24 juin sauf le mardi 21 juin, cliquez ici pour télécharger l'affiche PDF.</a><br>Les horaires du calculateur d'itinéraire tiennent compte des travaux.<br>Motif : travaux.</p> / Ligne H : Paris-Persan via Valmondois 03/01-24/06";20220209T104007;Transilien Train Transilien H;4436eadc-898c-11ec-a6cf-005056a44da2;travaux
future;Incidents;30;perturbée;SIGNIFICANT_DELAYS;20221202T204500;20221203T032500;4436eadc-898c-11ec-a6cf-005056a44da2;" / Ligne H : Paris-Persan via Valmondois 03/01-24/06 / <p>Période : en soirée<br>Dates : du lundi 03 janvier au vendredi 24 juin 2022<br>Le trafic est interrompu entre Paris Gare du Nord et Persan - Beaumont via Valmondois.<br>Un service de bus de remplacement est mis en place, avec desserte des gares intermédiaires.<br><a href=""http://www.transilien.com/sites/transilien/files/2022-01/20220103-H-%201%20BUS%20ENTRE%20PARIS%20ET%20ERMONT-%20PERSAN%20%200301%20AU%200403%20puis%20SR.pdf "" target=""_blank"">Pour plus d'informations sur les horaires du lundi 03 janvier au vendredi 04 mars, cliquez ici pour télécharger l'affiche PDF.</a><br><a href=""https://www.transilien.com/sites/transilien/files/2022-02/20220307-h-h7-busentreparisetermontpersan-0703au2406-avec-sr.pdf"" target="""">Pour plus d'informations sur les horaires du lundi 07 mars au vendredi 24 juin sauf le mardi 21 juin, cliquez ici pour télécharger l'affiche PDF.</a><br>Les horaires du calculateur d'itinéraire tiennent compte des travaux.<br>Motif : travaux.</p> / Ligne H : Paris-Persan via Valmondois 03/01-24/06";20220209T104007;Transilien Train Transilien H;4436eadc-898c-11ec-a6cf-005056a44da2;travaux
future;Incidents;30;perturbée;SIGNIFICANT_DELAYS;20221205T204500;20221206T032500;4436eadc-898c-11ec-a6cf-005056a44da2;" / Ligne H : Paris-Persan via Valmondois 03/01-24/06 / <p>Période : en soirée<br>Dates : du lundi 03 janvier au vendredi 24 juin 2022<br>Le trafic est interrompu entre Paris Gare du Nord et Persan - Beaumont via Valmondois.<br>Un service de bus de remplacement est mis en place, avec desserte des gares intermédiaires.<br><a href=""http://www.transilien.com/sites/transilien/files/2022-01/20220103-H-%201%20BUS%20ENTRE%20PARIS%20ET%20ERMONT-%20PERSAN%20%200301%20AU%200403%20puis%20SR.pdf "" target=""_blank"">Pour plus d'informations sur les horaires du lundi 03 janvier au vendredi 04 mars, cliquez ici pour télécharger l'affiche PDF.</a><br><a href=""https://www.transilien.com/sites/transilien/files/2022-02/20220307-h-h7-busentreparisetermontpersan-0703au2406-avec-sr.pdf"" target="""">Pour plus d'informations sur les horaires du lundi 07 mars au vendredi 24 juin sauf le mardi 21 juin, cliquez ici pour télécharger l'affiche PDF.</a><br>Les horaires du calculateur d'itinéraire tiennent compte des travaux.<br>Motif : travaux.</p> / Ligne H : Paris-Persan via Valmondois 03/01-24/06";20220209T104007;Transilien Train Transilien H;4436eadc-898c-11ec-a6cf-005056a44da2;travaux
future;Incidents;30;perturbée;SIGNIFICANT_DELAYS;20221206T204500;20221207T032500;4436eadc-898c-11ec-a6cf-005056a44da2;" / Ligne H : Paris-Persan via Valmondois 03/01-24/06 / <p>Période : en soirée<br>Dates : du lundi 03 janvier au vendredi 24 juin 2022<br>Le trafic est interrompu entre Paris Gare du Nord et Persan - Beaumont via Valmondois.<br>Un service de bus de remplacement est mis en place, avec desserte des gares intermédiaires.<br><a href=""http://www.transilien.com/sites/transilien/files/2022-01/20220103-H-%201%20BUS%20ENTRE%20PARIS%20ET%20ERMONT-%20PERSAN%20%200301%20AU%200403%20puis%20SR.pdf "" target=""_blank"">Pour plus d'informations sur les horaires du lundi 03 janvier au vendredi 04 mars, cliquez ici pour télécharger l'affiche PDF.</a><br><a href=""https://www.transilien.com/sites/transilien/files/2022-02/20220307-h-h7-busentreparisetermontpersan-0703au2406-avec-sr.pdf"" target="""">Pour plus d'informations sur les horaires du lundi 07 mars au vendredi 24 juin sauf le mardi 21 juin, cliquez ici pour télécharger l'affiche PDF.</a><br>Les horaires du calculateur d'itinéraire tiennent compte des travaux.<br>Motif : travaux.</p> / Ligne H : Paris-Persan via Valmondois 03/01-24/06";20220209T104007;Transilien Train Transilien H;4436eadc-898c-11ec-a6cf-005056a44da2;travaux
future;Incidents;30;perturbée;SIGNIFICANT_DELAYS;20221207T204500;20221208T032500;4436eadc-898c-11ec-a6cf-005056a44da2;" / Ligne H : Paris-Persan via Valmondois 03/01-24/06 / <p>Période : en soirée<br>Dates : du lundi 03 janvier au vendredi 24 juin 2022<br>Le trafic est interrompu entre Paris Gare du Nord et Persan - Beaumont via Valmondois.<br>Un service de bus de remplacement est mis en place, avec desserte des gares intermédiaires.<br><a href=""http://www.transilien.com/sites/transilien/files/2022-01/20220103-H-%201%20BUS%20ENTRE%20PARIS%20ET%20ERMONT-%20PERSAN%20%200301%20AU%200403%20puis%20SR.pdf "" target=""_blank"">Pour plus d'informations sur les horaires du lundi 03 janvier au vendredi 04 mars, cliquez ici pour télécharger l'affiche PDF.</a><br><a href=""https://www.transilien.com/sites/transilien/files/2022-02/20220307-h-h7-busentreparisetermontpersan-0703au2406-avec-sr.pdf"" target="""">Pour plus d'informations sur les horaires du lundi 07 mars au vendredi 24 juin sauf le mardi 21 juin, cliquez ici pour télécharger l'affiche PDF.</a><br>Les horaires du calculateur d'itinéraire tiennent compte des travaux.<br>Motif : travaux.</p> / Ligne H : Paris-Persan via Valmondois 03/01-24/06";20220209T104007;Transilien Train Transilien H;4436eadc-898c-11ec-a6cf-005056a44da2;travaux
future;Incidents;30;perturbée;SIGNIFICANT_DELAYS;20221208T204500;20221209T032500;4436eadc-898c-11ec-a6cf-005056a44da2;" / Ligne H : Paris-Persan via Valmondois 03/01-24/06 / <p>Période : en soirée<br>Dates : du lundi 03 janvier au vendredi 24 juin 2022<br>Le trafic est interrompu entre Paris Gare du Nord et Persan - Beaumont via Valmondois.<br>Un service de bus de remplacement est mis en place, avec desserte des gares intermédiaires.<br><a href=""http://www.transilien.com/sites/transilien/files/2022-01/20220103-H-%201%20BUS%20ENTRE%20PARIS%20ET%20ERMONT-%20PERSAN%20%200301%20AU%200403%20puis%20SR.pdf "" target=""_blank"">Pour plus d'informations sur les horaires du lundi 03 janvier au vendredi 04 mars, cliquez ici pour télécharger l'affiche PDF.</a><br><a href=""https://www.transilien.com/sites/transilien/files/2022-02/20220307-h-h7-busentreparisetermontpersan-0703au2406-avec-sr.pdf"" target="""">Pour plus d'informations sur les horaires du lundi 07 mars au vendredi 24 juin sauf le mardi 21 juin, cliquez ici pour télécharger l'affiche PDF.</a><br>Les horaires du calculateur d'itinéraire tiennent compte des travaux.<br>Motif : travaux.</p> / Ligne H : Paris-Persan via Valmondois 03/01-24/06";20220209T104007;Transilien Train Transilien H;4436eadc-898c-11ec-a6cf-005056a44da2;travaux
future;Incidents;30;perturbée;SIGNIFICANT_DELAYS;20221209T204500;20221210T032500;4436eadc-898c-11ec-a6cf-005056a44da2;" / Ligne H : Paris-Persan via Valmondois 03/01-24/06 / <p>Période : en soirée<br>Dates : du lundi 03 janvier au vendredi 24 juin 2022<br>Le trafic est interrompu entre Paris Gare du Nord et Persan - Beaumont via Valmondois.<br>Un service de bus de remplacement est mis en place, avec desserte des gares intermédiaires.<br><a href=""http://www.transilien.com/sites/transilien/files/2022-01/20220103-H-%201%20BUS%20ENTRE%20PARIS%20ET%20ERMONT-%20PERSAN%20%200301%20AU%200403%20puis%20SR.pdf "" target=""_blank"">Pour plus d'informations sur les horaires du lundi 03 janvier au vendredi 04 mars, cliquez ici pour télécharger l'affiche PDF.</a><br><a href=""https://www.transilien.com/sites/transilien/files/2022-02/20220307-h-h7-busentreparisetermontpersan-0703au2406-avec-sr.pdf"" target="""">Pour plus d'informations sur les horaires du lundi 07 mars au vendredi 24 juin sauf le mardi 21 juin, cliquez ici pour télécharger l'affiche PDF.</a><br>Les horaires du calculateur d'itinéraire tiennent compte des travaux.<br>Motif : travaux.</p> / Ligne H : Paris-Persan via Valmondois 03/01-24/06";20220209T104007;Transilien Train Transilien H;4436eadc-898c-11ec-a6cf-005056a44da2;travaux
future;Incidents;30;perturbée;SIGNIFICANT_DELAYS;20221212T204500;20221213T032500;4436eadc-898c-11ec-a6cf-005056a44da2;" / Ligne H : Paris-Persan via Valmondois 03/01-24/06 / <p>Période : en soirée<br>Dates : du lundi 03 janvier au vendredi 24 juin 2022<br>Le trafic est interrompu entre Paris Gare du Nord et Persan - Beaumont via Valmondois.<br>Un service de bus de remplacement est mis en place, avec desserte des gares intermédiaires.<br><a href=""http://www.transilien.com/sites/transilien/files/2022-01/20220103-H-%201%20BUS%20ENTRE%20PARIS%20ET%20ERMONT-%20PERSAN%20%200301%20AU%200403%20puis%20SR.pdf "" target=""_blank"">Pour plus d'informations sur les horaires du lundi 03 janvier au vendredi 04 mars, cliquez ici pour télécharger l'affiche PDF.</a><br><a href=""https://www.transilien.com/sites/transilien/files/2022-02/20220307-h-h7-busentreparisetermontpersan-0703au2406-avec-sr.pdf"" target="""">Pour plus d'informations sur les horaires du lundi 07 mars au vendredi 24 juin sauf le mardi 21 juin, cliquez ici pour télécharger l'affiche PDF.</a><br>Les horaires du calculateur d'itinéraire tiennent compte des travaux.<br>Motif : travaux.</p> / Ligne H : Paris-Persan via Valmondois 03/01-24/06";20220209T104007;Transilien Train Transilien H;4436eadc-898c-11ec-a6cf-005056a44da2;travaux
future;Incidents;30;perturbée;SIGNIFICANT_DELAYS;20221213T204500;20221214T032500;4436eadc-898c-11ec-a6cf-005056a44da2;" / Ligne H : Paris-Persan via Valmondois 03/01-24/06 / <p>Période : en soirée<br>Dates : du lundi 03 janvier au vendredi 24 juin 2022<br>Le trafic est interrompu entre Paris Gare du Nord et Persan - Beaumont via Valmondois.<br>Un service de bus de remplacement est mis en place, avec desserte des gares intermédiaires.<br><a href=""http://www.transilien.com/sites/transilien/files/2022-01/20220103-H-%201%20BUS%20ENTRE%20PARIS%20ET%20ERMONT-%20PERSAN%20%200301%20AU%200403%20puis%20SR.pdf "" target=""_blank"">Pour plus d'informations sur les horaires du lundi 03 janvier au vendredi 04 mars, cliquez ici pour télécharger l'affiche PDF.</a><br><a href=""https://www.transilien.com/sites/transilien/files/2022-02/20220307-h-h7-busentreparisetermontpersan-0703au2406-avec-sr.pdf"" target="""">Pour plus d'informations sur les horaires du lundi 07 mars au vendredi 24 juin sauf le mardi 21 juin, cliquez ici pour télécharger l'affiche PDF.</a><br>Les horaires du calculateur d'itinéraire tiennent compte des travaux.<br>Motif : travaux.</p> / Ligne H : Paris-Persan via Valmondois 03/01-24/06";20220209T104007;Transilien Train Transilien H;4436eadc-898c-11ec-a6cf-005056a44da2;travaux
future;Incidents;30;perturbée;SIGNIFICANT_DELAYS;20221214T204500;20221215T032500;4436eadc-898c-11ec-a6cf-005056a44da2;" / Ligne H : Paris-Persan via Valmondois 03/01-24/06 / <p>Période : en soirée<br>Dates : du lundi 03 janvier au vendredi 24 juin 2022<br>Le trafic est interrompu entre Paris Gare du Nord et Persan - Beaumont via Valmondois.<br>Un service de bus de remplacement est mis en place, avec desserte des gares intermédiaires.<br><a href=""http://www.transilien.com/sites/transilien/files/2022-01/20220103-H-%201%20BUS%20ENTRE%20PARIS%20ET%20ERMONT-%20PERSAN%20%200301%20AU%200403%20puis%20SR.pdf "" target=""_blank"">Pour plus d'informations sur les horaires du lundi 03 janvier au vendredi 04 mars, cliquez ici pour télécharger l'affiche PDF.</a><br><a href=""https://www.transilien.com/sites/transilien/files/2022-02/20220307-h-h7-busentreparisetermontpersan-0703au2406-avec-sr.pdf"" target="""">Pour plus d'informations sur les horaires du lundi 07 mars au vendredi 24 juin sauf le mardi 21 juin, cliquez ici pour télécharger l'affiche PDF.</a><br>Les horaires du calculateur d'itinéraire tiennent compte des travaux.<br>Motif : travaux.</p> / Ligne H : Paris-Persan via Valmondois 03/01-24/06";20220209T104007;Transilien Train Transilien H;4436eadc-898c-11ec-a6cf-005056a44da2;travaux
future;Incidents;30;perturbée;SIGNIFICANT_DELAYS;20221215T204500;20221216T032500;4436eadc-898c-11ec-a6cf-005056a44da2;" / Ligne H : Paris-Persan via Valmondois 03/01-24/06 / <p>Période : en soirée<br>Dates : du lundi 03 janvier au vendredi 24 juin 2022<br>Le trafic est interrompu entre Paris Gare du Nord et Persan - Beaumont via Valmondois.<br>Un service de bus de remplacement est mis en place, avec desserte des gares intermédiaires.<br><a href=""http://www.transilien.com/sites/transilien/files/2022-01/20220103-H-%201%20BUS%20ENTRE%20PARIS%20ET%20ERMONT-%20PERSAN%20%200301%20AU%200403%20puis%20SR.pdf "" target=""_blank"">Pour plus d'informations sur les horaires du lundi 03 janvier au vendredi 04 mars, cliquez ici pour télécharger l'affiche PDF.</a><br><a href=""https://www.transilien.com/sites/transilien/files/2022-02/20220307-h-h7-busentreparisetermontpersan-0703au2406-avec-sr.pdf"" target="""">Pour plus d'informations sur les horaires du lundi 07 mars au vendredi 24 juin sauf le mardi 21 juin, cliquez ici pour télécharger l'affiche PDF.</a><br>Les horaires du calculateur d'itinéraire tiennent compte des travaux.<br>Motif : travaux.</p> / Ligne H : Paris-Persan via Valmondois 03/01-24/06";20220209T104007;Transilien Train Transilien H;4436eadc-898c-11ec-a6cf-005056a44da2;travaux
future;Incidents;30;perturbée;SIGNIFICANT_DELAYS;20221216T204500;20221217T032500;4436eadc-898c-11ec-a6cf-005056a44da2;" / Ligne H : Paris-Persan via Valmondois 03/01-24/06 / <p>Période : en soirée<br>Dates : du lundi 03 janvier au vendredi 24 juin 2022<br>Le trafic est interrompu entre Paris Gare du Nord et Persan - Beaumont via Valmondois.<br>Un service de bus de remplacement est mis en place, avec desserte des gares intermédiaires.<br><a href=""http://www.transilien.com/sites/transilien/files/2022-01/20220103-H-%201%20BUS%20ENTRE%20PARIS%20ET%20ERMONT-%20PERSAN%20%200301%20AU%200403%20puis%20SR.pdf "" target=""_blank"">Pour plus d'informations sur les horaires du lundi 03 janvier au vendredi 04 mars, cliquez ici pour télécharger l'affiche PDF.</a><br><a href=""https://www.transilien.com/sites/transilien/files/2022-02/20220307-h-h7-busentreparisetermontpersan-0703au2406-avec-sr.pdf"" target="""">Pour plus d'informations sur les horaires du lundi 07 mars au vendredi 24 juin sauf le mardi 21 juin, cliquez ici pour télécharger l'affiche PDF.</a><br>Les horaires du calculateur d'itinéraire tiennent compte des travaux.<br>Motif : travaux.</p> / Ligne H : Paris-Persan via Valmondois 03/01-24/06";20220209T104007;Transilien Train Transilien H;4436eadc-898c-11ec-a6cf-005056a44da2;travaux
future;Incidents;30;perturbée;SIGNIFICANT_DELAYS;20221010T204500;20221011T033500;4436eadc-898c-11ec-a6cf-005056a44da2;" / Ligne H : Paris-Persan via Valmondois 03/01-24/06 / <p>Période : en soirée<br>Dates : du lundi 03 janvier au vendredi 24 juin 2022<br>Le trafic est interrompu entre Paris Gare du Nord et Persan - Beaumont via Valmondois.<br>Un service de bus de remplacement est mis en place, avec desserte des gares intermédiaires.<br><a href=""http://www.transilien.com/sites/transilien/files/2022-01/20220103-H-%201%20BUS%20ENTRE%20PARIS%20ET%20ERMONT-%20PERSAN%20%200301%20AU%200403%20puis%20SR.pdf "" target=""_blank"">Pour plus d'informations sur les horaires du lundi 03 janvier au vendredi 04 mars, cliquez ici pour télécharger l'affiche PDF.</a><br><a href=""https://www.transilien.com/sites/transilien/files/2022-02/20220307-h-h7-busentreparisetermontpersan-0703au2406-avec-sr.pdf"" target="""">Pour plus d'informations sur les horaires du lundi 07 mars au vendredi 24 juin sauf le mardi 21 juin, cliquez ici pour télécharger l'affiche PDF.</a><br>Les horaires du calculateur d'itinéraire tiennent compte des travaux.<br>Motif : travaux.</p> / Ligne H : Paris-Persan via Valmondois 03/01-24/06";20220209T104007;Transilien Train Transilien H;4436eadc-898c-11ec-a6cf-005056a44da2;travaux
future;Incidents;30;perturbée;SIGNIFICANT_DELAYS;20221011T204500;20221012T033500;4436eadc-898c-11ec-a6cf-005056a44da2;" / Ligne H : Paris-Persan via Valmondois 03/01-24/06 / <p>Période : en soirée<br>Dates : du lundi 03 janvier au vendredi 24 juin 2022<br>Le trafic est interrompu entre Paris Gare du Nord et Persan - Beaumont via Valmondois.<br>Un service de bus de remplacement est mis en place, avec desserte des gares intermédiaires.<br><a href=""http://www.transilien.com/sites/transilien/files/2022-01/20220103-H-%201%20BUS%20ENTRE%20PARIS%20ET%20ERMONT-%20PERSAN%20%200301%20AU%200403%20puis%20SR.pdf "" target=""_blank"">Pour plus d'informations sur les horaires du lundi 03 janvier au vendredi 04 mars, cliquez ici pour télécharger l'affiche PDF.</a><br><a href=""https://www.transilien.com/sites/transilien/files/2022-02/20220307-h-h7-busentreparisetermontpersan-0703au2406-avec-sr.pdf"" target="""">Pour plus d'informations sur les horaires du lundi 07 mars au vendredi 24 juin sauf le mardi 21 juin, cliquez ici pour télécharger l'affiche PDF.</a><br>Les horaires du calculateur d'itinéraire tiennent compte des travaux.<br>Motif : travaux.</p> / Ligne H : Paris-Persan via Valmondois 03/01-24/06";20220209T104007;Transilien Train Transilien H;4436eadc-898c-11ec-a6cf-005056a44da2;travaux
future;Incidents;30;perturbée;SIGNIFICANT_DELAYS;20221012T204500;20221013T033500;4436eadc-898c-11ec-a6cf-005056a44da2;" / Ligne H : Paris-Persan via Valmondois 03/01-24/06 / <p>Période : en soirée<br>Dates : du lundi 03 janvier au vendredi 24 juin 2022<br>Le trafic est interrompu entre Paris Gare du Nord et Persan - Beaumont via Valmondois.<br>Un service de bus de remplacement est mis en place, avec desserte des gares intermédiaires.<br><a href=""http://www.transilien.com/sites/transilien/files/2022-01/20220103-H-%201%20BUS%20ENTRE%20PARIS%20ET%20ERMONT-%20PERSAN%20%200301%20AU%200403%20puis%20SR.pdf "" target=""_blank"">Pour plus d'informations sur les horaires du lundi 03 janvier au vendredi 04 mars, cliquez ici pour télécharger l'affiche PDF.</a><br><a href=""https://www.transilien.com/sites/transilien/files/2022-02/20220307-h-h7-busentreparisetermontpersan-0703au2406-avec-sr.pdf"" target="""">Pour plus d'informations sur les horaires du lundi 07 mars au vendredi 24 juin sauf le mardi 21 juin, cliquez ici pour télécharger l'affiche PDF.</a><br>Les horaires du calculateur d'itinéraire tiennent compte des travaux.<br>Motif : travaux.</p> / Ligne H : Paris-Persan via Valmondois 03/01-24/06";20220209T104007;Transilien Train Transilien H;4436eadc-898c-11ec-a6cf-005056a44da2;travaux
future;Incidents;30;perturbée;SIGNIFICANT_DELAYS;20221013T204500;20221014T033500;4436eadc-898c-11ec-a6cf-005056a44da2;" / Ligne H : Paris-Persan via Valmondois 03/01-24/06 / <p>Période : en soirée<br>Dates : du lundi 03 janvier au vendredi 24 juin 2022<br>Le trafic est interrompu entre Paris Gare du Nord et Persan - Beaumont via Valmondois.<br>Un service de bus de remplacement est mis en place, avec desserte des gares intermédiaires.<br><a href=""http://www.transilien.com/sites/transilien/files/2022-01/20220103-H-%201%20BUS%20ENTRE%20PARIS%20ET%20ERMONT-%20PERSAN%20%200301%20AU%200403%20puis%20SR.pdf "" target=""_blank"">Pour plus d'informations sur les horaires du lundi 03 janvier au vendredi 04 mars, cliquez ici pour télécharger l'affiche PDF.</a><br><a href=""https://www.transilien.com/sites/transilien/files/2022-02/20220307-h-h7-busentreparisetermontpersan-0703au2406-avec-sr.pdf"" target="""">Pour plus d'informations sur les horaires du lundi 07 mars au vendredi 24 juin sauf le mardi 21 juin, cliquez ici pour télécharger l'affiche PDF.</a><br>Les horaires du calculateur d'itinéraire tiennent compte des travaux.<br>Motif : travaux.</p> / Ligne H : Paris-Persan via Valmondois 03/01-24/06";20220209T104007;Transilien Train Transilien H;4436eadc-898c-11ec-a6cf-005056a44da2;travaux
future;Incidents;30;perturbée;SIGNIFICANT_DELAYS;20221014T204500;20221015T033500;4436eadc-898c-11ec-a6cf-005056a44da2;" / Ligne H : Paris-Persan via Valmondois 03/01-24/06 / <p>Période : en soirée<br>Dates : du lundi 03 janvier au vendredi 24 juin 2022<br>Le trafic est interrompu entre Paris Gare du Nord et Persan - Beaumont via Valmondois.<br>Un service de bus de remplacement est mis en place, avec desserte des gares intermédiaires.<br><a href=""http://www.transilien.com/sites/transilien/files/2022-01/20220103-H-%201%20BUS%20ENTRE%20PARIS%20ET%20ERMONT-%20PERSAN%20%200301%20AU%200403%20puis%20SR.pdf "" target=""_blank"">Pour plus d'informations sur les horaires du lundi 03 janvier au vendredi 04 mars, cliquez ici pour télécharger l'affiche PDF.</a><br><a href=""https://www.transilien.com/sites/transilien/files/2022-02/20220307-h-h7-busentreparisetermontpersan-0703au2406-avec-sr.pdf"" target="""">Pour plus d'informations sur les horaires du lundi 07 mars au vendredi 24 juin sauf le mardi 21 juin, cliquez ici pour télécharger l'affiche PDF.</a><br>Les horaires du calculateur d'itinéraire tiennent compte des travaux.<br>Motif : travaux.</p> / Ligne H : Paris-Persan via Valmondois 03/01-24/06";20220209T104007;Transilien Train Transilien H;4436eadc-898c-11ec-a6cf-005056a44da2;travaux
future;Incidents;30;perturbée;SIGNIFICANT_DELAYS;20221017T204500;20221018T033500;4436eadc-898c-11ec-a6cf-005056a44da2;" / Ligne H : Paris-Persan via Valmondois 03/01-24/06 / <p>Période : en soirée<br>Dates : du lundi 03 janvier au vendredi 24 juin 2022<br>Le trafic est interrompu entre Paris Gare du Nord et Persan - Beaumont via Valmondois.<br>Un service de bus de remplacement est mis en place, avec desserte des gares intermédiaires.<br><a href=""http://www.transilien.com/sites/transilien/files/2022-01/20220103-H-%201%20BUS%20ENTRE%20PARIS%20ET%20ERMONT-%20PERSAN%20%200301%20AU%200403%20puis%20SR.pdf "" target=""_blank"">Pour plus d'informations sur les horaires du lundi 03 janvier au vendredi 04 mars, cliquez ici pour télécharger l'affiche PDF.</a><br><a href=""https://www.transilien.com/sites/transilien/files/2022-02/20220307-h-h7-busentreparisetermontpersan-0703au2406-avec-sr.pdf"" target="""">Pour plus d'informations sur les horaires du lundi 07 mars au vendredi 24 juin sauf le mardi 21 juin, cliquez ici pour télécharger l'affiche PDF.</a><br>Les horaires du calculateur d'itinéraire tiennent compte des travaux.<br>Motif : travaux.</p> / Ligne H : Paris-Persan via Valmondois 03/01-24/06";20220209T104007;Transilien Train Transilien H;4436eadc-898c-11ec-a6cf-005056a44da2;travaux
future;Incidents;30;perturbée;SIGNIFICANT_DELAYS;20221018T204500;20221019T033500;4436eadc-898c-11ec-a6cf-005056a44da2;" / Ligne H : Paris-Persan via Valmondois 03/01-24/06 / <p>Période : en soirée<br>Dates : du lundi 03 janvier au vendredi 24 juin 2022<br>Le trafic est interrompu entre Paris Gare du Nord et Persan - Beaumont via Valmondois.<br>Un service de bus de remplacement est mis en place, avec desserte des gares intermédiaires.<br><a href=""http://www.transilien.com/sites/transilien/files/2022-01/20220103-H-%201%20BUS%20ENTRE%20PARIS%20ET%20ERMONT-%20PERSAN%20%200301%20AU%200403%20puis%20SR.pdf "" target=""_blank"">Pour plus d'informations sur les horaires du lundi 03 janvier au vendredi 04 mars, cliquez ici pour télécharger l'affiche PDF.</a><br><a href=""https://www.transilien.com/sites/transilien/files/2022-02/20220307-h-h7-busentreparisetermontpersan-0703au2406-avec-sr.pdf"" target="""">Pour plus d'informations sur les horaires du lundi 07 mars au vendredi 24 juin sauf le mardi 21 juin, cliquez ici pour télécharger l'affiche PDF.</a><br>Les horaires du calculateur d'itinéraire tiennent compte des travaux.<br>Motif : travaux.</p> / Ligne H : Paris-Persan via Valmondois 03/01-24/06";20220209T104007;Transilien Train Transilien H;4436eadc-898c-11ec-a6cf-005056a44da2;travaux
future;Incidents;30;perturbée;SIGNIFICANT_DELAYS;20221019T204500;20221020T033500;4436eadc-898c-11ec-a6cf-005056a44da2;" / Ligne H : Paris-Persan via Valmondois 03/01-24/06 / <p>Période : en soirée<br>Dates : du lundi 03 janvier au vendredi 24 juin 2022<br>Le trafic est interrompu entre Paris Gare du Nord et Persan - Beaumont via Valmondois.<br>Un service de bus de remplacement est mis en place, avec desserte des gares intermédiaires.<br><a href=""http://www.transilien.com/sites/transilien/files/2022-01/20220103-H-%201%20BUS%20ENTRE%20PARIS%20ET%20ERMONT-%20PERSAN%20%200301%20AU%200403%20puis%20SR.pdf "" target=""_blank"">Pour plus d'informations sur les horaires du lundi 03 janvier au vendredi 04 mars, cliquez ici pour télécharger l'affiche PDF.</a><br><a href=""https://www.transilien.com/sites/transilien/files/2022-02/20220307-h-h7-busentreparisetermontpersan-0703au2406-avec-sr.pdf"" target="""">Pour plus d'informations sur les horaires du lundi 07 mars au vendredi 24 juin sauf le mardi 21 juin, cliquez ici pour télécharger l'affiche PDF.</a><br>Les horaires du calculateur d'itinéraire tiennent compte des travaux.<br>Motif : travaux.</p> / Ligne H : Paris-Persan via Valmondois 03/01-24/06";20220209T104007;Transilien Train Transilien H;4436eadc-898c-11ec-a6cf-005056a44da2;travaux
future;Incidents;30;perturbée;SIGNIFICANT_DELAYS;20221021T204500;20221022T033500;4436eadc-898c-11ec-a6cf-005056a44da2;" / Ligne H : Paris-Persan via Valmondois 03/01-24/06 / <p>Période : en soirée<br>Dates : du lundi 03 janvier au vendredi 24 juin 2022<br>Le trafic est interrompu entre Paris Gare du Nord et Persan - Beaumont via Valmondois.<br>Un service de bus de remplacement est mis en place, avec desserte des gares intermédiaires.<br><a href=""http://www.transilien.com/sites/transilien/files/2022-01/20220103-H-%201%20BUS%20ENTRE%20PARIS%20ET%20ERMONT-%20PERSAN%20%200301%20AU%200403%20puis%20SR.pdf "" target=""_blank"">Pour plus d'informations sur les horaires du lundi 03 janvier au vendredi 04 mars, cliquez ici pour télécharger l'affiche PDF.</a><br><a href=""https://www.transilien.com/sites/transilien/files/2022-02/20220307-h-h7-busentreparisetermontpersan-0703au2406-avec-sr.pdf"" target="""">Pour plus d'informations sur les horaires du lundi 07 mars au vendredi 24 juin sauf le mardi 21 juin, cliquez ici pour télécharger l'affiche PDF.</a><br>Les horaires du calculateur d'itinéraire tiennent compte des travaux.<br>Motif : travaux.</p> / Ligne H : Paris-Persan via Valmondois 03/01-24/06";20220209T104007;Transilien Train Transilien H;4436eadc-898c-11ec-a6cf-005056a44da2;travaux
future;Incidents;30;perturbée;SIGNIFICANT_DELAYS;20221024T204500;20221025T033500;4436eadc-898c-11ec-a6cf-005056a44da2;" / Ligne H : Paris-Persan via Valmondois 03/01-24/06 / <p>Période : en soirée<br>Dates : du lundi 03 janvier au vendredi 24 juin 2022<br>Le trafic est interrompu entre Paris Gare du Nord et Persan - Beaumont via Valmondois.<br>Un service de bus de remplacement est mis en place, avec desserte des gares intermédiaires.<br><a href=""http://www.transilien.com/sites/transilien/files/2022-01/20220103-H-%201%20BUS%20ENTRE%20PARIS%20ET%20ERMONT-%20PERSAN%20%200301%20AU%200403%20puis%20SR.pdf "" target=""_blank"">Pour plus d'informations sur les horaires du lundi 03 janvier au vendredi 04 mars, cliquez ici pour télécharger l'affiche PDF.</a><br><a href=""https://www.transilien.com/sites/transilien/files/2022-02/20220307-h-h7-busentreparisetermontpersan-0703au2406-avec-sr.pdf"" target="""">Pour plus d'informations sur les horaires du lundi 07 mars au vendredi 24 juin sauf le mardi 21 juin, cliquez ici pour télécharger l'affiche PDF.</a><br>Les horaires du calculateur d'itinéraire tiennent compte des travaux.<br>Motif : travaux.</p> / Ligne H : Paris-Persan via Valmondois 03/01-24/06";20220209T104007;Transilien Train Transilien H;4436eadc-898c-11ec-a6cf-005056a44da2;travaux
future;Incidents;30;perturbée;SIGNIFICANT_DELAYS;20221025T204500;20221026T033500;4436eadc-898c-11ec-a6cf-005056a44da2;" / Ligne H : Paris-Persan via Valmondois 03/01-24/06 / <p>Période : en soirée<br>Dates : du lundi 03 janvier au vendredi 24 juin 2022<br>Le trafic est interrompu entre Paris Gare du Nord et Persan - Beaumont via Valmondois.<br>Un service de bus de remplacement est mis en place, avec desserte des gares intermédiaires.<br><a href=""http://www.transilien.com/sites/transilien/files/2022-01/20220103-H-%201%20BUS%20ENTRE%20PARIS%20ET%20ERMONT-%20PERSAN%20%200301%20AU%200403%20puis%20SR.pdf "" target=""_blank"">Pour plus d'informations sur les horaires du lundi 03 janvier au vendredi 04 mars, cliquez ici pour télécharger l'affiche PDF.</a><br><a href=""https://www.transilien.com/sites/transilien/files/2022-02/20220307-h-h7-busentreparisetermontpersan-0703au2406-avec-sr.pdf"" target="""">Pour plus d'informations sur les horaires du lundi 07 mars au vendredi 24 juin sauf le mardi 21 juin, cliquez ici pour télécharger l'affiche PDF.</a><br>Les horaires du calculateur d'itinéraire tiennent compte des travaux.<br>Motif : travaux.</p> / Ligne H : Paris-Persan via Valmondois 03/01-24/06";20220209T104007;Transilien Train Transilien H;4436eadc-898c-11ec-a6cf-005056a44da2;travaux
future;Incidents;30;perturbée;SIGNIFICANT_DELAYS;20221026T204500;20221027T033500;4436eadc-898c-11ec-a6cf-005056a44da2;" / Ligne H : Paris-Persan via Valmondois 03/01-24/06 / <p>Période : en soirée<br>Dates : du lundi 03 janvier au vendredi 24 juin 2022<br>Le trafic est interrompu entre Paris Gare du Nord et Persan - Beaumont via Valmondois.<br>Un service de bus de remplacement est mis en place, avec desserte des gares intermédiaires.<br><a href=""http://www.transilien.com/sites/transilien/files/2022-01/20220103-H-%201%20BUS%20ENTRE%20PARIS%20ET%20ERMONT-%20PERSAN%20%200301%20AU%200403%20puis%20SR.pdf "" target=""_blank"">Pour plus d'informations sur les horaires du lundi 03 janvier au vendredi 04 mars, cliquez ici pour télécharger l'affiche PDF.</a><br><a href=""https://www.transilien.com/sites/transilien/files/2022-02/20220307-h-h7-busentreparisetermontpersan-0703au2406-avec-sr.pdf"" target="""">Pour plus d'informations sur les horaires du lundi 07 mars au vendredi 24 juin sauf le mardi 21 juin, cliquez ici pour télécharger l'affiche PDF.</a><br>Les horaires du calculateur d'itinéraire tiennent compte des travaux.<br>Motif : travaux.</p> / Ligne H : Paris-Persan via Valmondois 03/01-24/06";20220209T104007;Transilien Train Transilien H;4436eadc-898c-11ec-a6cf-005056a44da2;travaux
future;Incidents;30;perturbée;SIGNIFICANT_DELAYS;20221027T204500;20221028T033500;4436eadc-898c-11ec-a6cf-005056a44da2;" / Ligne H : Paris-Persan via Valmondois 03/01-24/06 / <p>Période : en soirée<br>Dates : du lundi 03 janvier au vendredi 24 juin 2022<br>Le trafic est interrompu entre Paris Gare du Nord et Persan - Beaumont via Valmondois.<br>Un service de bus de remplacement est mis en place, avec desserte des gares intermédiaires.<br><a href=""http://www.transilien.com/sites/transilien/files/2022-01/20220103-H-%201%20BUS%20ENTRE%20PARIS%20ET%20ERMONT-%20PERSAN%20%200301%20AU%200403%20puis%20SR.pdf "" target=""_blank"">Pour plus d'informations sur les horaires du lundi 03 janvier au vendredi 04 mars, cliquez ici pour télécharger l'affiche PDF.</a><br><a href=""https://www.transilien.com/sites/transilien/files/2022-02/20220307-h-h7-busentreparisetermontpersan-0703au2406-avec-sr.pdf"" target="""">Pour plus d'informations sur les horaires du lundi 07 mars au vendredi 24 juin sauf le mardi 21 juin, cliquez ici pour télécharger l'affiche PDF.</a><br>Les horaires du calculateur d'itinéraire tiennent compte des travaux.<br>Motif : travaux.</p> / Ligne H : Paris-Persan via Valmondois 03/01-24/06";20220209T104007;Transilien Train Transilien H;4436eadc-898c-11ec-a6cf-005056a44da2;travaux
future;Incidents;30;perturbée;SIGNIFICANT_DELAYS;20221020T204500;20221021T033500;4436eadc-898c-11ec-a6cf-005056a44da2;" / Ligne H : Paris-Persan via Valmondois 03/01-24/06 / <p>Période : en soirée<br>Dates : du lundi 03 janvier au vendredi 24 juin 2022<br>Le trafic est interrompu entre Paris Gare du Nord et Persan - Beaumont via Valmondois.<br>Un service de bus de remplacement est mis en place, avec desserte des gares intermédiaires.<br><a href=""http://www.transilien.com/sites/transilien/files/2022-01/20220103-H-%201%20BUS%20ENTRE%20PARIS%20ET%20ERMONT-%20PERSAN%20%200301%20AU%200403%20puis%20SR.pdf "" target=""_blank"">Pour plus d'informations sur les horaires du lundi 03 janvier au vendredi 04 mars, cliquez ici pour télécharger l'affiche PDF.</a><br><a href=""https://www.transilien.com/sites/transilien/files/2022-02/20220307-h-h7-busentreparisetermontpersan-0703au2406-avec-sr.pdf"" target="""">Pour plus d'informations sur les horaires du lundi 07 mars au vendredi 24 juin sauf le mardi 21 juin, cliquez ici pour télécharger l'affiche PDF.</a><br>Les horaires du calculateur d'itinéraire tiennent compte des travaux.<br>Motif : travaux.</p> / Ligne H : Paris-Persan via Valmondois 03/01-24/06";20220209T104007;Transilien Train Transilien H;4436eadc-898c-11ec-a6cf-005056a44da2;travaux
future;Incidents;30;perturbée;SIGNIFICANT_DELAYS;20221028T204500;20221029T033500;4436eadc-898c-11ec-a6cf-005056a44da2;" / Ligne H : Paris-Persan via Valmondois 03/01-24/06 / <p>Période : en soirée<br>Dates : du lundi 03 janvier au vendredi 24 juin 2022<br>Le trafic est interrompu entre Paris Gare du Nord et Persan - Beaumont via Valmondois.<br>Un service de bus de remplacement est mis en place, avec desserte des gares intermédiaires.<br><a href=""http://www.transilien.com/sites/transilien/files/2022-01/20220103-H-%201%20BUS%20ENTRE%20PARIS%20ET%20ERMONT-%20PERSAN%20%200301%20AU%200403%20puis%20SR.pdf "" target=""_blank"">Pour plus d'informations sur les horaires du lundi 03 janvier au vendredi 04 mars, cliquez ici pour télécharger l'affiche PDF.</a><br><a href=""https://www.transilien.com/sites/transilien/files/2022-02/20220307-h-h7-busentreparisetermontpersan-0703au2406-avec-sr.pdf"" target="""">Pour plus d'informations sur les horaires du lundi 07 mars au vendredi 24 juin sauf le mardi 21 juin, cliquez ici pour télécharger l'affiche PDF.</a><br>Les horaires du calculateur d'itinéraire tiennent compte des travaux.<br>Motif : travaux.</p> / Ligne H : Paris-Persan via Valmondois 03/01-24/06";20220209T104007;Transilien Train Transilien H;4436eadc-898c-11ec-a6cf-005056a44da2;travaux
future;Incidents;30;perturbée;SIGNIFICANT_DELAYS;20221031T204500;20221101T033500;4436eadc-898c-11ec-a6cf-005056a44da2;" / Ligne H : Paris-Persan via Valmondois 03/01-24/06 / <p>Période : en soirée<br>Dates : du lundi 03 janvier au vendredi 24 juin 2022<br>Le trafic est interrompu entre Paris Gare du Nord et Persan - Beaumont via Valmondois.<br>Un service de bus de remplacement est mis en place, avec desserte des gares intermédiaires.<br><a href=""http://www.transilien.com/sites/transilien/files/2022-01/20220103-H-%201%20BUS%20ENTRE%20PARIS%20ET%20ERMONT-%20PERSAN%20%200301%20AU%200403%20puis%20SR.pdf "" target=""_blank"">Pour plus d'informations sur les horaires du lundi 03 janvier au vendredi 04 mars, cliquez ici pour télécharger l'affiche PDF.</a><br><a href=""https://www.transilien.com/sites/transilien/files/2022-02/20220307-h-h7-busentreparisetermontpersan-0703au2406-avec-sr.pdf"" target="""">Pour plus d'informations sur les horaires du lundi 07 mars au vendredi 24 juin sauf le mardi 21 juin, cliquez ici pour télécharger l'affiche PDF.</a><br>Les horaires du calculateur d'itinéraire tiennent compte des travaux.<br>Motif : travaux.</p> / Ligne H : Paris-Persan via Valmondois 03/01-24/06";20220209T104007;Transilien Train Transilien H;4436eadc-898c-11ec-a6cf-005056a44da2;travaux
future;Incidents;30;perturbée;SIGNIFICANT_DELAYS;20221101T204500;20221102T033500;4436eadc-898c-11ec-a6cf-005056a44da2;" / Ligne H : Paris-Persan via Valmondois 03/01-24/06 / <p>Période : en soirée<br>Dates : du lundi 03 janvier au vendredi 24 juin 2022<br>Le trafic est interrompu entre Paris Gare du Nord et Persan - Beaumont via Valmondois.<br>Un service de bus de remplacement est mis en place, avec desserte des gares intermédiaires.<br><a href=""http://www.transilien.com/sites/transilien/files/2022-01/20220103-H-%201%20BUS%20ENTRE%20PARIS%20ET%20ERMONT-%20PERSAN%20%200301%20AU%200403%20puis%20SR.pdf "" target=""_blank"">Pour plus d'informations sur les horaires du lundi 03 janvier au vendredi 04 mars, cliquez ici pour télécharger l'affiche PDF.</a><br><a href=""https://www.transilien.com/sites/transilien/files/2022-02/20220307-h-h7-busentreparisetermontpersan-0703au2406-avec-sr.pdf"" target="""">Pour plus d'informations sur les horaires du lundi 07 mars au vendredi 24 juin sauf le mardi 21 juin, cliquez ici pour télécharger l'affiche PDF.</a><br>Les horaires du calculateur d'itinéraire tiennent compte des travaux.<br>Motif : travaux.</p> / Ligne H : Paris-Persan via Valmondois 03/01-24/06";20220209T104007;Transilien Train Transilien H;4436eadc-898c-11ec-a6cf-005056a44da2;travaux
future;Incidents;30;perturbée;SIGNIFICANT_DELAYS;20221102T204500;20221103T033500;4436eadc-898c-11ec-a6cf-005056a44da2;" / Ligne H : Paris-Persan via Valmondois 03/01-24/06 / <p>Période : en soirée<br>Dates : du lundi 03 janvier au vendredi 24 juin 2022<br>Le trafic est interrompu entre Paris Gare du Nord et Persan - Beaumont via Valmondois.<br>Un service de bus de remplacement est mis en place, avec desserte des gares intermédiaires.<br><a href=""http://www.transilien.com/sites/transilien/files/2022-01/20220103-H-%201%20BUS%20ENTRE%20PARIS%20ET%20ERMONT-%20PERSAN%20%200301%20AU%200403%20puis%20SR.pdf "" target=""_blank"">Pour plus d'informations sur les horaires du lundi 03 janvier au vendredi 04 mars, cliquez ici pour télécharger l'affiche PDF.</a><br><a href=""https://www.transilien.com/sites/transilien/files/2022-02/20220307-h-h7-busentreparisetermontpersan-0703au2406-avec-sr.pdf"" target="""">Pour plus d'informations sur les horaires du lundi 07 mars au vendredi 24 juin sauf le mardi 21 juin, cliquez ici pour télécharger l'affiche PDF.</a><br>Les horaires du calculateur d'itinéraire tiennent compte des travaux.<br>Motif : travaux.</p> / Ligne H : Paris-Persan via Valmondois 03/01-24/06";20220209T104007;Transilien Train Transilien H;4436eadc-898c-11ec-a6cf-005056a44da2;travaux
future;Incidents;30;perturbée;SIGNIFICANT_DELAYS;20221103T204500;20221104T033500;4436eadc-898c-11ec-a6cf-005056a44da2;" / Ligne H : Paris-Persan via Valmondois 03/01-24/06 / <p>Période : en soirée<br>Dates : du lundi 03 janvier au vendredi 24 juin 2022<br>Le trafic est interrompu entre Paris Gare du Nord et Persan - Beaumont via Valmondois.<br>Un service de bus de remplacement est mis en place, avec desserte des gares intermédiaires.<br><a href=""http://www.transilien.com/sites/transilien/files/2022-01/20220103-H-%201%20BUS%20ENTRE%20PARIS%20ET%20ERMONT-%20PERSAN%20%200301%20AU%200403%20puis%20SR.pdf "" target=""_blank"">Pour plus d'informations sur les horaires du lundi 03 janvier au vendredi 04 mars, cliquez ici pour télécharger l'affiche PDF.</a><br><a href=""https://www.transilien.com/sites/transilien/files/2022-02/20220307-h-h7-busentreparisetermontpersan-0703au2406-avec-sr.pdf"" target="""">Pour plus d'informations sur les horaires du lundi 07 mars au vendredi 24 juin sauf le mardi 21 juin, cliquez ici pour télécharger l'affiche PDF.</a><br>Les horaires du calculateur d'itinéraire tiennent compte des travaux.<br>Motif : travaux.</p> / Ligne H : Paris-Persan via Valmondois 03/01-24/06";20220209T104007;Transilien Train Transilien H;4436eadc-898c-11ec-a6cf-005056a44da2;travaux
future;Incidents;30;perturbée;SIGNIFICANT_DELAYS;20221104T204500;20221105T033500;4436eadc-898c-11ec-a6cf-005056a44da2;" / Ligne H : Paris-Persan via Valmondois 03/01-24/06 / <p>Période : en soirée<br>Dates : du lundi 03 janvier au vendredi 24 juin 2022<br>Le trafic est interrompu entre Paris Gare du Nord et Persan - Beaumont via Valmondois.<br>Un service de bus de remplacement est mis en place, avec desserte des gares intermédiaires.<br><a href=""http://www.transilien.com/sites/transilien/files/2022-01/20220103-H-%201%20BUS%20ENTRE%20PARIS%20ET%20ERMONT-%20PERSAN%20%200301%20AU%200403%20puis%20SR.pdf "" target=""_blank"">Pour plus d'informations sur les horaires du lundi 03 janvier au vendredi 04 mars, cliquez ici pour télécharger l'affiche PDF.</a><br><a href=""https://www.transilien.com/sites/transilien/files/2022-02/20220307-h-h7-busentreparisetermontpersan-0703au2406-avec-sr.pdf"" target="""">Pour plus d'informations sur les horaires du lundi 07 mars au vendredi 24 juin sauf le mardi 21 juin, cliquez ici pour télécharger l'affiche PDF.</a><br>Les horaires du calculateur d'itinéraire tiennent compte des travaux.<br>Motif : travaux.</p> / Ligne H : Paris-Persan via Valmondois 03/01-24/06";20220209T104007;Transilien Train Transilien H;4436eadc-898c-11ec-a6cf-005056a44da2;travaux
future;Incidents;30;perturbée;SIGNIFICANT_DELAYS;20221107T204500;20221108T033500;4436eadc-898c-11ec-a6cf-005056a44da2;" / Ligne H : Paris-Persan via Valmondois 03/01-24/06 / <p>Période : en soirée<br>Dates : du lundi 03 janvier au vendredi 24 juin 2022<br>Le trafic est interrompu entre Paris Gare du Nord et Persan - Beaumont via Valmondois.<br>Un service de bus de remplacement est mis en place, avec desserte des gares intermédiaires.<br><a href=""http://www.transilien.com/sites/transilien/files/2022-01/20220103-H-%201%20BUS%20ENTRE%20PARIS%20ET%20ERMONT-%20PERSAN%20%200301%20AU%200403%20puis%20SR.pdf "" target=""_blank"">Pour plus d'informations sur les horaires du lundi 03 janvier au vendredi 04 mars, cliquez ici pour télécharger l'affiche PDF.</a><br><a href=""https://www.transilien.com/sites/transilien/files/2022-02/20220307-h-h7-busentreparisetermontpersan-0703au2406-avec-sr.pdf"" target="""">Pour plus d'informations sur les horaires du lundi 07 mars au vendredi 24 juin sauf le mardi 21 juin, cliquez ici pour télécharger l'affiche PDF.</a><br>Les horaires du calculateur d'itinéraire tiennent compte des travaux.<br>Motif : travaux.</p> / Ligne H : Paris-Persan via Valmondois 03/01-24/06";20220209T104007;Transilien Train Transilien H;4436eadc-898c-11ec-a6cf-005056a44da2;travaux
future;Incidents;30;perturbée;SIGNIFICANT_DELAYS;20221108T204500;20221109T033500;4436eadc-898c-11ec-a6cf-005056a44da2;" / Ligne H : Paris-Persan via Valmondois 03/01-24/06 / <p>Période : en soirée<br>Dates : du lundi 03 janvier au vendredi 24 juin 2022<br>Le trafic est interrompu entre Paris Gare du Nord et Persan - Beaumont via Valmondois.<br>Un service de bus de remplacement est mis en place, avec desserte des gares intermédiaires.<br><a href=""http://www.transilien.com/sites/transilien/files/2022-01/20220103-H-%201%20BUS%20ENTRE%20PARIS%20ET%20ERMONT-%20PERSAN%20%200301%20AU%200403%20puis%20SR.pdf "" target=""_blank"">Pour plus d'informations sur les horaires du lundi 03 janvier au vendredi 04 mars, cliquez ici pour télécharger l'affiche PDF.</a><br><a href=""https://www.transilien.com/sites/transilien/files/2022-02/20220307-h-h7-busentreparisetermontpersan-0703au2406-avec-sr.pdf"" target="""">Pour plus d'informations sur les horaires du lundi 07 mars au vendredi 24 juin sauf le mardi 21 juin, cliquez ici pour télécharger l'affiche PDF.</a><br>Les horaires du calculateur d'itinéraire tiennent compte des travaux.<br>Motif : travaux.</p> / Ligne H : Paris-Persan via Valmondois 03/01-24/06";20220209T104007;Transilien Train Transilien H;4436eadc-898c-11ec-a6cf-005056a44da2;travaux
future;Incidents;30;perturbée;SIGNIFICANT_DELAYS;20221109T204500;20221110T033500;4436eadc-898c-11ec-a6cf-005056a44da2;" / Ligne H : Paris-Persan via Valmondois 03/01-24/06 / <p>Période : en soirée<br>Dates : du lundi 03 janvier au vendredi 24 juin 2022<br>Le trafic est interrompu entre Paris Gare du Nord et Persan - Beaumont via Valmondois.<br>Un service de bus de remplacement est mis en place, avec desserte des gares intermédiaires.<br><a href=""http://www.transilien.com/sites/transilien/files/2022-01/20220103-H-%201%20BUS%20ENTRE%20PARIS%20ET%20ERMONT-%20PERSAN%20%200301%20AU%200403%20puis%20SR.pdf "" target=""_blank"">Pour plus d'informations sur les horaires du lundi 03 janvier au vendredi 04 mars, cliquez ici pour télécharger l'affiche PDF.</a><br><a href=""https://www.transilien.com/sites/transilien/files/2022-02/20220307-h-h7-busentreparisetermontpersan-0703au2406-avec-sr.pdf"" target="""">Pour plus d'informations sur les horaires du lundi 07 mars au vendredi 24 juin sauf le mardi 21 juin, cliquez ici pour télécharger l'affiche PDF.</a><br>Les horaires du calculateur d'itinéraire tiennent compte des travaux.<br>Motif : travaux.</p> / Ligne H : Paris-Persan via Valmondois 03/01-24/06";20220209T104007;Transilien Train Transilien H;4436eadc-898c-11ec-a6cf-005056a44da2;travaux
future;Incidents;30;perturbée;SIGNIFICANT_DELAYS;20221110T204500;20221111T033500;4436eadc-898c-11ec-a6cf-005056a44da2;" / Ligne H : Paris-Persan via Valmondois 03/01-24/06 / <p>Période : en soirée<br>Dates : du lundi 03 janvier au vendredi 24 juin 2022<br>Le trafic est interrompu entre Paris Gare du Nord et Persan - Beaumont via Valmondois.<br>Un service de bus de remplacement est mis en place, avec desserte des gares intermédiaires.<br><a href=""http://www.transilien.com/sites/transilien/files/2022-01/20220103-H-%201%20BUS%20ENTRE%20PARIS%20ET%20ERMONT-%20PERSAN%20%200301%20AU%200403%20puis%20SR.pdf "" target=""_blank"">Pour plus d'informations sur les horaires du lundi 03 janvier au vendredi 04 mars, cliquez ici pour télécharger l'affiche PDF.</a><br><a href=""https://www.transilien.com/sites/transilien/files/2022-02/20220307-h-h7-busentreparisetermontpersan-0703au2406-avec-sr.pdf"" target="""">Pour plus d'informations sur les horaires du lundi 07 mars au vendredi 24 juin sauf le mardi 21 juin, cliquez ici pour télécharger l'affiche PDF.</a><br>Les horaires du calculateur d'itinéraire tiennent compte des travaux.<br>Motif : travaux.</p> / Ligne H : Paris-Persan via Valmondois 03/01-24/06";20220209T104007;Transilien Train Transilien H;4436eadc-898c-11ec-a6cf-005056a44da2;travaux
future;Incidents;30;perturbée;SIGNIFICANT_DELAYS;20221111T204500;20221112T033500;4436eadc-898c-11ec-a6cf-005056a44da2;" / Ligne H : Paris-Persan via Valmondois 03/01-24/06 / <p>Période : en soirée<br>Dates : du lundi 03 janvier au vendredi 24 juin 2022<br>Le trafic est interrompu entre Paris Gare du Nord et Persan - Beaumont via Valmondois.<br>Un service de bus de remplacement est mis en place, avec desserte des gares intermédiaires.<br><a href=""http://www.transilien.com/sites/transilien/files/2022-01/20220103-H-%201%20BUS%20ENTRE%20PARIS%20ET%20ERMONT-%20PERSAN%20%200301%20AU%200403%20puis%20SR.pdf "" target=""_blank"">Pour plus d'informations sur les horaires du lundi 03 janvier au vendredi 04 mars, cliquez ici pour télécharger l'affiche PDF.</a><br><a href=""https://www.transilien.com/sites/transilien/files/2022-02/20220307-h-h7-busentreparisetermontpersan-0703au2406-avec-sr.pdf"" target="""">Pour plus d'informations sur les horaires du lundi 07 mars au vendredi 24 juin sauf le mardi 21 juin, cliquez ici pour télécharger l'affiche PDF.</a><br>Les horaires du calculateur d'itinéraire tiennent compte des travaux.<br>Motif : travaux.</p> / Ligne H : Paris-Persan via Valmondois 03/01-24/06";20220209T104007;Transilien Train Transilien H;4436eadc-898c-11ec-a6cf-005056a44da2;travaux
future;Incidents;30;perturbée;SIGNIFICANT_DELAYS;20221114T204500;20221115T033500;4436eadc-898c-11ec-a6cf-005056a44da2;" / Ligne H : Paris-Persan via Valmondois 03/01-24/06 / <p>Période : en soirée<br>Dates : du lundi 03 janvier au vendredi 24 juin 2022<br>Le trafic est interrompu entre Paris Gare du Nord et Persan - Beaumont via Valmondois.<br>Un service de bus de remplacement est mis en place, avec desserte des gares intermédiaires.<br><a href=""http://www.transilien.com/sites/transilien/files/2022-01/20220103-H-%201%20BUS%20ENTRE%20PARIS%20ET%20ERMONT-%20PERSAN%20%200301%20AU%200403%20puis%20SR.pdf "" target=""_blank"">Pour plus d'informations sur les horaires du lundi 03 janvier au vendredi 04 mars, cliquez ici pour télécharger l'affiche PDF.</a><br><a href=""https://www.transilien.com/sites/transilien/files/2022-02/20220307-h-h7-busentreparisetermontpersan-0703au2406-avec-sr.pdf"" target="""">Pour plus d'informations sur les horaires du lundi 07 mars au vendredi 24 juin sauf le mardi 21 juin, cliquez ici pour télécharger l'affiche PDF.</a><br>Les horaires du calculateur d'itinéraire tiennent compte des travaux.<br>Motif : travaux.</p> / Ligne H : Paris-Persan via Valmondois 03/01-24/06";20220209T104007;Transilien Train Transilien H;4436eadc-898c-11ec-a6cf-005056a44da2;travaux
future;Incidents;30;perturbée;SIGNIFICANT_DELAYS;20221115T204500;20221116T033500;4436eadc-898c-11ec-a6cf-005056a44da2;" / Ligne H : Paris-Persan via Valmondois 03/01-24/06 / <p>Période : en soirée<br>Dates : du lundi 03 janvier au vendredi 24 juin 2022<br>Le trafic est interrompu entre Paris Gare du Nord et Persan - Beaumont via Valmondois.<br>Un service de bus de remplacement est mis en place, avec desserte des gares intermédiaires.<br><a href=""http://www.transilien.com/sites/transilien/files/2022-01/20220103-H-%201%20BUS%20ENTRE%20PARIS%20ET%20ERMONT-%20PERSAN%20%200301%20AU%200403%20puis%20SR.pdf "" target=""_blank"">Pour plus d'informations sur les horaires du lundi 03 janvier au vendredi 04 mars, cliquez ici pour télécharger l'affiche PDF.</a><br><a href=""https://www.transilien.com/sites/transilien/files/2022-02/20220307-h-h7-busentreparisetermontpersan-0703au2406-avec-sr.pdf"" target="""">Pour plus d'informations sur les horaires du lundi 07 mars au vendredi 24 juin sauf le mardi 21 juin, cliquez ici pour télécharger l'affiche PDF.</a><br>Les horaires du calculateur d'itinéraire tiennent compte des travaux.<br>Motif : travaux.</p> / Ligne H : Paris-Persan via Valmondois 03/01-24/06";20220209T104007;Transilien Train Transilien H;4436eadc-898c-11ec-a6cf-005056a44da2;travaux
future;Incidents;30;perturbée;SIGNIFICANT_DELAYS;20221116T204500;20221117T033500;4436eadc-898c-11ec-a6cf-005056a44da2;" / Ligne H : Paris-Persan via Valmondois 03/01-24/06 / <p>Période : en soirée<br>Dates : du lundi 03 janvier au vendredi 24 juin 2022<br>Le trafic est interrompu entre Paris Gare du Nord et Persan - Beaumont via Valmondois.<br>Un service de bus de remplacement est mis en place, avec desserte des gares intermédiaires.<br><a href=""http://www.transilien.com/sites/transilien/files/2022-01/20220103-H-%201%20BUS%20ENTRE%20PARIS%20ET%20ERMONT-%20PERSAN%20%200301%20AU%200403%20puis%20SR.pdf "" target=""_blank"">Pour plus d'informations sur les horaires du lundi 03 janvier au vendredi 04 mars, cliquez ici pour télécharger l'affiche PDF.</a><br><a href=""https://www.transilien.com/sites/transilien/files/2022-02/20220307-h-h7-busentreparisetermontpersan-0703au2406-avec-sr.pdf"" target="""">Pour plus d'informations sur les horaires du lundi 07 mars au vendredi 24 juin sauf le mardi 21 juin, cliquez ici pour télécharger l'affiche PDF.</a><br>Les horaires du calculateur d'itinéraire tiennent compte des travaux.<br>Motif : travaux.</p> / Ligne H : Paris-Persan via Valmondois 03/01-24/06";20220209T104007;Transilien Train Transilien H;4436eadc-898c-11ec-a6cf-005056a44da2;travaux
future;Incidents;30;perturbée;SIGNIFICANT_DELAYS;20221117T204500;20221118T033500;4436eadc-898c-11ec-a6cf-005056a44da2;" / Ligne H : Paris-Persan via Valmondois 03/01-24/06 / <p>Période : en soirée<br>Dates : du lundi 03 janvier au vendredi 24 juin 2022<br>Le trafic est interrompu entre Paris Gare du Nord et Persan - Beaumont via Valmondois.<br>Un service de bus de remplacement est mis en place, avec desserte des gares intermédiaires.<br><a href=""http://www.transilien.com/sites/transilien/files/2022-01/20220103-H-%201%20BUS%20ENTRE%20PARIS%20ET%20ERMONT-%20PERSAN%20%200301%20AU%200403%20puis%20SR.pdf "" target=""_blank"">Pour plus d'informations sur les horaires du lundi 03 janvier au vendredi 04 mars, cliquez ici pour télécharger l'affiche PDF.</a><br><a href=""https://www.transilien.com/sites/transilien/files/2022-02/20220307-h-h7-busentreparisetermontpersan-0703au2406-avec-sr.pdf"" target="""">Pour plus d'informations sur les horaires du lundi 07 mars au vendredi 24 juin sauf le mardi 21 juin, cliquez ici pour télécharger l'affiche PDF.</a><br>Les horaires du calculateur d'itinéraire tiennent compte des travaux.<br>Motif : travaux.</p> / Ligne H : Paris-Persan via Valmondois 03/01-24/06";20220209T104007;Transilien Train Transilien H;4436eadc-898c-11ec-a6cf-005056a44da2;travaux
future;Incidents;30;perturbée;SIGNIFICANT_DELAYS;20221124T204500;20221125T033500;4436eadc-898c-11ec-a6cf-005056a44da2;" / Ligne H : Paris-Persan via Valmondois 03/01-24/06 / <p>Période : en soirée<br>Dates : du lundi 03 janvier au vendredi 24 juin 2022<br>Le trafic est interrompu entre Paris Gare du Nord et Persan - Beaumont via Valmondois.<br>Un service de bus de remplacement est mis en place, avec desserte des gares intermédiaires.<br><a href=""http://www.transilien.com/sites/transilien/files/2022-01/20220103-H-%201%20BUS%20ENTRE%20PARIS%20ET%20ERMONT-%20PERSAN%20%200301%20AU%200403%20puis%20SR.pdf "" target=""_blank"">Pour plus d'informations sur les horaires du lundi 03 janvier au vendredi 04 mars, cliquez ici pour télécharger l'affiche PDF.</a><br><a href=""https://www.transilien.com/sites/transilien/files/2022-02/20220307-h-h7-busentreparisetermontpersan-0703au2406-avec-sr.pdf"" target="""">Pour plus d'informations sur les horaires du lundi 07 mars au vendredi 24 juin sauf le mardi 21 juin, cliquez ici pour télécharger l'affiche PDF.</a><br>Les horaires du calculateur d'itinéraire tiennent compte des travaux.<br>Motif : travaux.</p> / Ligne H : Paris-Persan via Valmondois 03/01-24/06";20220209T104007;Transilien Train Transilien H;4436eadc-898c-11ec-a6cf-005056a44da2;travaux
future;Incidents;30;perturbée;SIGNIFICANT_DELAYS;20221123T204500;20221124T033500;4436eadc-898c-11ec-a6cf-005056a44da2;" / Ligne H : Paris-Persan via Valmondois 03/01-24/06 / <p>Période : en soirée<br>Dates : du lundi 03 janvier au vendredi 24 juin 2022<br>Le trafic est interrompu entre Paris Gare du Nord et Persan - Beaumont via Valmondois.<br>Un service de bus de remplacement est mis en place, avec desserte des gares intermédiaires.<br><a href=""http://www.transilien.com/sites/transilien/files/2022-01/20220103-H-%201%20BUS%20ENTRE%20PARIS%20ET%20ERMONT-%20PERSAN%20%200301%20AU%200403%20puis%20SR.pdf "" target=""_blank"">Pour plus d'informations sur les horaires du lundi 03 janvier au vendredi 04 mars, cliquez ici pour télécharger l'affiche PDF.</a><br><a href=""https://www.transilien.com/sites/transilien/files/2022-02/20220307-h-h7-busentreparisetermontpersan-0703au2406-avec-sr.pdf"" target="""">Pour plus d'informations sur les horaires du lundi 07 mars au vendredi 24 juin sauf le mardi 21 juin, cliquez ici pour télécharger l'affiche PDF.</a><br>Les horaires du calculateur d'itinéraire tiennent compte des travaux.<br>Motif : travaux.</p> / Ligne H : Paris-Persan via Valmondois 03/01-24/06";20220209T104007;Transilien Train Transilien H;4436eadc-898c-11ec-a6cf-005056a44da2;travaux
future;Incidents;30;perturbée;SIGNIFICANT_DELAYS;20221125T204500;20221126T033500;4436eadc-898c-11ec-a6cf-005056a44da2;" / Ligne H : Paris-Persan via Valmondois 03/01-24/06 / <p>Période : en soirée<br>Dates : du lundi 03 janvier au vendredi 24 juin 2022<br>Le trafic est interrompu entre Paris Gare du Nord et Persan - Beaumont via Valmondois.<br>Un service de bus de remplacement est mis en place, avec desserte des gares intermédiaires.<br><a href=""http://www.transilien.com/sites/transilien/files/2022-01/20220103-H-%201%20BUS%20ENTRE%20PARIS%20ET%20ERMONT-%20PERSAN%20%200301%20AU%200403%20puis%20SR.pdf "" target=""_blank"">Pour plus d'informations sur les horaires du lundi 03 janvier au vendredi 04 mars, cliquez ici pour télécharger l'affiche PDF.</a><br><a href=""https://www.transilien.com/sites/transilien/files/2022-02/20220307-h-h7-busentreparisetermontpersan-0703au2406-avec-sr.pdf"" target="""">Pour plus d'informations sur les horaires du lundi 07 mars au vendredi 24 juin sauf le mardi 21 juin, cliquez ici pour télécharger l'affiche PDF.</a><br>Les horaires du calculateur d'itinéraire tiennent compte des travaux.<br>Motif : travaux.</p> / Ligne H : Paris-Persan via Valmondois 03/01-24/06";20220209T104007;Transilien Train Transilien H;4436eadc-898c-11ec-a6cf-005056a44da2;travaux
future;Incidents;30;perturbée;SIGNIFICANT_DELAYS;20221128T204500;20221129T033500;4436eadc-898c-11ec-a6cf-005056a44da2;" / Ligne H : Paris-Persan via Valmondois 03/01-24/06 / <p>Période : en soirée<br>Dates : du lundi 03 janvier au vendredi 24 juin 2022<br>Le trafic est interrompu entre Paris Gare du Nord et Persan - Beaumont via Valmondois.<br>Un service de bus de remplacement est mis en place, avec desserte des gares intermédiaires.<br><a href=""http://www.transilien.com/sites/transilien/files/2022-01/20220103-H-%201%20BUS%20ENTRE%20PARIS%20ET%20ERMONT-%20PERSAN%20%200301%20AU%200403%20puis%20SR.pdf "" target=""_blank"">Pour plus d'informations sur les horaires du lundi 03 janvier au vendredi 04 mars, cliquez ici pour télécharger l'affiche PDF.</a><br><a href=""https://www.transilien.com/sites/transilien/files/2022-02/20220307-h-h7-busentreparisetermontpersan-0703au2406-avec-sr.pdf"" target="""">Pour plus d'informations sur les horaires du lundi 07 mars au vendredi 24 juin sauf le mardi 21 juin, cliquez ici pour télécharger l'affiche PDF.</a><br>Les horaires du calculateur d'itinéraire tiennent compte des travaux.<br>Motif : travaux.</p> / Ligne H : Paris-Persan via Valmondois 03/01-24/06";20220209T104007;Transilien Train Transilien H;4436eadc-898c-11ec-a6cf-005056a44da2;travaux
future;Incidents;30;perturbée;SIGNIFICANT_DELAYS;20221129T204500;20221130T033500;4436eadc-898c-11ec-a6cf-005056a44da2;" / Ligne H : Paris-Persan via Valmondois 03/01-24/06 / <p>Période : en soirée<br>Dates : du lundi 03 janvier au vendredi 24 juin 2022<br>Le trafic est interrompu entre Paris Gare du Nord et Persan - Beaumont via Valmondois.<br>Un service de bus de remplacement est mis en place, avec desserte des gares intermédiaires.<br><a href=""http://www.transilien.com/sites/transilien/files/2022-01/20220103-H-%201%20BUS%20ENTRE%20PARIS%20ET%20ERMONT-%20PERSAN%20%200301%20AU%200403%20puis%20SR.pdf "" target=""_blank"">Pour plus d'informations sur les horaires du lundi 03 janvier au vendredi 04 mars, cliquez ici pour télécharger l'affiche PDF.</a><br><a href=""https://www.transilien.com/sites/transilien/files/2022-02/20220307-h-h7-busentreparisetermontpersan-0703au2406-avec-sr.pdf"" target="""">Pour plus d'informations sur les horaires du lundi 07 mars au vendredi 24 juin sauf le mardi 21 juin, cliquez ici pour télécharger l'affiche PDF.</a><br>Les horaires du calculateur d'itinéraire tiennent compte des travaux.<br>Motif : travaux.</p> / Ligne H : Paris-Persan via Valmondois 03/01-24/06";20220209T104007;Transilien Train Transilien H;4436eadc-898c-11ec-a6cf-005056a44da2;travaux
future;Incidents;30;perturbée;SIGNIFICANT_DELAYS;20221130T204500;20221201T033500;4436eadc-898c-11ec-a6cf-005056a44da2;" / Ligne H : Paris-Persan via Valmondois 03/01-24/06 / <p>Période : en soirée<br>Dates : du lundi 03 janvier au vendredi 24 juin 2022<br>Le trafic est interrompu entre Paris Gare du Nord et Persan - Beaumont via Valmondois.<br>Un service de bus de remplacement est mis en place, avec desserte des gares intermédiaires.<br><a href=""http://www.transilien.com/sites/transilien/files/2022-01/20220103-H-%201%20BUS%20ENTRE%20PARIS%20ET%20ERMONT-%20PERSAN%20%200301%20AU%200403%20puis%20SR.pdf "" target=""_blank"">Pour plus d'informations sur les horaires du lundi 03 janvier au vendredi 04 mars, cliquez ici pour télécharger l'affiche PDF.</a><br><a href=""https://www.transilien.com/sites/transilien/files/2022-02/20220307-h-h7-busentreparisetermontpersan-0703au2406-avec-sr.pdf"" target="""">Pour plus d'informations sur les horaires du lundi 07 mars au vendredi 24 juin sauf le mardi 21 juin, cliquez ici pour télécharger l'affiche PDF.</a><br>Les horaires du calculateur d'itinéraire tiennent compte des travaux.<br>Motif : travaux.</p> / Ligne H : Paris-Persan via Valmondois 03/01-24/06";20220209T104007;Transilien Train Transilien H;4436eadc-898c-11ec-a6cf-005056a44da2;travaux
future;Incidents;30;perturbée;SIGNIFICANT_DELAYS;20221201T204500;20221202T033500;4436eadc-898c-11ec-a6cf-005056a44da2;" / Ligne H : Paris-Persan via Valmondois 03/01-24/06 / <p>Période : en soirée<br>Dates : du lundi 03 janvier au vendredi 24 juin 2022<br>Le trafic est interrompu entre Paris Gare du Nord et Persan - Beaumont via Valmondois.<br>Un service de bus de remplacement est mis en place, avec desserte des gares intermédiaires.<br><a href=""http://www.transilien.com/sites/transilien/files/2022-01/20220103-H-%201%20BUS%20ENTRE%20PARIS%20ET%20ERMONT-%20PERSAN%20%200301%20AU%200403%20puis%20SR.pdf "" target=""_blank"">Pour plus d'informations sur les horaires du lundi 03 janvier au vendredi 04 mars, cliquez ici pour télécharger l'affiche PDF.</a><br><a href=""https://www.transilien.com/sites/transilien/files/2022-02/20220307-h-h7-busentreparisetermontpersan-0703au2406-avec-sr.pdf"" target="""">Pour plus d'informations sur les horaires du lundi 07 mars au vendredi 24 juin sauf le mardi 21 juin, cliquez ici pour télécharger l'affiche PDF.</a><br>Les horaires du calculateur d'itinéraire tiennent compte des travaux.<br>Motif : travaux.</p> / Ligne H : Paris-Persan via Valmondois 03/01-24/06";20220209T104007;Transilien Train Transilien H;4436eadc-898c-11ec-a6cf-005056a44da2;travaux
future;Incidents;30;perturbée;SIGNIFICANT_DELAYS;20221202T204500;20221203T033500;4436eadc-898c-11ec-a6cf-005056a44da2;" / Ligne H : Paris-Persan via Valmondois 03/01-24/06 / <p>Période : en soirée<br>Dates : du lundi 03 janvier au vendredi 24 juin 2022<br>Le trafic est interrompu entre Paris Gare du Nord et Persan - Beaumont via Valmondois.<br>Un service de bus de remplacement est mis en place, avec desserte des gares intermédiaires.<br><a href=""http://www.transilien.com/sites/transilien/files/2022-01/20220103-H-%201%20BUS%20ENTRE%20PARIS%20ET%20ERMONT-%20PERSAN%20%200301%20AU%200403%20puis%20SR.pdf "" target=""_blank"">Pour plus d'informations sur les horaires du lundi 03 janvier au vendredi 04 mars, cliquez ici pour télécharger l'affiche PDF.</a><br><a href=""https://www.transilien.com/sites/transilien/files/2022-02/20220307-h-h7-busentreparisetermontpersan-0703au2406-avec-sr.pdf"" target="""">Pour plus d'informations sur les horaires du lundi 07 mars au vendredi 24 juin sauf le mardi 21 juin, cliquez ici pour télécharger l'affiche PDF.</a><br>Les horaires du calculateur d'itinéraire tiennent compte des travaux.<br>Motif : travaux.</p> / Ligne H : Paris-Persan via Valmondois 03/01-24/06";20220209T104007;Transilien Train Transilien H;4436eadc-898c-11ec-a6cf-005056a44da2;travaux
future;Incidents;30;perturbée;SIGNIFICANT_DELAYS;20221205T204500;20221206T033500;4436eadc-898c-11ec-a6cf-005056a44da2;" / Ligne H : Paris-Persan via Valmondois 03/01-24/06 / <p>Période : en soirée<br>Dates : du lundi 03 janvier au vendredi 24 juin 2022<br>Le trafic est interrompu entre Paris Gare du Nord et Persan - Beaumont via Valmondois.<br>Un service de bus de remplacement est mis en place, avec desserte des gares intermédiaires.<br><a href=""http://www.transilien.com/sites/transilien/files/2022-01/20220103-H-%201%20BUS%20ENTRE%20PARIS%20ET%20ERMONT-%20PERSAN%20%200301%20AU%200403%20puis%20SR.pdf "" target=""_blank"">Pour plus d'informations sur les horaires du lundi 03 janvier au vendredi 04 mars, cliquez ici pour télécharger l'affiche PDF.</a><br><a href=""https://www.transilien.com/sites/transilien/files/2022-02/20220307-h-h7-busentreparisetermontpersan-0703au2406-avec-sr.pdf"" target="""">Pour plus d'informations sur les horaires du lundi 07 mars au vendredi 24 juin sauf le mardi 21 juin, cliquez ici pour télécharger l'affiche PDF.</a><br>Les horaires du calculateur d'itinéraire tiennent compte des travaux.<br>Motif : travaux.</p> / Ligne H : Paris-Persan via Valmondois 03/01-24/06";20220209T104007;Transilien Train Transilien H;4436eadc-898c-11ec-a6cf-005056a44da2;travaux
future;Incidents;30;perturbée;SIGNIFICANT_DELAYS;20221206T204500;20221207T033500;4436eadc-898c-11ec-a6cf-005056a44da2;" / Ligne H : Paris-Persan via Valmondois 03/01-24/06 / <p>Période : en soirée<br>Dates : du lundi 03 janvier au vendredi 24 juin 2022<br>Le trafic est interrompu entre Paris Gare du Nord et Persan - Beaumont via Valmondois.<br>Un service de bus de remplacement est mis en place, avec desserte des gares intermédiaires.<br><a href=""http://www.transilien.com/sites/transilien/files/2022-01/20220103-H-%201%20BUS%20ENTRE%20PARIS%20ET%20ERMONT-%20PERSAN%20%200301%20AU%200403%20puis%20SR.pdf "" target=""_blank"">Pour plus d'informations sur les horaires du lundi 03 janvier au vendredi 04 mars, cliquez ici pour télécharger l'affiche PDF.</a><br><a href=""https://www.transilien.com/sites/transilien/files/2022-02/20220307-h-h7-busentreparisetermontpersan-0703au2406-avec-sr.pdf"" target="""">Pour plus d'informations sur les horaires du lundi 07 mars au vendredi 24 juin sauf le mardi 21 juin, cliquez ici pour télécharger l'affiche PDF.</a><br>Les horaires du calculateur d'itinéraire tiennent compte des travaux.<br>Motif : travaux.</p> / Ligne H : Paris-Persan via Valmondois 03/01-24/06";20220209T104007;Transilien Train Transilien H;4436eadc-898c-11ec-a6cf-005056a44da2;travaux
future;Incidents;30;perturbée;SIGNIFICANT_DELAYS;20221207T204500;20221208T033500;4436eadc-898c-11ec-a6cf-005056a44da2;" / Ligne H : Paris-Persan via Valmondois 03/01-24/06 / <p>Période : en soirée<br>Dates : du lundi 03 janvier au vendredi 24 juin 2022<br>Le trafic est interrompu entre Paris Gare du Nord et Persan - Beaumont via Valmondois.<br>Un service de bus de remplacement est mis en place, avec desserte des gares intermédiaires.<br><a href=""http://www.transilien.com/sites/transilien/files/2022-01/20220103-H-%201%20BUS%20ENTRE%20PARIS%20ET%20ERMONT-%20PERSAN%20%200301%20AU%200403%20puis%20SR.pdf "" target=""_blank"">Pour plus d'informations sur les horaires du lundi 03 janvier au vendredi 04 mars, cliquez ici pour télécharger l'affiche PDF.</a><br><a href=""https://www.transilien.com/sites/transilien/files/2022-02/20220307-h-h7-busentreparisetermontpersan-0703au2406-avec-sr.pdf"" target="""">Pour plus d'informations sur les horaires du lundi 07 mars au vendredi 24 juin sauf le mardi 21 juin, cliquez ici pour télécharger l'affiche PDF.</a><br>Les horaires du calculateur d'itinéraire tiennent compte des travaux.<br>Motif : travaux.</p> / Ligne H : Paris-Persan via Valmondois 03/01-24/06";20220209T104007;Transilien Train Transilien H;4436eadc-898c-11ec-a6cf-005056a44da2;travaux
future;Incidents;30;perturbée;SIGNIFICANT_DELAYS;20221208T204500;20221209T033500;4436eadc-898c-11ec-a6cf-005056a44da2;" / Ligne H : Paris-Persan via Valmondois 03/01-24/06 / <p>Période : en soirée<br>Dates : du lundi 03 janvier au vendredi 24 juin 2022<br>Le trafic est interrompu entre Paris Gare du Nord et Persan - Beaumont via Valmondois.<br>Un service de bus de remplacement est mis en place, avec desserte des gares intermédiaires.<br><a href=""http://www.transilien.com/sites/transilien/files/2022-01/20220103-H-%201%20BUS%20ENTRE%20PARIS%20ET%20ERMONT-%20PERSAN%20%200301%20AU%200403%20puis%20SR.pdf "" target=""_blank"">Pour plus d'informations sur les horaires du lundi 03 janvier au vendredi 04 mars, cliquez ici pour télécharger l'affiche PDF.</a><br><a href=""https://www.transilien.com/sites/transilien/files/2022-02/20220307-h-h7-busentreparisetermontpersan-0703au2406-avec-sr.pdf"" target="""">Pour plus d'informations sur les horaires du lundi 07 mars au vendredi 24 juin sauf le mardi 21 juin, cliquez ici pour télécharger l'affiche PDF.</a><br>Les horaires du calculateur d'itinéraire tiennent compte des travaux.<br>Motif : travaux.</p> / Ligne H : Paris-Persan via Valmondois 03/01-24/06";20220209T104007;Transilien Train Transilien H;4436eadc-898c-11ec-a6cf-005056a44da2;travaux
future;Incidents;30;perturbée;SIGNIFICANT_DELAYS;20221212T204500;20221213T033500;4436eadc-898c-11ec-a6cf-005056a44da2;" / Ligne H : Paris-Persan via Valmondois 03/01-24/06 / <p>Période : en soirée<br>Dates : du lundi 03 janvier au vendredi 24 juin 2022<br>Le trafic est interrompu entre Paris Gare du Nord et Persan - Beaumont via Valmondois.<br>Un service de bus de remplacement est mis en place, avec desserte des gares intermédiaires.<br><a href=""http://www.transilien.com/sites/transilien/files/2022-01/20220103-H-%201%20BUS%20ENTRE%20PARIS%20ET%20ERMONT-%20PERSAN%20%200301%20AU%200403%20puis%20SR.pdf "" target=""_blank"">Pour plus d'informations sur les horaires du lundi 03 janvier au vendredi 04 mars, cliquez ici pour télécharger l'affiche PDF.</a><br><a href=""https://www.transilien.com/sites/transilien/files/2022-02/20220307-h-h7-busentreparisetermontpersan-0703au2406-avec-sr.pdf"" target="""">Pour plus d'informations sur les horaires du lundi 07 mars au vendredi 24 juin sauf le mardi 21 juin, cliquez ici pour télécharger l'affiche PDF.</a><br>Les horaires du calculateur d'itinéraire tiennent compte des travaux.<br>Motif : travaux.</p> / Ligne H : Paris-Persan via Valmondois 03/01-24/06";20220209T104007;Transilien Train Transilien H;4436eadc-898c-11ec-a6cf-005056a44da2;travaux
future;Incidents;30;perturbée;SIGNIFICANT_DELAYS;20221209T204500;20221210T033500;4436eadc-898c-11ec-a6cf-005056a44da2;" / Ligne H : Paris-Persan via Valmondois 03/01-24/06 / <p>Période : en soirée<br>Dates : du lundi 03 janvier au vendredi 24 juin 2022<br>Le trafic est interrompu entre Paris Gare du Nord et Persan - Beaumont via Valmondois.<br>Un service de bus de remplacement est mis en place, avec desserte des gares intermédiaires.<br><a href=""http://www.transilien.com/sites/transilien/files/2022-01/20220103-H-%201%20BUS%20ENTRE%20PARIS%20ET%20ERMONT-%20PERSAN%20%200301%20AU%200403%20puis%20SR.pdf "" target=""_blank"">Pour plus d'informations sur les horaires du lundi 03 janvier au vendredi 04 mars, cliquez ici pour télécharger l'affiche PDF.</a><br><a href=""https://www.transilien.com/sites/transilien/files/2022-02/20220307-h-h7-busentreparisetermontpersan-0703au2406-avec-sr.pdf"" target="""">Pour plus d'informations sur les horaires du lundi 07 mars au vendredi 24 juin sauf le mardi 21 juin, cliquez ici pour télécharger l'affiche PDF.</a><br>Les horaires du calculateur d'itinéraire tiennent compte des travaux.<br>Motif : travaux.</p> / Ligne H : Paris-Persan via Valmondois 03/01-24/06";20220209T104007;Transilien Train Transilien H;4436eadc-898c-11ec-a6cf-005056a44da2;travaux
future;Incidents;30;perturbée;SIGNIFICANT_DELAYS;20221213T204500;20221214T033500;4436eadc-898c-11ec-a6cf-005056a44da2;" / Ligne H : Paris-Persan via Valmondois 03/01-24/06 / <p>Période : en soirée<br>Dates : du lundi 03 janvier au vendredi 24 juin 2022<br>Le trafic est interrompu entre Paris Gare du Nord et Persan - Beaumont via Valmondois.<br>Un service de bus de remplacement est mis en place, avec desserte des gares intermédiaires.<br><a href=""http://www.transilien.com/sites/transilien/files/2022-01/20220103-H-%201%20BUS%20ENTRE%20PARIS%20ET%20ERMONT-%20PERSAN%20%200301%20AU%200403%20puis%20SR.pdf "" target=""_blank"">Pour plus d'informations sur les horaires du lundi 03 janvier au vendredi 04 mars, cliquez ici pour télécharger l'affiche PDF.</a><br><a href=""https://www.transilien.com/sites/transilien/files/2022-02/20220307-h-h7-busentreparisetermontpersan-0703au2406-avec-sr.pdf"" target="""">Pour plus d'informations sur les horaires du lundi 07 mars au vendredi 24 juin sauf le mardi 21 juin, cliquez ici pour télécharger l'affiche PDF.</a><br>Les horaires du calculateur d'itinéraire tiennent compte des travaux.<br>Motif : travaux.</p> / Ligne H : Paris-Persan via Valmondois 03/01-24/06";20220209T104007;Transilien Train Transilien H;4436eadc-898c-11ec-a6cf-005056a44da2;travaux
future;Incidents;30;perturbée;SIGNIFICANT_DELAYS;20221215T204500;20221216T033500;4436eadc-898c-11ec-a6cf-005056a44da2;" / Ligne H : Paris-Persan via Valmondois 03/01-24/06 / <p>Période : en soirée<br>Dates : du lundi 03 janvier au vendredi 24 juin 2022<br>Le trafic est interrompu entre Paris Gare du Nord et Persan - Beaumont via Valmondois.<br>Un service de bus de remplacement est mis en place, avec desserte des gares intermédiaires.<br><a href=""http://www.transilien.com/sites/transilien/files/2022-01/20220103-H-%201%20BUS%20ENTRE%20PARIS%20ET%20ERMONT-%20PERSAN%20%200301%20AU%200403%20puis%20SR.pdf "" target=""_blank"">Pour plus d'informations sur les horaires du lundi 03 janvier au vendredi 04 mars, cliquez ici pour télécharger l'affiche PDF.</a><br><a href=""https://www.transilien.com/sites/transilien/files/2022-02/20220307-h-h7-busentreparisetermontpersan-0703au2406-avec-sr.pdf"" target="""">Pour plus d'informations sur les horaires du lundi 07 mars au vendredi 24 juin sauf le mardi 21 juin, cliquez ici pour télécharger l'affiche PDF.</a><br>Les horaires du calculateur d'itinéraire tiennent compte des travaux.<br>Motif : travaux.</p> / Ligne H : Paris-Persan via Valmondois 03/01-24/06";20220209T104007;Transilien Train Transilien H;4436eadc-898c-11ec-a6cf-005056a44da2;travaux
future;Incidents;30;perturbée;SIGNIFICANT_DELAYS;20221216T204500;20221217T033500;4436eadc-898c-11ec-a6cf-005056a44da2;" / Ligne H : Paris-Persan via Valmondois 03/01-24/06 / <p>Période : en soirée<br>Dates : du lundi 03 janvier au vendredi 24 juin 2022<br>Le trafic est interrompu entre Paris Gare du Nord et Persan - Beaumont via Valmondois.<br>Un service de bus de remplacement est mis en place, avec desserte des gares intermédiaires.<br><a href=""http://www.transilien.com/sites/transilien/files/2022-01/20220103-H-%201%20BUS%20ENTRE%20PARIS%20ET%20ERMONT-%20PERSAN%20%200301%20AU%200403%20puis%20SR.pdf "" target=""_blank"">Pour plus d'informations sur les horaires du lundi 03 janvier au vendredi 04 mars, cliquez ici pour télécharger l'affiche PDF.</a><br><a href=""https://www.transilien.com/sites/transilien/files/2022-02/20220307-h-h7-busentreparisetermontpersan-0703au2406-avec-sr.pdf"" target="""">Pour plus d'informations sur les horaires du lundi 07 mars au vendredi 24 juin sauf le mardi 21 juin, cliquez ici pour télécharger l'affiche PDF.</a><br>Les horaires du calculateur d'itinéraire tiennent compte des travaux.<br>Motif : travaux.</p> / Ligne H : Paris-Persan via Valmondois 03/01-24/06";20220209T104007;Transilien Train Transilien H;4436eadc-898c-11ec-a6cf-005056a44da2;travaux
future;Incidents;30;perturbée;SIGNIFICANT_DELAYS;20220103T204500;20220209T103600;4436eadc-898c-11ec-a6cf-005056a44da2;" / Ligne H : Paris-Persan via Valmondois 03/01-24/06 / <p>Période : en soirée<br>Dates : du lundi 03 janvier au vendredi 24 juin 2022<br>Le trafic est interrompu entre Paris Gare du Nord et Persan - Beaumont via Valmondois.<br>Un service de bus de remplacement est mis en place, avec desserte des gares intermédiaires.<br><a href=""http://www.transilien.com/sites/transilien/files/2022-01/20220103-H-%201%20BUS%20ENTRE%20PARIS%20ET%20ERMONT-%20PERSAN%20%200301%20AU%200403%20puis%20SR.pdf "" target=""_blank"">Pour plus d'informations sur les horaires du lundi 03 janvier au vendredi 04 mars, cliquez ici pour télécharger l'affiche PDF.</a><br><a href=""https://www.transilien.com/sites/transilien/files/2022-02/20220307-h-h7-busentreparisetermontpersan-0703au2406-avec-sr.pdf"" target="""">Pour plus d'informations sur les horaires du lundi 07 mars au vendredi 24 juin sauf le mardi 21 juin, cliquez ici pour télécharger l'affiche PDF.</a><br>Les horaires du calculateur d'itinéraire tiennent compte des travaux.<br>Motif : travaux.</p> / Ligne H : Paris-Persan via Valmondois 03/01-24/06";20220209T104007;Transilien Train Transilien H;4436eadc-898c-11ec-a6cf-005056a44da2;travaux
future;Incidents;30;perturbée;SIGNIFICANT_DELAYS;20220104T204500;20220209T103600;4436eadc-898c-11ec-a6cf-005056a44da2;" / Ligne H : Paris-Persan via Valmondois 03/01-24/06 / <p>Période : en soirée<br>Dates : du lundi 03 janvier au vendredi 24 juin 2022<br>Le trafic est interrompu entre Paris Gare du Nord et Persan - Beaumont via Valmondois.<br>Un service de bus de remplacement est mis en place, avec desserte des gares intermédiaires.<br><a href=""http://www.transilien.com/sites/transilien/files/2022-01/20220103-H-%201%20BUS%20ENTRE%20PARIS%20ET%20ERMONT-%20PERSAN%20%200301%20AU%200403%20puis%20SR.pdf "" target=""_blank"">Pour plus d'informations sur les horaires du lundi 03 janvier au vendredi 04 mars, cliquez ici pour télécharger l'affiche PDF.</a><br><a href=""https://www.transilien.com/sites/transilien/files/2022-02/20220307-h-h7-busentreparisetermontpersan-0703au2406-avec-sr.pdf"" target="""">Pour plus d'informations sur les horaires du lundi 07 mars au vendredi 24 juin sauf le mardi 21 juin, cliquez ici pour télécharger l'affiche PDF.</a><br>Les horaires du calculateur d'itinéraire tiennent compte des travaux.<br>Motif : travaux.</p> / Ligne H : Paris-Persan via Valmondois 03/01-24/06";20220209T104007;Transilien Train Transilien H;4436eadc-898c-11ec-a6cf-005056a44da2;travaux
future;Incidents;30;perturbée;SIGNIFICANT_DELAYS;20220105T204500;20220209T103600;4436eadc-898c-11ec-a6cf-005056a44da2;" / Ligne H : Paris-Persan via Valmondois 03/01-24/06 / <p>Période : en soirée<br>Dates : du lundi 03 janvier au vendredi 24 juin 2022<br>Le trafic est interrompu entre Paris Gare du Nord et Persan - Beaumont via Valmondois.<br>Un service de bus de remplacement est mis en place, avec desserte des gares intermédiaires.<br><a href=""http://www.transilien.com/sites/transilien/files/2022-01/20220103-H-%201%20BUS%20ENTRE%20PARIS%20ET%20ERMONT-%20PERSAN%20%200301%20AU%200403%20puis%20SR.pdf "" target=""_blank"">Pour plus d'informations sur les horaires du lundi 03 janvier au vendredi 04 mars, cliquez ici pour télécharger l'affiche PDF.</a><br><a href=""https://www.transilien.com/sites/transilien/files/2022-02/20220307-h-h7-busentreparisetermontpersan-0703au2406-avec-sr.pdf"" target="""">Pour plus d'informations sur les horaires du lundi 07 mars au vendredi 24 juin sauf le mardi 21 juin, cliquez ici pour télécharger l'affiche PDF.</a><br>Les horaires du calculateur d'itinéraire tiennent compte des travaux.<br>Motif : travaux.</p> / Ligne H : Paris-Persan via Valmondois 03/01-24/06";20220209T104007;Transilien Train Transilien H;4436eadc-898c-11ec-a6cf-005056a44da2;travaux
future;Incidents;30;perturbée;SIGNIFICANT_DELAYS;20220106T204500;20220209T103600;4436eadc-898c-11ec-a6cf-005056a44da2;" / Ligne H : Paris-Persan via Valmondois 03/01-24/06 / <p>Période : en soirée<br>Dates : du lundi 03 janvier au vendredi 24 juin 2022<br>Le trafic est interrompu entre Paris Gare du Nord et Persan - Beaumont via Valmondois.<br>Un service de bus de remplacement est mis en place, avec desserte des gares intermédiaires.<br><a href=""http://www.transilien.com/sites/transilien/files/2022-01/20220103-H-%201%20BUS%20ENTRE%20PARIS%20ET%20ERMONT-%20PERSAN%20%200301%20AU%200403%20puis%20SR.pdf "" target=""_blank"">Pour plus d'informations sur les horaires du lundi 03 janvier au vendredi 04 mars, cliquez ici pour télécharger l'affiche PDF.</a><br><a href=""https://www.transilien.com/sites/transilien/files/2022-02/20220307-h-h7-busentreparisetermontpersan-0703au2406-avec-sr.pdf"" target="""">Pour plus d'informations sur les horaires du lundi 07 mars au vendredi 24 juin sauf le mardi 21 juin, cliquez ici pour télécharger l'affiche PDF.</a><br>Les horaires du calculateur d'itinéraire tiennent compte des travaux.<br>Motif : travaux.</p> / Ligne H : Paris-Persan via Valmondois 03/01-24/06";20220209T104007;Transilien Train Transilien H;4436eadc-898c-11ec-a6cf-005056a44da2;travaux
future;Incidents;30;perturbée;SIGNIFICANT_DELAYS;20220107T204500;20220209T103600;4436eadc-898c-11ec-a6cf-005056a44da2;" / Ligne H : Paris-Persan via Valmondois 03/01-24/06 / <p>Période : en soirée<br>Dates : du lundi 03 janvier au vendredi 24 juin 2022<br>Le trafic est interrompu entre Paris Gare du Nord et Persan - Beaumont via Valmondois.<br>Un service de bus de remplacement est mis en place, avec desserte des gares intermédiaires.<br><a href=""http://www.transilien.com/sites/transilien/files/2022-01/20220103-H-%201%20BUS%20ENTRE%20PARIS%20ET%20ERMONT-%20PERSAN%20%200301%20AU%200403%20puis%20SR.pdf "" target=""_blank"">Pour plus d'informations sur les horaires du lundi 03 janvier au vendredi 04 mars, cliquez ici pour télécharger l'affiche PDF.</a><br><a href=""https://www.transilien.com/sites/transilien/files/2022-02/20220307-h-h7-busentreparisetermontpersan-0703au2406-avec-sr.pdf"" target="""">Pour plus d'informations sur les horaires du lundi 07 mars au vendredi 24 juin sauf le mardi 21 juin, cliquez ici pour télécharger l'affiche PDF.</a><br>Les horaires du calculateur d'itinéraire tiennent compte des travaux.<br>Motif : travaux.</p> / Ligne H : Paris-Persan via Valmondois 03/01-24/06";20220209T104007;Transilien Train Transilien H;4436eadc-898c-11ec-a6cf-005056a44da2;travaux
future;Incidents;30;perturbée;SIGNIFICANT_DELAYS;20220110T204500;20220209T103600;4436eadc-898c-11ec-a6cf-005056a44da2;" / Ligne H : Paris-Persan via Valmondois 03/01-24/06 / <p>Période : en soirée<br>Dates : du lundi 03 janvier au vendredi 24 juin 2022<br>Le trafic est interrompu entre Paris Gare du Nord et Persan - Beaumont via Valmondois.<br>Un service de bus de remplacement est mis en place, avec desserte des gares intermédiaires.<br><a href=""http://www.transilien.com/sites/transilien/files/2022-01/20220103-H-%201%20BUS%20ENTRE%20PARIS%20ET%20ERMONT-%20PERSAN%20%200301%20AU%200403%20puis%20SR.pdf "" target=""_blank"">Pour plus d'informations sur les horaires du lundi 03 janvier au vendredi 04 mars, cliquez ici pour télécharger l'affiche PDF.</a><br><a href=""https://www.transilien.com/sites/transilien/files/2022-02/20220307-h-h7-busentreparisetermontpersan-0703au2406-avec-sr.pdf"" target="""">Pour plus d'informations sur les horaires du lundi 07 mars au vendredi 24 juin sauf le mardi 21 juin, cliquez ici pour télécharger l'affiche PDF.</a><br>Les horaires du calculateur d'itinéraire tiennent compte des travaux.<br>Motif : travaux.</p> / Ligne H : Paris-Persan via Valmondois 03/01-24/06";20220209T104007;Transilien Train Transilien H;4436eadc-898c-11ec-a6cf-005056a44da2;travaux
future;Incidents;30;perturbée;SIGNIFICANT_DELAYS;20220111T204500;20220209T103600;4436eadc-898c-11ec-a6cf-005056a44da2;" / Ligne H : Paris-Persan via Valmondois 03/01-24/06 / <p>Période : en soirée<br>Dates : du lundi 03 janvier au vendredi 24 juin 2022<br>Le trafic est interrompu entre Paris Gare du Nord et Persan - Beaumont via Valmondois.<br>Un service de bus de remplacement est mis en place, avec desserte des gares intermédiaires.<br><a href=""http://www.transilien.com/sites/transilien/files/2022-01/20220103-H-%201%20BUS%20ENTRE%20PARIS%20ET%20ERMONT-%20PERSAN%20%200301%20AU%200403%20puis%20SR.pdf "" target=""_blank"">Pour plus d'informations sur les horaires du lundi 03 janvier au vendredi 04 mars, cliquez ici pour télécharger l'affiche PDF.</a><br><a href=""https://www.transilien.com/sites/transilien/files/2022-02/20220307-h-h7-busentreparisetermontpersan-0703au2406-avec-sr.pdf"" target="""">Pour plus d'informations sur les horaires du lundi 07 mars au vendredi 24 juin sauf le mardi 21 juin, cliquez ici pour télécharger l'affiche PDF.</a><br>Les horaires du calculateur d'itinéraire tiennent compte des travaux.<br>Motif : travaux.</p> / Ligne H : Paris-Persan via Valmondois 03/01-24/06";20220209T104007;Transilien Train Transilien H;4436eadc-898c-11ec-a6cf-005056a44da2;travaux
future;Incidents;30;perturbée;SIGNIFICANT_DELAYS;20220112T204500;20220209T103600;4436eadc-898c-11ec-a6cf-005056a44da2;" / Ligne H : Paris-Persan via Valmondois 03/01-24/06 / <p>Période : en soirée<br>Dates : du lundi 03 janvier au vendredi 24 juin 2022<br>Le trafic est interrompu entre Paris Gare du Nord et Persan - Beaumont via Valmondois.<br>Un service de bus de remplacement est mis en place, avec desserte des gares intermédiaires.<br><a href=""http://www.transilien.com/sites/transilien/files/2022-01/20220103-H-%201%20BUS%20ENTRE%20PARIS%20ET%20ERMONT-%20PERSAN%20%200301%20AU%200403%20puis%20SR.pdf "" target=""_blank"">Pour plus d'informations sur les horaires du lundi 03 janvier au vendredi 04 mars, cliquez ici pour télécharger l'affiche PDF.</a><br><a href=""https://www.transilien.com/sites/transilien/files/2022-02/20220307-h-h7-busentreparisetermontpersan-0703au2406-avec-sr.pdf"" target="""">Pour plus d'informations sur les horaires du lundi 07 mars au vendredi 24 juin sauf le mardi 21 juin, cliquez ici pour télécharger l'affiche PDF.</a><br>Les horaires du calculateur d'itinéraire tiennent compte des travaux.<br>Motif : travaux.</p> / Ligne H : Paris-Persan via Valmondois 03/01-24/06";20220209T104007;Transilien Train Transilien H;4436eadc-898c-11ec-a6cf-005056a44da2;travaux
future;Incidents;30;perturbée;SIGNIFICANT_DELAYS;20220117T204500;20220209T103600;4436eadc-898c-11ec-a6cf-005056a44da2;" / Ligne H : Paris-Persan via Valmondois 03/01-24/06 / <p>Période : en soirée<br>Dates : du lundi 03 janvier au vendredi 24 juin 2022<br>Le trafic est interrompu entre Paris Gare du Nord et Persan - Beaumont via Valmondois.<br>Un service de bus de remplacement est mis en place, avec desserte des gares intermédiaires.<br><a href=""http://www.transilien.com/sites/transilien/files/2022-01/20220103-H-%201%20BUS%20ENTRE%20PARIS%20ET%20ERMONT-%20PERSAN%20%200301%20AU%200403%20puis%20SR.pdf "" target=""_blank"">Pour plus d'informations sur les horaires du lundi 03 janvier au vendredi 04 mars, cliquez ici pour télécharger l'affiche PDF.</a><br><a href=""https://www.transilien.com/sites/transilien/files/2022-02/20220307-h-h7-busentreparisetermontpersan-0703au2406-avec-sr.pdf"" target="""">Pour plus d'informations sur les horaires du lundi 07 mars au vendredi 24 juin sauf le mardi 21 juin, cliquez ici pour télécharger l'affiche PDF.</a><br>Les horaires du calculateur d'itinéraire tiennent compte des travaux.<br>Motif : travaux.</p> / Ligne H : Paris-Persan via Valmondois 03/01-24/06";20220209T104007;Transilien Train Transilien H;4436eadc-898c-11ec-a6cf-005056a44da2;travaux
future;Incidents;30;perturbée;SIGNIFICANT_DELAYS;20220118T204500;20220209T103600;4436eadc-898c-11ec-a6cf-005056a44da2;" / Ligne H : Paris-Persan via Valmondois 03/01-24/06 / <p>Période : en soirée<br>Dates : du lundi 03 janvier au vendredi 24 juin 2022<br>Le trafic est interrompu entre Paris Gare du Nord et Persan - Beaumont via Valmondois.<br>Un service de bus de remplacement est mis en place, avec desserte des gares intermédiaires.<br><a href=""http://www.transilien.com/sites/transilien/files/2022-01/20220103-H-%201%20BUS%20ENTRE%20PARIS%20ET%20ERMONT-%20PERSAN%20%200301%20AU%200403%20puis%20SR.pdf "" target=""_blank"">Pour plus d'informations sur les horaires du lundi 03 janvier au vendredi 04 mars, cliquez ici pour télécharger l'affiche PDF.</a><br><a href=""https://www.transilien.com/sites/transilien/files/2022-02/20220307-h-h7-busentreparisetermontpersan-0703au2406-avec-sr.pdf"" target="""">Pour plus d'informations sur les horaires du lundi 07 mars au vendredi 24 juin sauf le mardi 21 juin, cliquez ici pour télécharger l'affiche PDF.</a><br>Les horaires du calculateur d'itinéraire tiennent compte des travaux.<br>Motif : travaux.</p> / Ligne H : Paris-Persan via Valmondois 03/01-24/06";20220209T104007;Transilien Train Transilien H;4436eadc-898c-11ec-a6cf-005056a44da2;travaux
future;Incidents;30;perturbée;SIGNIFICANT_DELAYS;20220119T204500;20220209T103600;4436eadc-898c-11ec-a6cf-005056a44da2;" / Ligne H : Paris-Persan via Valmondois 03/01-24/06 / <p>Période : en soirée<br>Dates : du lundi 03 janvier au vendredi 24 juin 2022<br>Le trafic est interrompu entre Paris Gare du Nord et Persan - Beaumont via Valmondois.<br>Un service de bus de remplacement est mis en place, avec desserte des gares intermédiaires.<br><a href=""http://www.transilien.com/sites/transilien/files/2022-01/20220103-H-%201%20BUS%20ENTRE%20PARIS%20ET%20ERMONT-%20PERSAN%20%200301%20AU%200403%20puis%20SR.pdf "" target=""_blank"">Pour plus d'informations sur les horaires du lundi 03 janvier au vendredi 04 mars, cliquez ici pour télécharger l'affiche PDF.</a><br><a href=""https://www.transilien.com/sites/transilien/files/2022-02/20220307-h-h7-busentreparisetermontpersan-0703au2406-avec-sr.pdf"" target="""">Pour plus d'informations sur les horaires du lundi 07 mars au vendredi 24 juin sauf le mardi 21 juin, cliquez ici pour télécharger l'affiche PDF.</a><br>Les horaires du calculateur d'itinéraire tiennent compte des travaux.<br>Motif : travaux.</p> / Ligne H : Paris-Persan via Valmondois 03/01-24/06";20220209T104007;Transilien Train Transilien H;4436eadc-898c-11ec-a6cf-005056a44da2;travaux
future;Incidents;30;perturbée;SIGNIFICANT_DELAYS;20220121T204500;20220209T103600;4436eadc-898c-11ec-a6cf-005056a44da2;" / Ligne H : Paris-Persan via Valmondois 03/01-24/06 / <p>Période : en soirée<br>Dates : du lundi 03 janvier au vendredi 24 juin 2022<br>Le trafic est interrompu entre Paris Gare du Nord et Persan - Beaumont via Valmondois.<br>Un service de bus de remplacement est mis en place, avec desserte des gares intermédiaires.<br><a href=""http://www.transilien.com/sites/transilien/files/2022-01/20220103-H-%201%20BUS%20ENTRE%20PARIS%20ET%20ERMONT-%20PERSAN%20%200301%20AU%200403%20puis%20SR.pdf "" target=""_blank"">Pour plus d'informations sur les horaires du lundi 03 janvier au vendredi 04 mars, cliquez ici pour télécharger l'affiche PDF.</a><br><a href=""https://www.transilien.com/sites/transilien/files/2022-02/20220307-h-h7-busentreparisetermontpersan-0703au2406-avec-sr.pdf"" target="""">Pour plus d'informations sur les horaires du lundi 07 mars au vendredi 24 juin sauf le mardi 21 juin, cliquez ici pour télécharger l'affiche PDF.</a><br>Les horaires du calculateur d'itinéraire tiennent compte des travaux.<br>Motif : travaux.</p> / Ligne H : Paris-Persan via Valmondois 03/01-24/06";20220209T104007;Transilien Train Transilien H;4436eadc-898c-11ec-a6cf-005056a44da2;travaux
future;Incidents;30;perturbée;SIGNIFICANT_DELAYS;20221121T204500;20221122T033500;4436eadc-898c-11ec-a6cf-005056a44da2;" / Ligne H : Paris-Persan via Valmondois 03/01-24/06 / <p>Période : en soirée<br>Dates : du lundi 03 janvier au vendredi 24 juin 2022<br>Le trafic est interrompu entre Paris Gare du Nord et Persan - Beaumont via Valmondois.<br>Un service de bus de remplacement est mis en place, avec desserte des gares intermédiaires.<br><a href=""http://www.transilien.com/sites/transilien/files/2022-01/20220103-H-%201%20BUS%20ENTRE%20PARIS%20ET%20ERMONT-%20PERSAN%20%200301%20AU%200403%20puis%20SR.pdf "" target=""_blank"">Pour plus d'informations sur les horaires du lundi 03 janvier au vendredi 04 mars, cliquez ici pour télécharger l'affiche PDF.</a><br><a href=""https://www.transilien.com/sites/transilien/files/2022-02/20220307-h-h7-busentreparisetermontpersan-0703au2406-avec-sr.pdf"" target="""">Pour plus d'informations sur les horaires du lundi 07 mars au vendredi 24 juin sauf le mardi 21 juin, cliquez ici pour télécharger l'affiche PDF.</a><br>Les horaires du calculateur d'itinéraire tiennent compte des travaux.<br>Motif : travaux.</p> / Ligne H : Paris-Persan via Valmondois 03/01-24/06";20220209T104007;Transilien Train Transilien H;4436eadc-898c-11ec-a6cf-005056a44da2;travaux
future;Incidents;30;perturbée;SIGNIFICANT_DELAYS;20220127T204500;20220209T103600;4436eadc-898c-11ec-a6cf-005056a44da2;" / Ligne H : Paris-Persan via Valmondois 03/01-24/06 / <p>Période : en soirée<br>Dates : du lundi 03 janvier au vendredi 24 juin 2022<br>Le trafic est interrompu entre Paris Gare du Nord et Persan - Beaumont via Valmondois.<br>Un service de bus de remplacement est mis en place, avec desserte des gares intermédiaires.<br><a href=""http://www.transilien.com/sites/transilien/files/2022-01/20220103-H-%201%20BUS%20ENTRE%20PARIS%20ET%20ERMONT-%20PERSAN%20%200301%20AU%200403%20puis%20SR.pdf "" target=""_blank"">Pour plus d'informations sur les horaires du lundi 03 janvier au vendredi 04 mars, cliquez ici pour télécharger l'affiche PDF.</a><br><a href=""https://www.transilien.com/sites/transilien/files/2022-02/20220307-h-h7-busentreparisetermontpersan-0703au2406-avec-sr.pdf"" target="""">Pour plus d'informations sur les horaires du lundi 07 mars au vendredi 24 juin sauf le mardi 21 juin, cliquez ici pour télécharger l'affiche PDF.</a><br>Les horaires du calculateur d'itinéraire tiennent compte des travaux.<br>Motif : travaux.</p> / Ligne H : Paris-Persan via Valmondois 03/01-24/06";20220209T104007;Transilien Train Transilien H;4436eadc-898c-11ec-a6cf-005056a44da2;travaux
future;Incidents;30;perturbée;SIGNIFICANT_DELAYS;20220131T204500;20220209T103600;4436eadc-898c-11ec-a6cf-005056a44da2;" / Ligne H : Paris-Persan via Valmondois 03/01-24/06 / <p>Période : en soirée<br>Dates : du lundi 03 janvier au vendredi 24 juin 2022<br>Le trafic est interrompu entre Paris Gare du Nord et Persan - Beaumont via Valmondois.<br>Un service de bus de remplacement est mis en place, avec desserte des gares intermédiaires.<br><a href=""http://www.transilien.com/sites/transilien/files/2022-01/20220103-H-%201%20BUS%20ENTRE%20PARIS%20ET%20ERMONT-%20PERSAN%20%200301%20AU%200403%20puis%20SR.pdf "" target=""_blank"">Pour plus d'informations sur les horaires du lundi 03 janvier au vendredi 04 mars, cliquez ici pour télécharger l'affiche PDF.</a><br><a href=""https://www.transilien.com/sites/transilien/files/2022-02/20220307-h-h7-busentreparisetermontpersan-0703au2406-avec-sr.pdf"" target="""">Pour plus d'informations sur les horaires du lundi 07 mars au vendredi 24 juin sauf le mardi 21 juin, cliquez ici pour télécharger l'affiche PDF.</a><br>Les horaires du calculateur d'itinéraire tiennent compte des travaux.<br>Motif : travaux.</p> / Ligne H : Paris-Persan via Valmondois 03/01-24/06";20220209T104007;Transilien Train Transilien H;4436eadc-898c-11ec-a6cf-005056a44da2;travaux
future;Incidents;30;perturbée;SIGNIFICANT_DELAYS;20220208T204500;20220209T103600;4436eadc-898c-11ec-a6cf-005056a44da2;" / Ligne H : Paris-Persan via Valmondois 03/01-24/06 / <p>Période : en soirée<br>Dates : du lundi 03 janvier au vendredi 24 juin 2022<br>Le trafic est interrompu entre Paris Gare du Nord et Persan - Beaumont via Valmondois.<br>Un service de bus de remplacement est mis en place, avec desserte des gares intermédiaires.<br><a href=""http://www.transilien.com/sites/transilien/files/2022-01/20220103-H-%201%20BUS%20ENTRE%20PARIS%20ET%20ERMONT-%20PERSAN%20%200301%20AU%200403%20puis%20SR.pdf "" target=""_blank"">Pour plus d'informations sur les horaires du lundi 03 janvier au vendredi 04 mars, cliquez ici pour télécharger l'affiche PDF.</a><br><a href=""https://www.transilien.com/sites/transilien/files/2022-02/20220307-h-h7-busentreparisetermontpersan-0703au2406-avec-sr.pdf"" target="""">Pour plus d'informations sur les horaires du lundi 07 mars au vendredi 24 juin sauf le mardi 21 juin, cliquez ici pour télécharger l'affiche PDF.</a><br>Les horaires du calculateur d'itinéraire tiennent compte des travaux.<br>Motif : travaux.</p> / Ligne H : Paris-Persan via Valmondois 03/01-24/06";20220209T104007;Transilien Train Transilien H;4436eadc-898c-11ec-a6cf-005056a44da2;travaux
future;Incidents;30;perturbée;SIGNIFICANT_DELAYS;20220209T204500;20220209T103600;4436eadc-898c-11ec-a6cf-005056a44da2;" / Ligne H : Paris-Persan via Valmondois 03/01-24/06 / <p>Période : en soirée<br>Dates : du lundi 03 janvier au vendredi 24 juin 2022<br>Le trafic est interrompu entre Paris Gare du Nord et Persan - Beaumont via Valmondois.<br>Un service de bus de remplacement est mis en place, avec desserte des gares intermédiaires.<br><a href=""http://www.transilien.com/sites/transilien/files/2022-01/20220103-H-%201%20BUS%20ENTRE%20PARIS%20ET%20ERMONT-%20PERSAN%20%200301%20AU%200403%20puis%20SR.pdf "" target=""_blank"">Pour plus d'informations sur les horaires du lundi 03 janvier au vendredi 04 mars, cliquez ici pour télécharger l'affiche PDF.</a><br><a href=""https://www.transilien.com/sites/transilien/files/2022-02/20220307-h-h7-busentreparisetermontpersan-0703au2406-avec-sr.pdf"" target="""">Pour plus d'informations sur les horaires du lundi 07 mars au vendredi 24 juin sauf le mardi 21 juin, cliquez ici pour télécharger l'affiche PDF.</a><br>Les horaires du calculateur d'itinéraire tiennent compte des travaux.<br>Motif : travaux.</p> / Ligne H : Paris-Persan via Valmondois 03/01-24/06";20220209T104007;Transilien Train Transilien H;4436eadc-898c-11ec-a6cf-005056a44da2;travaux
future;Incidents;30;perturbée;SIGNIFICANT_DELAYS;20220210T204500;20220209T103600;4436eadc-898c-11ec-a6cf-005056a44da2;" / Ligne H : Paris-Persan via Valmondois 03/01-24/06 / <p>Période : en soirée<br>Dates : du lundi 03 janvier au vendredi 24 juin 2022<br>Le trafic est interrompu entre Paris Gare du Nord et Persan - Beaumont via Valmondois.<br>Un service de bus de remplacement est mis en place, avec desserte des gares intermédiaires.<br><a href=""http://www.transilien.com/sites/transilien/files/2022-01/20220103-H-%201%20BUS%20ENTRE%20PARIS%20ET%20ERMONT-%20PERSAN%20%200301%20AU%200403%20puis%20SR.pdf "" target=""_blank"">Pour plus d'informations sur les horaires du lundi 03 janvier au vendredi 04 mars, cliquez ici pour télécharger l'affiche PDF.</a><br><a href=""https://www.transilien.com/sites/transilien/files/2022-02/20220307-h-h7-busentreparisetermontpersan-0703au2406-avec-sr.pdf"" target="""">Pour plus d'informations sur les horaires du lundi 07 mars au vendredi 24 juin sauf le mardi 21 juin, cliquez ici pour télécharger l'affiche PDF.</a><br>Les horaires du calculateur d'itinéraire tiennent compte des travaux.<br>Motif : travaux.</p> / Ligne H : Paris-Persan via Valmondois 03/01-24/06";20220209T104007;Transilien Train Transilien H;4436eadc-898c-11ec-a6cf-005056a44da2;travaux
future;Incidents;30;perturbée;SIGNIFICANT_DELAYS;20220211T204500;20220209T103600;4436eadc-898c-11ec-a6cf-005056a44da2;" / Ligne H : Paris-Persan via Valmondois 03/01-24/06 / <p>Période : en soirée<br>Dates : du lundi 03 janvier au vendredi 24 juin 2022<br>Le trafic est interrompu entre Paris Gare du Nord et Persan - Beaumont via Valmondois.<br>Un service de bus de remplacement est mis en place, avec desserte des gares intermédiaires.<br><a href=""http://www.transilien.com/sites/transilien/files/2022-01/20220103-H-%201%20BUS%20ENTRE%20PARIS%20ET%20ERMONT-%20PERSAN%20%200301%20AU%200403%20puis%20SR.pdf "" target=""_blank"">Pour plus d'informations sur les horaires du lundi 03 janvier au vendredi 04 mars, cliquez ici pour télécharger l'affiche PDF.</a><br><a href=""https://www.transilien.com/sites/transilien/files/2022-02/20220307-h-h7-busentreparisetermontpersan-0703au2406-avec-sr.pdf"" target="""">Pour plus d'informations sur les horaires du lundi 07 mars au vendredi 24 juin sauf le mardi 21 juin, cliquez ici pour télécharger l'affiche PDF.</a><br>Les horaires du calculateur d'itinéraire tiennent compte des travaux.<br>Motif : travaux.</p> / Ligne H : Paris-Persan via Valmondois 03/01-24/06";20220209T104007;Transilien Train Transilien H;4436eadc-898c-11ec-a6cf-005056a44da2;travaux
future;Incidents;30;perturbée;SIGNIFICANT_DELAYS;20220214T204500;20220209T103600;4436eadc-898c-11ec-a6cf-005056a44da2;" / Ligne H : Paris-Persan via Valmondois 03/01-24/06 / <p>Période : en soirée<br>Dates : du lundi 03 janvier au vendredi 24 juin 2022<br>Le trafic est interrompu entre Paris Gare du Nord et Persan - Beaumont via Valmondois.<br>Un service de bus de remplacement est mis en place, avec desserte des gares intermédiaires.<br><a href=""http://www.transilien.com/sites/transilien/files/2022-01/20220103-H-%201%20BUS%20ENTRE%20PARIS%20ET%20ERMONT-%20PERSAN%20%200301%20AU%200403%20puis%20SR.pdf "" target=""_blank"">Pour plus d'informations sur les horaires du lundi 03 janvier au vendredi 04 mars, cliquez ici pour télécharger l'affiche PDF.</a><br><a href=""https://www.transilien.com/sites/transilien/files/2022-02/20220307-h-h7-busentreparisetermontpersan-0703au2406-avec-sr.pdf"" target="""">Pour plus d'informations sur les horaires du lundi 07 mars au vendredi 24 juin sauf le mardi 21 juin, cliquez ici pour télécharger l'affiche PDF.</a><br>Les horaires du calculateur d'itinéraire tiennent compte des travaux.<br>Motif : travaux.</p> / Ligne H : Paris-Persan via Valmondois 03/01-24/06";20220209T104007;Transilien Train Transilien H;4436eadc-898c-11ec-a6cf-005056a44da2;travaux
future;Incidents;30;perturbée;SIGNIFICANT_DELAYS;20220215T204500;20220209T103600;4436eadc-898c-11ec-a6cf-005056a44da2;" / Ligne H : Paris-Persan via Valmondois 03/01-24/06 / <p>Période : en soirée<br>Dates : du lundi 03 janvier au vendredi 24 juin 2022<br>Le trafic est interrompu entre Paris Gare du Nord et Persan - Beaumont via Valmondois.<br>Un service de bus de remplacement est mis en place, avec desserte des gares intermédiaires.<br><a href=""http://www.transilien.com/sites/transilien/files/2022-01/20220103-H-%201%20BUS%20ENTRE%20PARIS%20ET%20ERMONT-%20PERSAN%20%200301%20AU%200403%20puis%20SR.pdf "" target=""_blank"">Pour plus d'informations sur les horaires du lundi 03 janvier au vendredi 04 mars, cliquez ici pour télécharger l'affiche PDF.</a><br><a href=""https://www.transilien.com/sites/transilien/files/2022-02/20220307-h-h7-busentreparisetermontpersan-0703au2406-avec-sr.pdf"" target="""">Pour plus d'informations sur les horaires du lundi 07 mars au vendredi 24 juin sauf le mardi 21 juin, cliquez ici pour télécharger l'affiche PDF.</a><br>Les horaires du calculateur d'itinéraire tiennent compte des travaux.<br>Motif : travaux.</p> / Ligne H : Paris-Persan via Valmondois 03/01-24/06";20220209T104007;Transilien Train Transilien H;4436eadc-898c-11ec-a6cf-005056a44da2;travaux
future;Incidents;30;perturbée;SIGNIFICANT_DELAYS;20220216T204500;20220209T103600;4436eadc-898c-11ec-a6cf-005056a44da2;" / Ligne H : Paris-Persan via Valmondois 03/01-24/06 / <p>Période : en soirée<br>Dates : du lundi 03 janvier au vendredi 24 juin 2022<br>Le trafic est interrompu entre Paris Gare du Nord et Persan - Beaumont via Valmondois.<br>Un service de bus de remplacement est mis en place, avec desserte des gares intermédiaires.<br><a href=""http://www.transilien.com/sites/transilien/files/2022-01/20220103-H-%201%20BUS%20ENTRE%20PARIS%20ET%20ERMONT-%20PERSAN%20%200301%20AU%200403%20puis%20SR.pdf "" target=""_blank"">Pour plus d'informations sur les horaires du lundi 03 janvier au vendredi 04 mars, cliquez ici pour télécharger l'affiche PDF.</a><br><a href=""https://www.transilien.com/sites/transilien/files/2022-02/20220307-h-h7-busentreparisetermontpersan-0703au2406-avec-sr.pdf"" target="""">Pour plus d'informations sur les horaires du lundi 07 mars au vendredi 24 juin sauf le mardi 21 juin, cliquez ici pour télécharger l'affiche PDF.</a><br>Les horaires du calculateur d'itinéraire tiennent compte des travaux.<br>Motif : travaux.</p> / Ligne H : Paris-Persan via Valmondois 03/01-24/06";20220209T104007;Transilien Train Transilien H;4436eadc-898c-11ec-a6cf-005056a44da2;travaux
future;Incidents;30;perturbée;SIGNIFICANT_DELAYS;20220217T204500;20220209T103600;4436eadc-898c-11ec-a6cf-005056a44da2;" / Ligne H : Paris-Persan via Valmondois 03/01-24/06 / <p>Période : en soirée<br>Dates : du lundi 03 janvier au vendredi 24 juin 2022<br>Le trafic est interrompu entre Paris Gare du Nord et Persan - Beaumont via Valmondois.<br>Un service de bus de remplacement est mis en place, avec desserte des gares intermédiaires.<br><a href=""http://www.transilien.com/sites/transilien/files/2022-01/20220103-H-%201%20BUS%20ENTRE%20PARIS%20ET%20ERMONT-%20PERSAN%20%200301%20AU%200403%20puis%20SR.pdf "" target=""_blank"">Pour plus d'informations sur les horaires du lundi 03 janvier au vendredi 04 mars, cliquez ici pour télécharger l'affiche PDF.</a><br><a href=""https://www.transilien.com/sites/transilien/files/2022-02/20220307-h-h7-busentreparisetermontpersan-0703au2406-avec-sr.pdf"" target="""">Pour plus d'informations sur les horaires du lundi 07 mars au vendredi 24 juin sauf le mardi 21 juin, cliquez ici pour télécharger l'affiche PDF.</a><br>Les horaires du calculateur d'itinéraire tiennent compte des travaux.<br>Motif : travaux.</p> / Ligne H : Paris-Persan via Valmondois 03/01-24/06";20220209T104007;Transilien Train Transilien H;4436eadc-898c-11ec-a6cf-005056a44da2;travaux
future;Incidents;30;perturbée;SIGNIFICANT_DELAYS;20220218T204500;20220209T103600;4436eadc-898c-11ec-a6cf-005056a44da2;" / Ligne H : Paris-Persan via Valmondois 03/01-24/06 / <p>Période : en soirée<br>Dates : du lundi 03 janvier au vendredi 24 juin 2022<br>Le trafic est interrompu entre Paris Gare du Nord et Persan - Beaumont via Valmondois.<br>Un service de bus de remplacement est mis en place, avec desserte des gares intermédiaires.<br><a href=""http://www.transilien.com/sites/transilien/files/2022-01/20220103-H-%201%20BUS%20ENTRE%20PARIS%20ET%20ERMONT-%20PERSAN%20%200301%20AU%200403%20puis%20SR.pdf "" target=""_blank"">Pour plus d'informations sur les horaires du lundi 03 janvier au vendredi 04 mars, cliquez ici pour télécharger l'affiche PDF.</a><br><a href=""https://www.transilien.com/sites/transilien/files/2022-02/20220307-h-h7-busentreparisetermontpersan-0703au2406-avec-sr.pdf"" target="""">Pour plus d'informations sur les horaires du lundi 07 mars au vendredi 24 juin sauf le mardi 21 juin, cliquez ici pour télécharger l'affiche PDF.</a><br>Les horaires du calculateur d'itinéraire tiennent compte des travaux.<br>Motif : travaux.</p> / Ligne H : Paris-Persan via Valmondois 03/01-24/06";20220209T104007;Transilien Train Transilien H;4436eadc-898c-11ec-a6cf-005056a44da2;travaux
future;Incidents;30;perturbée;SIGNIFICANT_DELAYS;20220221T204500;20220209T103600;4436eadc-898c-11ec-a6cf-005056a44da2;" / Ligne H : Paris-Persan via Valmondois 03/01-24/06 / <p>Période : en soirée<br>Dates : du lundi 03 janvier au vendredi 24 juin 2022<br>Le trafic est interrompu entre Paris Gare du Nord et Persan - Beaumont via Valmondois.<br>Un service de bus de remplacement est mis en place, avec desserte des gares intermédiaires.<br><a href=""http://www.transilien.com/sites/transilien/files/2022-01/20220103-H-%201%20BUS%20ENTRE%20PARIS%20ET%20ERMONT-%20PERSAN%20%200301%20AU%200403%20puis%20SR.pdf "" target=""_blank"">Pour plus d'informations sur les horaires du lundi 03 janvier au vendredi 04 mars, cliquez ici pour télécharger l'affiche PDF.</a><br><a href=""https://www.transilien.com/sites/transilien/files/2022-02/20220307-h-h7-busentreparisetermontpersan-0703au2406-avec-sr.pdf"" target="""">Pour plus d'informations sur les horaires du lundi 07 mars au vendredi 24 juin sauf le mardi 21 juin, cliquez ici pour télécharger l'affiche PDF.</a><br>Les horaires du calculateur d'itinéraire tiennent compte des travaux.<br>Motif : travaux.</p> / Ligne H : Paris-Persan via Valmondois 03/01-24/06";20220209T104007;Transilien Train Transilien H;4436eadc-898c-11ec-a6cf-005056a44da2;travaux
future;Incidents;30;perturbée;SIGNIFICANT_DELAYS;20220222T204500;20220209T103600;4436eadc-898c-11ec-a6cf-005056a44da2;" / Ligne H : Paris-Persan via Valmondois 03/01-24/06 / <p>Période : en soirée<br>Dates : du lundi 03 janvier au vendredi 24 juin 2022<br>Le trafic est interrompu entre Paris Gare du Nord et Persan - Beaumont via Valmondois.<br>Un service de bus de remplacement est mis en place, avec desserte des gares intermédiaires.<br><a href=""http://www.transilien.com/sites/transilien/files/2022-01/20220103-H-%201%20BUS%20ENTRE%20PARIS%20ET%20ERMONT-%20PERSAN%20%200301%20AU%200403%20puis%20SR.pdf "" target=""_blank"">Pour plus d'informations sur les horaires du lundi 03 janvier au vendredi 04 mars, cliquez ici pour télécharger l'affiche PDF.</a><br><a href=""https://www.transilien.com/sites/transilien/files/2022-02/20220307-h-h7-busentreparisetermontpersan-0703au2406-avec-sr.pdf"" target="""">Pour plus d'informations sur les horaires du lundi 07 mars au vendredi 24 juin sauf le mardi 21 juin, cliquez ici pour télécharger l'affiche PDF.</a><br>Les horaires du calculateur d'itinéraire tiennent compte des travaux.<br>Motif : travaux.</p> / Ligne H : Paris-Persan via Valmondois 03/01-24/06";20220209T104007;Transilien Train Transilien H;4436eadc-898c-11ec-a6cf-005056a44da2;travaux
future;Incidents;30;perturbée;SIGNIFICANT_DELAYS;20220223T204500;20220209T103600;4436eadc-898c-11ec-a6cf-005056a44da2;" / Ligne H : Paris-Persan via Valmondois 03/01-24/06 / <p>Période : en soirée<br>Dates : du lundi 03 janvier au vendredi 24 juin 2022<br>Le trafic est interrompu entre Paris Gare du Nord et Persan - Beaumont via Valmondois.<br>Un service de bus de remplacement est mis en place, avec desserte des gares intermédiaires.<br><a href=""http://www.transilien.com/sites/transilien/files/2022-01/20220103-H-%201%20BUS%20ENTRE%20PARIS%20ET%20ERMONT-%20PERSAN%20%200301%20AU%200403%20puis%20SR.pdf "" target=""_blank"">Pour plus d'informations sur les horaires du lundi 03 janvier au vendredi 04 mars, cliquez ici pour télécharger l'affiche PDF.</a><br><a href=""https://www.transilien.com/sites/transilien/files/2022-02/20220307-h-h7-busentreparisetermontpersan-0703au2406-avec-sr.pdf"" target="""">Pour plus d'informations sur les horaires du lundi 07 mars au vendredi 24 juin sauf le mardi 21 juin, cliquez ici pour télécharger l'affiche PDF.</a><br>Les horaires du calculateur d'itinéraire tiennent compte des travaux.<br>Motif : travaux.</p> / Ligne H : Paris-Persan via Valmondois 03/01-24/06";20220209T104007;Transilien Train Transilien H;4436eadc-898c-11ec-a6cf-005056a44da2;travaux
future;Incidents;30;perturbée;SIGNIFICANT_DELAYS;20220224T204500;20220209T103600;4436eadc-898c-11ec-a6cf-005056a44da2;" / Ligne H : Paris-Persan via Valmondois 03/01-24/06 / <p>Période : en soirée<br>Dates : du lundi 03 janvier au vendredi 24 juin 2022<br>Le trafic est interrompu entre Paris Gare du Nord et Persan - Beaumont via Valmondois.<br>Un service de bus de remplacement est mis en place, avec desserte des gares intermédiaires.<br><a href=""http://www.transilien.com/sites/transilien/files/2022-01/20220103-H-%201%20BUS%20ENTRE%20PARIS%20ET%20ERMONT-%20PERSAN%20%200301%20AU%200403%20puis%20SR.pdf "" target=""_blank"">Pour plus d'informations sur les horaires du lundi 03 janvier au vendredi 04 mars, cliquez ici pour télécharger l'affiche PDF.</a><br><a href=""https://www.transilien.com/sites/transilien/files/2022-02/20220307-h-h7-busentreparisetermontpersan-0703au2406-avec-sr.pdf"" target="""">Pour plus d'informations sur les horaires du lundi 07 mars au vendredi 24 juin sauf le mardi 21 juin, cliquez ici pour télécharger l'affiche PDF.</a><br>Les horaires du calculateur d'itinéraire tiennent compte des travaux.<br>Motif : travaux.</p> / Ligne H : Paris-Persan via Valmondois 03/01-24/06";20220209T104007;Transilien Train Transilien H;4436eadc-898c-11ec-a6cf-005056a44da2;travaux
future;Incidents;30;perturbée;SIGNIFICANT_DELAYS;20220225T204500;20220209T103600;4436eadc-898c-11ec-a6cf-005056a44da2;" / Ligne H : Paris-Persan via Valmondois 03/01-24/06 / <p>Période : en soirée<br>Dates : du lundi 03 janvier au vendredi 24 juin 2022<br>Le trafic est interrompu entre Paris Gare du Nord et Persan - Beaumont via Valmondois.<br>Un service de bus de remplacement est mis en place, avec desserte des gares intermédiaires.<br><a href=""http://www.transilien.com/sites/transilien/files/2022-01/20220103-H-%201%20BUS%20ENTRE%20PARIS%20ET%20ERMONT-%20PERSAN%20%200301%20AU%200403%20puis%20SR.pdf "" target=""_blank"">Pour plus d'informations sur les horaires du lundi 03 janvier au vendredi 04 mars, cliquez ici pour télécharger l'affiche PDF.</a><br><a href=""https://www.transilien.com/sites/transilien/files/2022-02/20220307-h-h7-busentreparisetermontpersan-0703au2406-avec-sr.pdf"" target="""">Pour plus d'informations sur les horaires du lundi 07 mars au vendredi 24 juin sauf le mardi 21 juin, cliquez ici pour télécharger l'affiche PDF.</a><br>Les horaires du calculateur d'itinéraire tiennent compte des travaux.<br>Motif : travaux.</p> / Ligne H : Paris-Persan via Valmondois 03/01-24/06";20220209T104007;Transilien Train Transilien H;4436eadc-898c-11ec-a6cf-005056a44da2;travaux
future;Incidents;30;perturbée;SIGNIFICANT_DELAYS;20220228T204500;20220209T103600;4436eadc-898c-11ec-a6cf-005056a44da2;" / Ligne H : Paris-Persan via Valmondois 03/01-24/06 / <p>Période : en soirée<br>Dates : du lundi 03 janvier au vendredi 24 juin 2022<br>Le trafic est interrompu entre Paris Gare du Nord et Persan - Beaumont via Valmondois.<br>Un service de bus de remplacement est mis en place, avec desserte des gares intermédiaires.<br><a href=""http://www.transilien.com/sites/transilien/files/2022-01/20220103-H-%201%20BUS%20ENTRE%20PARIS%20ET%20ERMONT-%20PERSAN%20%200301%20AU%200403%20puis%20SR.pdf "" target=""_blank"">Pour plus d'informations sur les horaires du lundi 03 janvier au vendredi 04 mars, cliquez ici pour télécharger l'affiche PDF.</a><br><a href=""https://www.transilien.com/sites/transilien/files/2022-02/20220307-h-h7-busentreparisetermontpersan-0703au2406-avec-sr.pdf"" target="""">Pour plus d'informations sur les horaires du lundi 07 mars au vendredi 24 juin sauf le mardi 21 juin, cliquez ici pour télécharger l'affiche PDF.</a><br>Les horaires du calculateur d'itinéraire tiennent compte des travaux.<br>Motif : travaux.</p> / Ligne H : Paris-Persan via Valmondois 03/01-24/06";20220209T104007;Transilien Train Transilien H;4436eadc-898c-11ec-a6cf-005056a44da2;travaux
future;Incidents;30;perturbée;SIGNIFICANT_DELAYS;20220301T204500;20220209T103600;4436eadc-898c-11ec-a6cf-005056a44da2;" / Ligne H : Paris-Persan via Valmondois 03/01-24/06 / <p>Période : en soirée<br>Dates : du lundi 03 janvier au vendredi 24 juin 2022<br>Le trafic est interrompu entre Paris Gare du Nord et Persan - Beaumont via Valmondois.<br>Un service de bus de remplacement est mis en place, avec desserte des gares intermédiaires.<br><a href=""http://www.transilien.com/sites/transilien/files/2022-01/20220103-H-%201%20BUS%20ENTRE%20PARIS%20ET%20ERMONT-%20PERSAN%20%200301%20AU%200403%20puis%20SR.pdf "" target=""_blank"">Pour plus d'informations sur les horaires du lundi 03 janvier au vendredi 04 mars, cliquez ici pour télécharger l'affiche PDF.</a><br><a href=""https://www.transilien.com/sites/transilien/files/2022-02/20220307-h-h7-busentreparisetermontpersan-0703au2406-avec-sr.pdf"" target="""">Pour plus d'informations sur les horaires du lundi 07 mars au vendredi 24 juin sauf le mardi 21 juin, cliquez ici pour télécharger l'affiche PDF.</a><br>Les horaires du calculateur d'itinéraire tiennent compte des travaux.<br>Motif : travaux.</p> / Ligne H : Paris-Persan via Valmondois 03/01-24/06";20220209T104007;Transilien Train Transilien H;4436eadc-898c-11ec-a6cf-005056a44da2;travaux
future;Incidents;30;perturbée;SIGNIFICANT_DELAYS;20220302T204500;20220209T103600;4436eadc-898c-11ec-a6cf-005056a44da2;" / Ligne H : Paris-Persan via Valmondois 03/01-24/06 / <p>Période : en soirée<br>Dates : du lundi 03 janvier au vendredi 24 juin 2022<br>Le trafic est interrompu entre Paris Gare du Nord et Persan - Beaumont via Valmondois.<br>Un service de bus de remplacement est mis en place, avec desserte des gares intermédiaires.<br><a href=""http://www.transilien.com/sites/transilien/files/2022-01/20220103-H-%201%20BUS%20ENTRE%20PARIS%20ET%20ERMONT-%20PERSAN%20%200301%20AU%200403%20puis%20SR.pdf "" target=""_blank"">Pour plus d'informations sur les horaires du lundi 03 janvier au vendredi 04 mars, cliquez ici pour télécharger l'affiche PDF.</a><br><a href=""https://www.transilien.com/sites/transilien/files/2022-02/20220307-h-h7-busentreparisetermontpersan-0703au2406-avec-sr.pdf"" target="""">Pour plus d'informations sur les horaires du lundi 07 mars au vendredi 24 juin sauf le mardi 21 juin, cliquez ici pour télécharger l'affiche PDF.</a><br>Les horaires du calculateur d'itinéraire tiennent compte des travaux.<br>Motif : travaux.</p> / Ligne H : Paris-Persan via Valmondois 03/01-24/06";20220209T104007;Transilien Train Transilien H;4436eadc-898c-11ec-a6cf-005056a44da2;travaux
future;Incidents;30;perturbée;SIGNIFICANT_DELAYS;20220303T204500;20220209T103600;4436eadc-898c-11ec-a6cf-005056a44da2;" / Ligne H : Paris-Persan via Valmondois 03/01-24/06 / <p>Période : en soirée<br>Dates : du lundi 03 janvier au vendredi 24 juin 2022<br>Le trafic est interrompu entre Paris Gare du Nord et Persan - Beaumont via Valmondois.<br>Un service de bus de remplacement est mis en place, avec desserte des gares intermédiaires.<br><a href=""http://www.transilien.com/sites/transilien/files/2022-01/20220103-H-%201%20BUS%20ENTRE%20PARIS%20ET%20ERMONT-%20PERSAN%20%200301%20AU%200403%20puis%20SR.pdf "" target=""_blank"">Pour plus d'informations sur les horaires du lundi 03 janvier au vendredi 04 mars, cliquez ici pour télécharger l'affiche PDF.</a><br><a href=""https://www.transilien.com/sites/transilien/files/2022-02/20220307-h-h7-busentreparisetermontpersan-0703au2406-avec-sr.pdf"" target="""">Pour plus d'informations sur les horaires du lundi 07 mars au vendredi 24 juin sauf le mardi 21 juin, cliquez ici pour télécharger l'affiche PDF.</a><br>Les horaires du calculateur d'itinéraire tiennent compte des travaux.<br>Motif : travaux.</p> / Ligne H : Paris-Persan via Valmondois 03/01-24/06";20220209T104007;Transilien Train Transilien H;4436eadc-898c-11ec-a6cf-005056a44da2;travaux
future;Incidents;30;perturbée;SIGNIFICANT_DELAYS;20220304T204500;20220209T103600;4436eadc-898c-11ec-a6cf-005056a44da2;" / Ligne H : Paris-Persan via Valmondois 03/01-24/06 / <p>Période : en soirée<br>Dates : du lundi 03 janvier au vendredi 24 juin 2022<br>Le trafic est interrompu entre Paris Gare du Nord et Persan - Beaumont via Valmondois.<br>Un service de bus de remplacement est mis en place, avec desserte des gares intermédiaires.<br><a href=""http://www.transilien.com/sites/transilien/files/2022-01/20220103-H-%201%20BUS%20ENTRE%20PARIS%20ET%20ERMONT-%20PERSAN%20%200301%20AU%200403%20puis%20SR.pdf "" target=""_blank"">Pour plus d'informations sur les horaires du lundi 03 janvier au vendredi 04 mars, cliquez ici pour télécharger l'affiche PDF.</a><br><a href=""https://www.transilien.com/sites/transilien/files/2022-02/20220307-h-h7-busentreparisetermontpersan-0703au2406-avec-sr.pdf"" target="""">Pour plus d'informations sur les horaires du lundi 07 mars au vendredi 24 juin sauf le mardi 21 juin, cliquez ici pour télécharger l'affiche PDF.</a><br>Les horaires du calculateur d'itinéraire tiennent compte des travaux.<br>Motif : travaux.</p> / Ligne H : Paris-Persan via Valmondois 03/01-24/06";20220209T104007;Transilien Train Transilien H;4436eadc-898c-11ec-a6cf-005056a44da2;travaux
future;Incidents;30;perturbée;SIGNIFICANT_DELAYS;20221122T204500;20221123T033500;4436eadc-898c-11ec-a6cf-005056a44da2;" / Ligne H : Paris-Persan via Valmondois 03/01-24/06 / <p>Période : en soirée<br>Dates : du lundi 03 janvier au vendredi 24 juin 2022<br>Le trafic est interrompu entre Paris Gare du Nord et Persan - Beaumont via Valmondois.<br>Un service de bus de remplacement est mis en place, avec desserte des gares intermédiaires.<br><a href=""http://www.transilien.com/sites/transilien/files/2022-01/20220103-H-%201%20BUS%20ENTRE%20PARIS%20ET%20ERMONT-%20PERSAN%20%200301%20AU%200403%20puis%20SR.pdf "" target=""_blank"">Pour plus d'informations sur les horaires du lundi 03 janvier au vendredi 04 mars, cliquez ici pour télécharger l'affiche PDF.</a><br><a href=""https://www.transilien.com/sites/transilien/files/2022-02/20220307-h-h7-busentreparisetermontpersan-0703au2406-avec-sr.pdf"" target="""">Pour plus d'informations sur les horaires du lundi 07 mars au vendredi 24 juin sauf le mardi 21 juin, cliquez ici pour télécharger l'affiche PDF.</a><br>Les horaires du calculateur d'itinéraire tiennent compte des travaux.<br>Motif : travaux.</p> / Ligne H : Paris-Persan via Valmondois 03/01-24/06";20220209T104007;Transilien Train Transilien H;4436eadc-898c-11ec-a6cf-005056a44da2;travaux
future;Incidents;30;perturbée;SIGNIFICANT_DELAYS;20220308T204500;20220209T103600;4436eadc-898c-11ec-a6cf-005056a44da2;" / Ligne H : Paris-Persan via Valmondois 03/01-24/06 / <p>Période : en soirée<br>Dates : du lundi 03 janvier au vendredi 24 juin 2022<br>Le trafic est interrompu entre Paris Gare du Nord et Persan - Beaumont via Valmondois.<br>Un service de bus de remplacement est mis en place, avec desserte des gares intermédiaires.<br><a href=""http://www.transilien.com/sites/transilien/files/2022-01/20220103-H-%201%20BUS%20ENTRE%20PARIS%20ET%20ERMONT-%20PERSAN%20%200301%20AU%200403%20puis%20SR.pdf "" target=""_blank"">Pour plus d'informations sur les horaires du lundi 03 janvier au vendredi 04 mars, cliquez ici pour télécharger l'affiche PDF.</a><br><a href=""https://www.transilien.com/sites/transilien/files/2022-02/20220307-h-h7-busentreparisetermontpersan-0703au2406-avec-sr.pdf"" target="""">Pour plus d'informations sur les horaires du lundi 07 mars au vendredi 24 juin sauf le mardi 21 juin, cliquez ici pour télécharger l'affiche PDF.</a><br>Les horaires du calculateur d'itinéraire tiennent compte des travaux.<br>Motif : travaux.</p> / Ligne H : Paris-Persan via Valmondois 03/01-24/06";20220209T104007;Transilien Train Transilien H;4436eadc-898c-11ec-a6cf-005056a44da2;travaux
future;Incidents;30;perturbée;SIGNIFICANT_DELAYS;20220201T204500;20220209T103600;4436eadc-898c-11ec-a6cf-005056a44da2;" / Ligne H : Paris-Persan via Valmondois 03/01-24/06 / <p>Période : en soirée<br>Dates : du lundi 03 janvier au vendredi 24 juin 2022<br>Le trafic est interrompu entre Paris Gare du Nord et Persan - Beaumont via Valmondois.<br>Un service de bus de remplacement est mis en place, avec desserte des gares intermédiaires.<br><a href=""http://www.transilien.com/sites/transilien/files/2022-01/20220103-H-%201%20BUS%20ENTRE%20PARIS%20ET%20ERMONT-%20PERSAN%20%200301%20AU%200403%20puis%20SR.pdf "" target=""_blank"">Pour plus d'informations sur les horaires du lundi 03 janvier au vendredi 04 mars, cliquez ici pour télécharger l'affiche PDF.</a><br><a href=""https://www.transilien.com/sites/transilien/files/2022-02/20220307-h-h7-busentreparisetermontpersan-0703au2406-avec-sr.pdf"" target="""">Pour plus d'informations sur les horaires du lundi 07 mars au vendredi 24 juin sauf le mardi 21 juin, cliquez ici pour télécharger l'affiche PDF.</a><br>Les horaires du calculateur d'itinéraire tiennent compte des travaux.<br>Motif : travaux.</p> / Ligne H : Paris-Persan via Valmondois 03/01-24/06";20220209T104007;Transilien Train Transilien H;4436eadc-898c-11ec-a6cf-005056a44da2;travaux
future;Incidents;30;perturbée;SIGNIFICANT_DELAYS;20220929T220000;20220930T020000;26043e7a-9274-11ec-a384-005056a47b86;" / Ligne H : Paris - Persan via Montsoult 03/01-16/12 / <p>Période : en soirée<br>Dates : du lundi 03 janvier au vendredi 16 décembre 2022, sauf les week-ends.<br>Le trafic est interrompu entre Paris Gare du Nord et Persan - Beaumont via Montsoult - Maffliers.<br>Un service de bus de remplacement est mis en place, avec desserte des gares intermédiaires.<br><a href=""https://www.transilien.com/sites/transilien/files/sentinelle-20220103-h-pno-sll-peb-0301-1612.pdf"" target=""""><br>Pour plus d'informations, cliquez ici pour télécharger l'affiche PDF</a>.<br>Les horaires du calculateur d'itinéraire  tiennent  compte des travaux.<br>Motif : travaux.</p>";20220220T184009;Transilien Train Transilien H;26043e7a-9274-11ec-a384-005056a47b86;travaux
future;Incidents;30;perturbée;SIGNIFICANT_DELAYS;20220816T220000;20220817T020000;26043e7a-9274-11ec-a384-005056a47b86;" / Ligne H : Paris - Persan via Montsoult 03/01-16/12 / <p>Période : en soirée<br>Dates : du lundi 03 janvier au vendredi 16 décembre 2022, sauf les week-ends.<br>Le trafic est interrompu entre Paris Gare du Nord et Persan - Beaumont via Montsoult - Maffliers.<br>Un service de bus de remplacement est mis en place, avec desserte des gares intermédiaires.<br><a href=""https://www.transilien.com/sites/transilien/files/sentinelle-20220103-h-pno-sll-peb-0301-1612.pdf"" target=""""><br>Pour plus d'informations, cliquez ici pour télécharger l'affiche PDF</a>.<br>Les horaires du calculateur d'itinéraire  tiennent  compte des travaux.<br>Motif : travaux.</p>";20220220T184009;Transilien Train Transilien H;26043e7a-9274-11ec-a384-005056a47b86;travaux
future;Incidents;30;perturbée;SIGNIFICANT_DELAYS;20220916T220000;20220917T020000;26043e7a-9274-11ec-a384-005056a47b86;" / Ligne H : Paris - Persan via Montsoult 03/01-16/12 / <p>Période : en soirée<br>Dates : du lundi 03 janvier au vendredi 16 décembre 2022, sauf les week-ends.<br>Le trafic est interrompu entre Paris Gare du Nord et Persan - Beaumont via Montsoult - Maffliers.<br>Un service de bus de remplacement est mis en place, avec desserte des gares intermédiaires.<br><a href=""https://www.transilien.com/sites/transilien/files/sentinelle-20220103-h-pno-sll-peb-0301-1612.pdf"" target=""""><br>Pour plus d'informations, cliquez ici pour télécharger l'affiche PDF</a>.<br>Les horaires du calculateur d'itinéraire  tiennent  compte des travaux.<br>Motif : travaux.</p>";20220220T184009;Transilien Train Transilien H;26043e7a-9274-11ec-a384-005056a47b86;travaux
future;Incidents;30;perturbée;SIGNIFICANT_DELAYS;20220524T220000;20220525T020000;26043e7a-9274-11ec-a384-005056a47b86;" / Ligne H : Paris - Persan via Montsoult 03/01-16/12 / <p>Période : en soirée<br>Dates : du lundi 03 janvier au vendredi 16 décembre 2022, sauf les week-ends.<br>Le trafic est interrompu entre Paris Gare du Nord et Persan - Beaumont via Montsoult - Maffliers.<br>Un service de bus de remplacement est mis en place, avec desserte des gares intermédiaires.<br><a href=""https://www.transilien.com/sites/transilien/files/sentinelle-20220103-h-pno-sll-peb-0301-1612.pdf"" target=""""><br>Pour plus d'informations, cliquez ici pour télécharger l'affiche PDF</a>.<br>Les horaires du calculateur d'itinéraire  tiennent  compte des travaux.<br>Motif : travaux.</p>";20220220T184009;Transilien Train Transilien H;26043e7a-9274-11ec-a384-005056a47b86;travaux
future;Incidents;30;perturbée;SIGNIFICANT_DELAYS;20220812T220000;20220813T020000;26043e7a-9274-11ec-a384-005056a47b86;" / Ligne H : Paris - Persan via Montsoult 03/01-16/12 / <p>Période : en soirée<br>Dates : du lundi 03 janvier au vendredi 16 décembre 2022, sauf les week-ends.<br>Le trafic est interrompu entre Paris Gare du Nord et Persan - Beaumont via Montsoult - Maffliers.<br>Un service de bus de remplacement est mis en place, avec desserte des gares intermédiaires.<br><a href=""https://www.transilien.com/sites/transilien/files/sentinelle-20220103-h-pno-sll-peb-0301-1612.pdf"" target=""""><br>Pour plus d'informations, cliquez ici pour télécharger l'affiche PDF</a>.<br>Les horaires du calculateur d'itinéraire  tiennent  compte des travaux.<br>Motif : travaux.</p>";20220220T184009;Transilien Train Transilien H;26043e7a-9274-11ec-a384-005056a47b86;travaux
future;Incidents;30;perturbée;SIGNIFICANT_DELAYS;20220531T220000;20220601T020000;26043e7a-9274-11ec-a384-005056a47b86;" / Ligne H : Paris - Persan via Montsoult 03/01-16/12 / <p>Période : en soirée<br>Dates : du lundi 03 janvier au vendredi 16 décembre 2022, sauf les week-ends.<br>Le trafic est interrompu entre Paris Gare du Nord et Persan - Beaumont via Montsoult - Maffliers.<br>Un service de bus de remplacement est mis en place, avec desserte des gares intermédiaires.<br><a href=""https://www.transilien.com/sites/transilien/files/sentinelle-20220103-h-pno-sll-peb-0301-1612.pdf"" target=""""><br>Pour plus d'informations, cliquez ici pour télécharger l'affiche PDF</a>.<br>Les horaires du calculateur d'itinéraire  tiennent  compte des travaux.<br>Motif : travaux.</p>";20220220T184009;Transilien Train Transilien H;26043e7a-9274-11ec-a384-005056a47b86;travaux
future;Incidents;30;perturbée;SIGNIFICANT_DELAYS;20220804T220000;20220805T020000;26043e7a-9274-11ec-a384-005056a47b86;" / Ligne H : Paris - Persan via Montsoult 03/01-16/12 / <p>Période : en soirée<br>Dates : du lundi 03 janvier au vendredi 16 décembre 2022, sauf les week-ends.<br>Le trafic est interrompu entre Paris Gare du Nord et Persan - Beaumont via Montsoult - Maffliers.<br>Un service de bus de remplacement est mis en place, avec desserte des gares intermédiaires.<br><a href=""https://www.transilien.com/sites/transilien/files/sentinelle-20220103-h-pno-sll-peb-0301-1612.pdf"" target=""""><br>Pour plus d'informations, cliquez ici pour télécharger l'affiche PDF</a>.<br>Les horaires du calculateur d'itinéraire  tiennent  compte des travaux.<br>Motif : travaux.</p>";20220220T184009;Transilien Train Transilien H;26043e7a-9274-11ec-a384-005056a47b86;travaux
future;Incidents;30;perturbée;SIGNIFICANT_DELAYS;20220517T220000;20220518T020000;26043e7a-9274-11ec-a384-005056a47b86;" / Ligne H : Paris - Persan via Montsoult 03/01-16/12 / <p>Période : en soirée<br>Dates : du lundi 03 janvier au vendredi 16 décembre 2022, sauf les week-ends.<br>Le trafic est interrompu entre Paris Gare du Nord et Persan - Beaumont via Montsoult - Maffliers.<br>Un service de bus de remplacement est mis en place, avec desserte des gares intermédiaires.<br><a href=""https://www.transilien.com/sites/transilien/files/sentinelle-20220103-h-pno-sll-peb-0301-1612.pdf"" target=""""><br>Pour plus d'informations, cliquez ici pour télécharger l'affiche PDF</a>.<br>Les horaires du calculateur d'itinéraire  tiennent  compte des travaux.<br>Motif : travaux.</p>";20220220T184009;Transilien Train Transilien H;26043e7a-9274-11ec-a384-005056a47b86;travaux
future;Incidents;30;perturbée;SIGNIFICANT_DELAYS;20220624T220000;20220625T020000;26043e7a-9274-11ec-a384-005056a47b86;" / Ligne H : Paris - Persan via Montsoult 03/01-16/12 / <p>Période : en soirée<br>Dates : du lundi 03 janvier au vendredi 16 décembre 2022, sauf les week-ends.<br>Le trafic est interrompu entre Paris Gare du Nord et Persan - Beaumont via Montsoult - Maffliers.<br>Un service de bus de remplacement est mis en place, avec desserte des gares intermédiaires.<br><a href=""https://www.transilien.com/sites/transilien/files/sentinelle-20220103-h-pno-sll-peb-0301-1612.pdf"" target=""""><br>Pour plus d'informations, cliquez ici pour télécharger l'affiche PDF</a>.<br>Les horaires du calculateur d'itinéraire  tiennent  compte des travaux.<br>Motif : travaux.</p>";20220220T184009;Transilien Train Transilien H;26043e7a-9274-11ec-a384-005056a47b86;travaux
future;Incidents;30;perturbée;SIGNIFICANT_DELAYS;20220915T220000;20220916T020000;26043e7a-9274-11ec-a384-005056a47b86;" / Ligne H : Paris - Persan via Montsoult 03/01-16/12 / <p>Période : en soirée<br>Dates : du lundi 03 janvier au vendredi 16 décembre 2022, sauf les week-ends.<br>Le trafic est interrompu entre Paris Gare du Nord et Persan - Beaumont via Montsoult - Maffliers.<br>Un service de bus de remplacement est mis en place, avec desserte des gares intermédiaires.<br><a href=""https://www.transilien.com/sites/transilien/files/sentinelle-20220103-h-pno-sll-peb-0301-1612.pdf"" target=""""><br>Pour plus d'informations, cliquez ici pour télécharger l'affiche PDF</a>.<br>Les horaires du calculateur d'itinéraire  tiennent  compte des travaux.<br>Motif : travaux.</p>";20220220T184009;Transilien Train Transilien H;26043e7a-9274-11ec-a384-005056a47b86;travaux
future;Incidents;30;perturbée;SIGNIFICANT_DELAYS;20220415T220000;20220416T020000;26043e7a-9274-11ec-a384-005056a47b86;" / Ligne H : Paris - Persan via Montsoult 03/01-16/12 / <p>Période : en soirée<br>Dates : du lundi 03 janvier au vendredi 16 décembre 2022, sauf les week-ends.<br>Le trafic est interrompu entre Paris Gare du Nord et Persan - Beaumont via Montsoult - Maffliers.<br>Un service de bus de remplacement est mis en place, avec desserte des gares intermédiaires.<br><a href=""https://www.transilien.com/sites/transilien/files/sentinelle-20220103-h-pno-sll-peb-0301-1612.pdf"" target=""""><br>Pour plus d'informations, cliquez ici pour télécharger l'affiche PDF</a>.<br>Les horaires du calculateur d'itinéraire  tiennent  compte des travaux.<br>Motif : travaux.</p>";20220220T184009;Transilien Train Transilien H;26043e7a-9274-11ec-a384-005056a47b86;travaux
future;Incidents;30;perturbée;SIGNIFICANT_DELAYS;20220509T220000;20220510T020000;26043e7a-9274-11ec-a384-005056a47b86;" / Ligne H : Paris - Persan via Montsoult 03/01-16/12 / <p>Période : en soirée<br>Dates : du lundi 03 janvier au vendredi 16 décembre 2022, sauf les week-ends.<br>Le trafic est interrompu entre Paris Gare du Nord et Persan - Beaumont via Montsoult - Maffliers.<br>Un service de bus de remplacement est mis en place, avec desserte des gares intermédiaires.<br><a href=""https://www.transilien.com/sites/transilien/files/sentinelle-20220103-h-pno-sll-peb-0301-1612.pdf"" target=""""><br>Pour plus d'informations, cliquez ici pour télécharger l'affiche PDF</a>.<br>Les horaires du calculateur d'itinéraire  tiennent  compte des travaux.<br>Motif : travaux.</p>";20220220T184009;Transilien Train Transilien H;26043e7a-9274-11ec-a384-005056a47b86;travaux
future;Incidents;30;perturbée;SIGNIFICANT_DELAYS;20220131T220000;20220201T020000;26043e7a-9274-11ec-a384-005056a47b86;" / Ligne H : Paris - Persan via Montsoult 03/01-16/12 / <p>Période : en soirée<br>Dates : du lundi 03 janvier au vendredi 16 décembre 2022, sauf les week-ends.<br>Le trafic est interrompu entre Paris Gare du Nord et Persan - Beaumont via Montsoult - Maffliers.<br>Un service de bus de remplacement est mis en place, avec desserte des gares intermédiaires.<br><a href=""https://www.transilien.com/sites/transilien/files/sentinelle-20220103-h-pno-sll-peb-0301-1612.pdf"" target=""""><br>Pour plus d'informations, cliquez ici pour télécharger l'affiche PDF</a>.<br>Les horaires du calculateur d'itinéraire  tiennent  compte des travaux.<br>Motif : travaux.</p>";20220220T184009;Transilien Train Transilien H;26043e7a-9274-11ec-a384-005056a47b86;travaux
future;Incidents;30;perturbée;SIGNIFICANT_DELAYS;20220504T220000;20220505T020000;26043e7a-9274-11ec-a384-005056a47b86;" / Ligne H : Paris - Persan via Montsoult 03/01-16/12 / <p>Période : en soirée<br>Dates : du lundi 03 janvier au vendredi 16 décembre 2022, sauf les week-ends.<br>Le trafic est interrompu entre Paris Gare du Nord et Persan - Beaumont via Montsoult - Maffliers.<br>Un service de bus de remplacement est mis en place, avec desserte des gares intermédiaires.<br><a href=""https://www.transilien.com/sites/transilien/files/sentinelle-20220103-h-pno-sll-peb-0301-1612.pdf"" target=""""><br>Pour plus d'informations, cliquez ici pour télécharger l'affiche PDF</a>.<br>Les horaires du calculateur d'itinéraire  tiennent  compte des travaux.<br>Motif : travaux.</p>";20220220T184009;Transilien Train Transilien H;26043e7a-9274-11ec-a384-005056a47b86;travaux
future;Incidents;30;perturbée;SIGNIFICANT_DELAYS;20220308T220000;20220309T020000;26043e7a-9274-11ec-a384-005056a47b86;" / Ligne H : Paris - Persan via Montsoult 03/01-16/12 / <p>Période : en soirée<br>Dates : du lundi 03 janvier au vendredi 16 décembre 2022, sauf les week-ends.<br>Le trafic est interrompu entre Paris Gare du Nord et Persan - Beaumont via Montsoult - Maffliers.<br>Un service de bus de remplacement est mis en place, avec desserte des gares intermédiaires.<br><a href=""https://www.transilien.com/sites/transilien/files/sentinelle-20220103-h-pno-sll-peb-0301-1612.pdf"" target=""""><br>Pour plus d'informations, cliquez ici pour télécharger l'affiche PDF</a>.<br>Les horaires du calculateur d'itinéraire  tiennent  compte des travaux.<br>Motif : travaux.</p>";20220220T184009;Transilien Train Transilien H;26043e7a-9274-11ec-a384-005056a47b86;travaux
future;Incidents;30;perturbée;SIGNIFICANT_DELAYS;20220513T220000;20220514T020000;26043e7a-9274-11ec-a384-005056a47b86;" / Ligne H : Paris - Persan via Montsoult 03/01-16/12 / <p>Période : en soirée<br>Dates : du lundi 03 janvier au vendredi 16 décembre 2022, sauf les week-ends.<br>Le trafic est interrompu entre Paris Gare du Nord et Persan - Beaumont via Montsoult - Maffliers.<br>Un service de bus de remplacement est mis en place, avec desserte des gares intermédiaires.<br><a href=""https://www.transilien.com/sites/transilien/files/sentinelle-20220103-h-pno-sll-peb-0301-1612.pdf"" target=""""><br>Pour plus d'informations, cliquez ici pour télécharger l'affiche PDF</a>.<br>Les horaires du calculateur d'itinéraire  tiennent  compte des travaux.<br>Motif : travaux.</p>";20220220T184009;Transilien Train Transilien H;26043e7a-9274-11ec-a384-005056a47b86;travaux
future;Incidents;30;perturbée;SIGNIFICANT_DELAYS;20220527T220000;20220528T020000;26043e7a-9274-11ec-a384-005056a47b86;" / Ligne H : Paris - Persan via Montsoult 03/01-16/12 / <p>Période : en soirée<br>Dates : du lundi 03 janvier au vendredi 16 décembre 2022, sauf les week-ends.<br>Le trafic est interrompu entre Paris Gare du Nord et Persan - Beaumont via Montsoult - Maffliers.<br>Un service de bus de remplacement est mis en place, avec desserte des gares intermédiaires.<br><a href=""https://www.transilien.com/sites/transilien/files/sentinelle-20220103-h-pno-sll-peb-0301-1612.pdf"" target=""""><br>Pour plus d'informations, cliquez ici pour télécharger l'affiche PDF</a>.<br>Les horaires du calculateur d'itinéraire  tiennent  compte des travaux.<br>Motif : travaux.</p>";20220220T184009;Transilien Train Transilien H;26043e7a-9274-11ec-a384-005056a47b86;travaux
future;Incidents;30;perturbée;SIGNIFICANT_DELAYS;20220606T220000;20220607T020000;26043e7a-9274-11ec-a384-005056a47b86;" / Ligne H : Paris - Persan via Montsoult 03/01-16/12 / <p>Période : en soirée<br>Dates : du lundi 03 janvier au vendredi 16 décembre 2022, sauf les week-ends.<br>Le trafic est interrompu entre Paris Gare du Nord et Persan - Beaumont via Montsoult - Maffliers.<br>Un service de bus de remplacement est mis en place, avec desserte des gares intermédiaires.<br><a href=""https://www.transilien.com/sites/transilien/files/sentinelle-20220103-h-pno-sll-peb-0301-1612.pdf"" target=""""><br>Pour plus d'informations, cliquez ici pour télécharger l'affiche PDF</a>.<br>Les horaires du calculateur d'itinéraire  tiennent  compte des travaux.<br>Motif : travaux.</p>";20220220T184009;Transilien Train Transilien H;26043e7a-9274-11ec-a384-005056a47b86;travaux
future;Incidents;30;perturbée;SIGNIFICANT_DELAYS;20220914T220000;20220915T020000;26043e7a-9274-11ec-a384-005056a47b86;" / Ligne H : Paris - Persan via Montsoult 03/01-16/12 / <p>Période : en soirée<br>Dates : du lundi 03 janvier au vendredi 16 décembre 2022, sauf les week-ends.<br>Le trafic est interrompu entre Paris Gare du Nord et Persan - Beaumont via Montsoult - Maffliers.<br>Un service de bus de remplacement est mis en place, avec desserte des gares intermédiaires.<br><a href=""https://www.transilien.com/sites/transilien/files/sentinelle-20220103-h-pno-sll-peb-0301-1612.pdf"" target=""""><br>Pour plus d'informations, cliquez ici pour télécharger l'affiche PDF</a>.<br>Les horaires du calculateur d'itinéraire  tiennent  compte des travaux.<br>Motif : travaux.</p>";20220220T184009;Transilien Train Transilien H;26043e7a-9274-11ec-a384-005056a47b86;travaux
future;Incidents;30;perturbée;SIGNIFICANT_DELAYS;20220908T220000;20220909T020000;26043e7a-9274-11ec-a384-005056a47b86;" / Ligne H : Paris - Persan via Montsoult 03/01-16/12 / <p>Période : en soirée<br>Dates : du lundi 03 janvier au vendredi 16 décembre 2022, sauf les week-ends.<br>Le trafic est interrompu entre Paris Gare du Nord et Persan - Beaumont via Montsoult - Maffliers.<br>Un service de bus de remplacement est mis en place, avec desserte des gares intermédiaires.<br><a href=""https://www.transilien.com/sites/transilien/files/sentinelle-20220103-h-pno-sll-peb-0301-1612.pdf"" target=""""><br>Pour plus d'informations, cliquez ici pour télécharger l'affiche PDF</a>.<br>Les horaires du calculateur d'itinéraire  tiennent  compte des travaux.<br>Motif : travaux.</p>";20220220T184009;Transilien Train Transilien H;26043e7a-9274-11ec-a384-005056a47b86;travaux
future;Incidents;30;perturbée;SIGNIFICANT_DELAYS;20220401T220000;20220402T020000;26043e7a-9274-11ec-a384-005056a47b86;" / Ligne H : Paris - Persan via Montsoult 03/01-16/12 / <p>Période : en soirée<br>Dates : du lundi 03 janvier au vendredi 16 décembre 2022, sauf les week-ends.<br>Le trafic est interrompu entre Paris Gare du Nord et Persan - Beaumont via Montsoult - Maffliers.<br>Un service de bus de remplacement est mis en place, avec desserte des gares intermédiaires.<br><a href=""https://www.transilien.com/sites/transilien/files/sentinelle-20220103-h-pno-sll-peb-0301-1612.pdf"" target=""""><br>Pour plus d'informations, cliquez ici pour télécharger l'affiche PDF</a>.<br>Les horaires du calculateur d'itinéraire  tiennent  compte des travaux.<br>Motif : travaux.</p>";20220220T184009;Transilien Train Transilien H;26043e7a-9274-11ec-a384-005056a47b86;travaux
future;Incidents;30;perturbée;SIGNIFICANT_DELAYS;20220425T220000;20220426T020000;26043e7a-9274-11ec-a384-005056a47b86;" / Ligne H : Paris - Persan via Montsoult 03/01-16/12 / <p>Période : en soirée<br>Dates : du lundi 03 janvier au vendredi 16 décembre 2022, sauf les week-ends.<br>Le trafic est interrompu entre Paris Gare du Nord et Persan - Beaumont via Montsoult - Maffliers.<br>Un service de bus de remplacement est mis en place, avec desserte des gares intermédiaires.<br><a href=""https://www.transilien.com/sites/transilien/files/sentinelle-20220103-h-pno-sll-peb-0301-1612.pdf"" target=""""><br>Pour plus d'informations, cliquez ici pour télécharger l'affiche PDF</a>.<br>Les horaires du calculateur d'itinéraire  tiennent  compte des travaux.<br>Motif : travaux.</p>";20220220T184009;Transilien Train Transilien H;26043e7a-9274-11ec-a384-005056a47b86;travaux
future;Incidents;30;perturbée;SIGNIFICANT_DELAYS;20220427T220000;20220428T020000;26043e7a-9274-11ec-a384-005056a47b86;" / Ligne H : Paris - Persan via Montsoult 03/01-16/12 / <p>Période : en soirée<br>Dates : du lundi 03 janvier au vendredi 16 décembre 2022, sauf les week-ends.<br>Le trafic est interrompu entre Paris Gare du Nord et Persan - Beaumont via Montsoult - Maffliers.<br>Un service de bus de remplacement est mis en place, avec desserte des gares intermédiaires.<br><a href=""https://www.transilien.com/sites/transilien/files/sentinelle-20220103-h-pno-sll-peb-0301-1612.pdf"" target=""""><br>Pour plus d'informations, cliquez ici pour télécharger l'affiche PDF</a>.<br>Les horaires du calculateur d'itinéraire  tiennent  compte des travaux.<br>Motif : travaux.</p>";20220220T184009;Transilien Train Transilien H;26043e7a-9274-11ec-a384-005056a47b86;travaux
future;Incidents;30;perturbée;SIGNIFICANT_DELAYS;20220419T220000;20220420T020000;26043e7a-9274-11ec-a384-005056a47b86;" / Ligne H : Paris - Persan via Montsoult 03/01-16/12 / <p>Période : en soirée<br>Dates : du lundi 03 janvier au vendredi 16 décembre 2022, sauf les week-ends.<br>Le trafic est interrompu entre Paris Gare du Nord et Persan - Beaumont via Montsoult - Maffliers.<br>Un service de bus de remplacement est mis en place, avec desserte des gares intermédiaires.<br><a href=""https://www.transilien.com/sites/transilien/files/sentinelle-20220103-h-pno-sll-peb-0301-1612.pdf"" target=""""><br>Pour plus d'informations, cliquez ici pour télécharger l'affiche PDF</a>.<br>Les horaires du calculateur d'itinéraire  tiennent  compte des travaux.<br>Motif : travaux.</p>";20220220T184009;Transilien Train Transilien H;26043e7a-9274-11ec-a384-005056a47b86;travaux
future;Incidents;30;perturbée;SIGNIFICANT_DELAYS;20220819T220000;20220820T020000;26043e7a-9274-11ec-a384-005056a47b86;" / Ligne H : Paris - Persan via Montsoult 03/01-16/12 / <p>Période : en soirée<br>Dates : du lundi 03 janvier au vendredi 16 décembre 2022, sauf les week-ends.<br>Le trafic est interrompu entre Paris Gare du Nord et Persan - Beaumont via Montsoult - Maffliers.<br>Un service de bus de remplacement est mis en place, avec desserte des gares intermédiaires.<br><a href=""https://www.transilien.com/sites/transilien/files/sentinelle-20220103-h-pno-sll-peb-0301-1612.pdf"" target=""""><br>Pour plus d'informations, cliquez ici pour télécharger l'affiche PDF</a>.<br>Les horaires du calculateur d'itinéraire  tiennent  compte des travaux.<br>Motif : travaux.</p>";20220220T184009;Transilien Train Transilien H;26043e7a-9274-11ec-a384-005056a47b86;travaux
future;Incidents;30;perturbée;SIGNIFICANT_DELAYS;20220510T220000;20220511T020000;26043e7a-9274-11ec-a384-005056a47b86;" / Ligne H : Paris - Persan via Montsoult 03/01-16/12 / <p>Période : en soirée<br>Dates : du lundi 03 janvier au vendredi 16 décembre 2022, sauf les week-ends.<br>Le trafic est interrompu entre Paris Gare du Nord et Persan - Beaumont via Montsoult - Maffliers.<br>Un service de bus de remplacement est mis en place, avec desserte des gares intermédiaires.<br><a href=""https://www.transilien.com/sites/transilien/files/sentinelle-20220103-h-pno-sll-peb-0301-1612.pdf"" target=""""><br>Pour plus d'informations, cliquez ici pour télécharger l'affiche PDF</a>.<br>Les horaires du calculateur d'itinéraire  tiennent  compte des travaux.<br>Motif : travaux.</p>";20220220T184009;Transilien Train Transilien H;26043e7a-9274-11ec-a384-005056a47b86;travaux
future;Incidents;30;perturbée;SIGNIFICANT_DELAYS;20220412T220000;20220413T020000;26043e7a-9274-11ec-a384-005056a47b86;" / Ligne H : Paris - Persan via Montsoult 03/01-16/12 / <p>Période : en soirée<br>Dates : du lundi 03 janvier au vendredi 16 décembre 2022, sauf les week-ends.<br>Le trafic est interrompu entre Paris Gare du Nord et Persan - Beaumont via Montsoult - Maffliers.<br>Un service de bus de remplacement est mis en place, avec desserte des gares intermédiaires.<br><a href=""https://www.transilien.com/sites/transilien/files/sentinelle-20220103-h-pno-sll-peb-0301-1612.pdf"" target=""""><br>Pour plus d'informations, cliquez ici pour télécharger l'affiche PDF</a>.<br>Les horaires du calculateur d'itinéraire  tiennent  compte des travaux.<br>Motif : travaux.</p>";20220220T184009;Transilien Train Transilien H;26043e7a-9274-11ec-a384-005056a47b86;travaux
future;Incidents;30;perturbée;SIGNIFICANT_DELAYS;20220824T220000;20220825T020000;26043e7a-9274-11ec-a384-005056a47b86;" / Ligne H : Paris - Persan via Montsoult 03/01-16/12 / <p>Période : en soirée<br>Dates : du lundi 03 janvier au vendredi 16 décembre 2022, sauf les week-ends.<br>Le trafic est interrompu entre Paris Gare du Nord et Persan - Beaumont via Montsoult - Maffliers.<br>Un service de bus de remplacement est mis en place, avec desserte des gares intermédiaires.<br><a href=""https://www.transilien.com/sites/transilien/files/sentinelle-20220103-h-pno-sll-peb-0301-1612.pdf"" target=""""><br>Pour plus d'informations, cliquez ici pour télécharger l'affiche PDF</a>.<br>Les horaires du calculateur d'itinéraire  tiennent  compte des travaux.<br>Motif : travaux.</p>";20220220T184009;Transilien Train Transilien H;26043e7a-9274-11ec-a384-005056a47b86;travaux
future;Incidents;30;perturbée;SIGNIFICANT_DELAYS;20220407T220000;20220408T020000;26043e7a-9274-11ec-a384-005056a47b86;" / Ligne H : Paris - Persan via Montsoult 03/01-16/12 / <p>Période : en soirée<br>Dates : du lundi 03 janvier au vendredi 16 décembre 2022, sauf les week-ends.<br>Le trafic est interrompu entre Paris Gare du Nord et Persan - Beaumont via Montsoult - Maffliers.<br>Un service de bus de remplacement est mis en place, avec desserte des gares intermédiaires.<br><a href=""https://www.transilien.com/sites/transilien/files/sentinelle-20220103-h-pno-sll-peb-0301-1612.pdf"" target=""""><br>Pour plus d'informations, cliquez ici pour télécharger l'affiche PDF</a>.<br>Les horaires du calculateur d'itinéraire  tiennent  compte des travaux.<br>Motif : travaux.</p>";20220220T184009;Transilien Train Transilien H;26043e7a-9274-11ec-a384-005056a47b86;travaux
future;Incidents;30;perturbée;SIGNIFICANT_DELAYS;20220408T220000;20220409T020000;26043e7a-9274-11ec-a384-005056a47b86;" / Ligne H : Paris - Persan via Montsoult 03/01-16/12 / <p>Période : en soirée<br>Dates : du lundi 03 janvier au vendredi 16 décembre 2022, sauf les week-ends.<br>Le trafic est interrompu entre Paris Gare du Nord et Persan - Beaumont via Montsoult - Maffliers.<br>Un service de bus de remplacement est mis en place, avec desserte des gares intermédiaires.<br><a href=""https://www.transilien.com/sites/transilien/files/sentinelle-20220103-h-pno-sll-peb-0301-1612.pdf"" target=""""><br>Pour plus d'informations, cliquez ici pour télécharger l'affiche PDF</a>.<br>Les horaires du calculateur d'itinéraire  tiennent  compte des travaux.<br>Motif : travaux.</p>";20220220T184009;Transilien Train Transilien H;26043e7a-9274-11ec-a384-005056a47b86;travaux
future;Incidents;30;perturbée;SIGNIFICANT_DELAYS;20220406T220000;20220407T020000;26043e7a-9274-11ec-a384-005056a47b86;" / Ligne H : Paris - Persan via Montsoult 03/01-16/12 / <p>Période : en soirée<br>Dates : du lundi 03 janvier au vendredi 16 décembre 2022, sauf les week-ends.<br>Le trafic est interrompu entre Paris Gare du Nord et Persan - Beaumont via Montsoult - Maffliers.<br>Un service de bus de remplacement est mis en place, avec desserte des gares intermédiaires.<br><a href=""https://www.transilien.com/sites/transilien/files/sentinelle-20220103-h-pno-sll-peb-0301-1612.pdf"" target=""""><br>Pour plus d'informations, cliquez ici pour télécharger l'affiche PDF</a>.<br>Les horaires du calculateur d'itinéraire  tiennent  compte des travaux.<br>Motif : travaux.</p>";20220220T184009;Transilien Train Transilien H;26043e7a-9274-11ec-a384-005056a47b86;travaux
future;Incidents;30;perturbée;SIGNIFICANT_DELAYS;20220405T220000;20220406T020000;26043e7a-9274-11ec-a384-005056a47b86;" / Ligne H : Paris - Persan via Montsoult 03/01-16/12 / <p>Période : en soirée<br>Dates : du lundi 03 janvier au vendredi 16 décembre 2022, sauf les week-ends.<br>Le trafic est interrompu entre Paris Gare du Nord et Persan - Beaumont via Montsoult - Maffliers.<br>Un service de bus de remplacement est mis en place, avec desserte des gares intermédiaires.<br><a href=""https://www.transilien.com/sites/transilien/files/sentinelle-20220103-h-pno-sll-peb-0301-1612.pdf"" target=""""><br>Pour plus d'informations, cliquez ici pour télécharger l'affiche PDF</a>.<br>Les horaires du calculateur d'itinéraire  tiennent  compte des travaux.<br>Motif : travaux.</p>";20220220T184009;Transilien Train Transilien H;26043e7a-9274-11ec-a384-005056a47b86;travaux
future;Incidents;30;perturbée;SIGNIFICANT_DELAYS;20220629T220000;20220630T020000;26043e7a-9274-11ec-a384-005056a47b86;" / Ligne H : Paris - Persan via Montsoult 03/01-16/12 / <p>Période : en soirée<br>Dates : du lundi 03 janvier au vendredi 16 décembre 2022, sauf les week-ends.<br>Le trafic est interrompu entre Paris Gare du Nord et Persan - Beaumont via Montsoult - Maffliers.<br>Un service de bus de remplacement est mis en place, avec desserte des gares intermédiaires.<br><a href=""https://www.transilien.com/sites/transilien/files/sentinelle-20220103-h-pno-sll-peb-0301-1612.pdf"" target=""""><br>Pour plus d'informations, cliquez ici pour télécharger l'affiche PDF</a>.<br>Les horaires du calculateur d'itinéraire  tiennent  compte des travaux.<br>Motif : travaux.</p>";20220220T184009;Transilien Train Transilien H;26043e7a-9274-11ec-a384-005056a47b86;travaux
future;Incidents;30;perturbée;SIGNIFICANT_DELAYS;20220926T220000;20220927T020000;26043e7a-9274-11ec-a384-005056a47b86;" / Ligne H : Paris - Persan via Montsoult 03/01-16/12 / <p>Période : en soirée<br>Dates : du lundi 03 janvier au vendredi 16 décembre 2022, sauf les week-ends.<br>Le trafic est interrompu entre Paris Gare du Nord et Persan - Beaumont via Montsoult - Maffliers.<br>Un service de bus de remplacement est mis en place, avec desserte des gares intermédiaires.<br><a href=""https://www.transilien.com/sites/transilien/files/sentinelle-20220103-h-pno-sll-peb-0301-1612.pdf"" target=""""><br>Pour plus d'informations, cliquez ici pour télécharger l'affiche PDF</a>.<br>Les horaires du calculateur d'itinéraire  tiennent  compte des travaux.<br>Motif : travaux.</p>";20220220T184009;Transilien Train Transilien H;26043e7a-9274-11ec-a384-005056a47b86;travaux
future;Incidents;30;perturbée;SIGNIFICANT_DELAYS;20220922T220000;20220923T020000;26043e7a-9274-11ec-a384-005056a47b86;" / Ligne H : Paris - Persan via Montsoult 03/01-16/12 / <p>Période : en soirée<br>Dates : du lundi 03 janvier au vendredi 16 décembre 2022, sauf les week-ends.<br>Le trafic est interrompu entre Paris Gare du Nord et Persan - Beaumont via Montsoult - Maffliers.<br>Un service de bus de remplacement est mis en place, avec desserte des gares intermédiaires.<br><a href=""https://www.transilien.com/sites/transilien/files/sentinelle-20220103-h-pno-sll-peb-0301-1612.pdf"" target=""""><br>Pour plus d'informations, cliquez ici pour télécharger l'affiche PDF</a>.<br>Les horaires du calculateur d'itinéraire  tiennent  compte des travaux.<br>Motif : travaux.</p>";20220220T184009;Transilien Train Transilien H;26043e7a-9274-11ec-a384-005056a47b86;travaux
future;Incidents;30;perturbée;SIGNIFICANT_DELAYS;20220426T220000;20220427T020000;26043e7a-9274-11ec-a384-005056a47b86;" / Ligne H : Paris - Persan via Montsoult 03/01-16/12 / <p>Période : en soirée<br>Dates : du lundi 03 janvier au vendredi 16 décembre 2022, sauf les week-ends.<br>Le trafic est interrompu entre Paris Gare du Nord et Persan - Beaumont via Montsoult - Maffliers.<br>Un service de bus de remplacement est mis en place, avec desserte des gares intermédiaires.<br><a href=""https://www.transilien.com/sites/transilien/files/sentinelle-20220103-h-pno-sll-peb-0301-1612.pdf"" target=""""><br>Pour plus d'informations, cliquez ici pour télécharger l'affiche PDF</a>.<br>Les horaires du calculateur d'itinéraire  tiennent  compte des travaux.<br>Motif : travaux.</p>";20220220T184009;Transilien Train Transilien H;26043e7a-9274-11ec-a384-005056a47b86;travaux
future;Incidents;30;perturbée;SIGNIFICANT_DELAYS;20220912T220000;20220913T020000;26043e7a-9274-11ec-a384-005056a47b86;" / Ligne H : Paris - Persan via Montsoult 03/01-16/12 / <p>Période : en soirée<br>Dates : du lundi 03 janvier au vendredi 16 décembre 2022, sauf les week-ends.<br>Le trafic est interrompu entre Paris Gare du Nord et Persan - Beaumont via Montsoult - Maffliers.<br>Un service de bus de remplacement est mis en place, avec desserte des gares intermédiaires.<br><a href=""https://www.transilien.com/sites/transilien/files/sentinelle-20220103-h-pno-sll-peb-0301-1612.pdf"" target=""""><br>Pour plus d'informations, cliquez ici pour télécharger l'affiche PDF</a>.<br>Les horaires du calculateur d'itinéraire  tiennent  compte des travaux.<br>Motif : travaux.</p>";20220220T184009;Transilien Train Transilien H;26043e7a-9274-11ec-a384-005056a47b86;travaux
future;Incidents;30;perturbée;SIGNIFICANT_DELAYS;20220817T220000;20220818T020000;26043e7a-9274-11ec-a384-005056a47b86;" / Ligne H : Paris - Persan via Montsoult 03/01-16/12 / <p>Période : en soirée<br>Dates : du lundi 03 janvier au vendredi 16 décembre 2022, sauf les week-ends.<br>Le trafic est interrompu entre Paris Gare du Nord et Persan - Beaumont via Montsoult - Maffliers.<br>Un service de bus de remplacement est mis en place, avec desserte des gares intermédiaires.<br><a href=""https://www.transilien.com/sites/transilien/files/sentinelle-20220103-h-pno-sll-peb-0301-1612.pdf"" target=""""><br>Pour plus d'informations, cliquez ici pour télécharger l'affiche PDF</a>.<br>Les horaires du calculateur d'itinéraire  tiennent  compte des travaux.<br>Motif : travaux.</p>";20220220T184009;Transilien Train Transilien H;26043e7a-9274-11ec-a384-005056a47b86;travaux
future;Incidents;30;perturbée;SIGNIFICANT_DELAYS;20220113T220000;20220114T020000;26043e7a-9274-11ec-a384-005056a47b86;" / Ligne H : Paris - Persan via Montsoult 03/01-16/12 / <p>Période : en soirée<br>Dates : du lundi 03 janvier au vendredi 16 décembre 2022, sauf les week-ends.<br>Le trafic est interrompu entre Paris Gare du Nord et Persan - Beaumont via Montsoult - Maffliers.<br>Un service de bus de remplacement est mis en place, avec desserte des gares intermédiaires.<br><a href=""https://www.transilien.com/sites/transilien/files/sentinelle-20220103-h-pno-sll-peb-0301-1612.pdf"" target=""""><br>Pour plus d'informations, cliquez ici pour télécharger l'affiche PDF</a>.<br>Les horaires du calculateur d'itinéraire  tiennent  compte des travaux.<br>Motif : travaux.</p>";20220220T184009;Transilien Train Transilien H;26043e7a-9274-11ec-a384-005056a47b86;travaux
future;Incidents;30;perturbée;SIGNIFICANT_DELAYS;20220221T220000;20220222T020000;26043e7a-9274-11ec-a384-005056a47b86;" / Ligne H : Paris - Persan via Montsoult 03/01-16/12 / <p>Période : en soirée<br>Dates : du lundi 03 janvier au vendredi 16 décembre 2022, sauf les week-ends.<br>Le trafic est interrompu entre Paris Gare du Nord et Persan - Beaumont via Montsoult - Maffliers.<br>Un service de bus de remplacement est mis en place, avec desserte des gares intermédiaires.<br><a href=""https://www.transilien.com/sites/transilien/files/sentinelle-20220103-h-pno-sll-peb-0301-1612.pdf"" target=""""><br>Pour plus d'informations, cliquez ici pour télécharger l'affiche PDF</a>.<br>Les horaires du calculateur d'itinéraire  tiennent  compte des travaux.<br>Motif : travaux.</p>";20220220T184009;Transilien Train Transilien H;26043e7a-9274-11ec-a384-005056a47b86;travaux
future;Incidents;30;perturbée;SIGNIFICANT_DELAYS;20220620T220000;20220621T020000;26043e7a-9274-11ec-a384-005056a47b86;" / Ligne H : Paris - Persan via Montsoult 03/01-16/12 / <p>Période : en soirée<br>Dates : du lundi 03 janvier au vendredi 16 décembre 2022, sauf les week-ends.<br>Le trafic est interrompu entre Paris Gare du Nord et Persan - Beaumont via Montsoult - Maffliers.<br>Un service de bus de remplacement est mis en place, avec desserte des gares intermédiaires.<br><a href=""https://www.transilien.com/sites/transilien/files/sentinelle-20220103-h-pno-sll-peb-0301-1612.pdf"" target=""""><br>Pour plus d'informations, cliquez ici pour télécharger l'affiche PDF</a>.<br>Les horaires du calculateur d'itinéraire  tiennent  compte des travaux.<br>Motif : travaux.</p>";20220220T184009;Transilien Train Transilien H;26043e7a-9274-11ec-a384-005056a47b86;travaux
future;Incidents;30;perturbée;SIGNIFICANT_DELAYS;20220112T220000;20220113T020000;26043e7a-9274-11ec-a384-005056a47b86;" / Ligne H : Paris - Persan via Montsoult 03/01-16/12 / <p>Période : en soirée<br>Dates : du lundi 03 janvier au vendredi 16 décembre 2022, sauf les week-ends.<br>Le trafic est interrompu entre Paris Gare du Nord et Persan - Beaumont via Montsoult - Maffliers.<br>Un service de bus de remplacement est mis en place, avec desserte des gares intermédiaires.<br><a href=""https://www.transilien.com/sites/transilien/files/sentinelle-20220103-h-pno-sll-peb-0301-1612.pdf"" target=""""><br>Pour plus d'informations, cliquez ici pour télécharger l'affiche PDF</a>.<br>Les horaires du calculateur d'itinéraire  tiennent  compte des travaux.<br>Motif : travaux.</p>";20220220T184009;Transilien Train Transilien H;26043e7a-9274-11ec-a384-005056a47b86;travaux
future;Incidents;30;perturbée;SIGNIFICANT_DELAYS;20220511T220000;20220512T020000;26043e7a-9274-11ec-a384-005056a47b86;" / Ligne H : Paris - Persan via Montsoult 03/01-16/12 / <p>Période : en soirée<br>Dates : du lundi 03 janvier au vendredi 16 décembre 2022, sauf les week-ends.<br>Le trafic est interrompu entre Paris Gare du Nord et Persan - Beaumont via Montsoult - Maffliers.<br>Un service de bus de remplacement est mis en place, avec desserte des gares intermédiaires.<br><a href=""https://www.transilien.com/sites/transilien/files/sentinelle-20220103-h-pno-sll-peb-0301-1612.pdf"" target=""""><br>Pour plus d'informations, cliquez ici pour télécharger l'affiche PDF</a>.<br>Les horaires du calculateur d'itinéraire  tiennent  compte des travaux.<br>Motif : travaux.</p>";20220220T184009;Transilien Train Transilien H;26043e7a-9274-11ec-a384-005056a47b86;travaux
future;Incidents;30;perturbée;SIGNIFICANT_DELAYS;20220923T220000;20220924T020000;26043e7a-9274-11ec-a384-005056a47b86;" / Ligne H : Paris - Persan via Montsoult 03/01-16/12 / <p>Période : en soirée<br>Dates : du lundi 03 janvier au vendredi 16 décembre 2022, sauf les week-ends.<br>Le trafic est interrompu entre Paris Gare du Nord et Persan - Beaumont via Montsoult - Maffliers.<br>Un service de bus de remplacement est mis en place, avec desserte des gares intermédiaires.<br><a href=""https://www.transilien.com/sites/transilien/files/sentinelle-20220103-h-pno-sll-peb-0301-1612.pdf"" target=""""><br>Pour plus d'informations, cliquez ici pour télécharger l'affiche PDF</a>.<br>Les horaires du calculateur d'itinéraire  tiennent  compte des travaux.<br>Motif : travaux.</p>";20220220T184009;Transilien Train Transilien H;26043e7a-9274-11ec-a384-005056a47b86;travaux
future;Incidents;30;perturbée;SIGNIFICANT_DELAYS;20220822T220000;20220823T020000;26043e7a-9274-11ec-a384-005056a47b86;" / Ligne H : Paris - Persan via Montsoult 03/01-16/12 / <p>Période : en soirée<br>Dates : du lundi 03 janvier au vendredi 16 décembre 2022, sauf les week-ends.<br>Le trafic est interrompu entre Paris Gare du Nord et Persan - Beaumont via Montsoult - Maffliers.<br>Un service de bus de remplacement est mis en place, avec desserte des gares intermédiaires.<br><a href=""https://www.transilien.com/sites/transilien/files/sentinelle-20220103-h-pno-sll-peb-0301-1612.pdf"" target=""""><br>Pour plus d'informations, cliquez ici pour télécharger l'affiche PDF</a>.<br>Les horaires du calculateur d'itinéraire  tiennent  compte des travaux.<br>Motif : travaux.</p>";20220220T184009;Transilien Train Transilien H;26043e7a-9274-11ec-a384-005056a47b86;travaux
future;Incidents;30;perturbée;SIGNIFICANT_DELAYS;20220512T220000;20220513T020000;26043e7a-9274-11ec-a384-005056a47b86;" / Ligne H : Paris - Persan via Montsoult 03/01-16/12 / <p>Période : en soirée<br>Dates : du lundi 03 janvier au vendredi 16 décembre 2022, sauf les week-ends.<br>Le trafic est interrompu entre Paris Gare du Nord et Persan - Beaumont via Montsoult - Maffliers.<br>Un service de bus de remplacement est mis en place, avec desserte des gares intermédiaires.<br><a href=""https://www.transilien.com/sites/transilien/files/sentinelle-20220103-h-pno-sll-peb-0301-1612.pdf"" target=""""><br>Pour plus d'informations, cliquez ici pour télécharger l'affiche PDF</a>.<br>Les horaires du calculateur d'itinéraire  tiennent  compte des travaux.<br>Motif : travaux.</p>";20220220T184009;Transilien Train Transilien H;26043e7a-9274-11ec-a384-005056a47b86;travaux
future;Incidents;30;perturbée;SIGNIFICANT_DELAYS;20220119T220000;20220120T020000;26043e7a-9274-11ec-a384-005056a47b86;" / Ligne H : Paris - Persan via Montsoult 03/01-16/12 / <p>Période : en soirée<br>Dates : du lundi 03 janvier au vendredi 16 décembre 2022, sauf les week-ends.<br>Le trafic est interrompu entre Paris Gare du Nord et Persan - Beaumont via Montsoult - Maffliers.<br>Un service de bus de remplacement est mis en place, avec desserte des gares intermédiaires.<br><a href=""https://www.transilien.com/sites/transilien/files/sentinelle-20220103-h-pno-sll-peb-0301-1612.pdf"" target=""""><br>Pour plus d'informations, cliquez ici pour télécharger l'affiche PDF</a>.<br>Les horaires du calculateur d'itinéraire  tiennent  compte des travaux.<br>Motif : travaux.</p>";20220220T184009;Transilien Train Transilien H;26043e7a-9274-11ec-a384-005056a47b86;travaux
future;Incidents;30;perturbée;SIGNIFICANT_DELAYS;20220104T220000;20220105T020000;26043e7a-9274-11ec-a384-005056a47b86;" / Ligne H : Paris - Persan via Montsoult 03/01-16/12 / <p>Période : en soirée<br>Dates : du lundi 03 janvier au vendredi 16 décembre 2022, sauf les week-ends.<br>Le trafic est interrompu entre Paris Gare du Nord et Persan - Beaumont via Montsoult - Maffliers.<br>Un service de bus de remplacement est mis en place, avec desserte des gares intermédiaires.<br><a href=""https://www.transilien.com/sites/transilien/files/sentinelle-20220103-h-pno-sll-peb-0301-1612.pdf"" target=""""><br>Pour plus d'informations, cliquez ici pour télécharger l'affiche PDF</a>.<br>Les horaires du calculateur d'itinéraire  tiennent  compte des travaux.<br>Motif : travaux.</p>";20220220T184009;Transilien Train Transilien H;26043e7a-9274-11ec-a384-005056a47b86;travaux
future;Incidents;30;perturbée;SIGNIFICANT_DELAYS;20220217T220000;20220218T020000;26043e7a-9274-11ec-a384-005056a47b86;" / Ligne H : Paris - Persan via Montsoult 03/01-16/12 / <p>Période : en soirée<br>Dates : du lundi 03 janvier au vendredi 16 décembre 2022, sauf les week-ends.<br>Le trafic est interrompu entre Paris Gare du Nord et Persan - Beaumont via Montsoult - Maffliers.<br>Un service de bus de remplacement est mis en place, avec desserte des gares intermédiaires.<br><a href=""https://www.transilien.com/sites/transilien/files/sentinelle-20220103-h-pno-sll-peb-0301-1612.pdf"" target=""""><br>Pour plus d'informations, cliquez ici pour télécharger l'affiche PDF</a>.<br>Les horaires du calculateur d'itinéraire  tiennent  compte des travaux.<br>Motif : travaux.</p>";20220220T184009;Transilien Train Transilien H;26043e7a-9274-11ec-a384-005056a47b86;travaux
future;Incidents;30;perturbée;SIGNIFICANT_DELAYS;20220118T220000;20220119T020000;26043e7a-9274-11ec-a384-005056a47b86;" / Ligne H : Paris - Persan via Montsoult 03/01-16/12 / <p>Période : en soirée<br>Dates : du lundi 03 janvier au vendredi 16 décembre 2022, sauf les week-ends.<br>Le trafic est interrompu entre Paris Gare du Nord et Persan - Beaumont via Montsoult - Maffliers.<br>Un service de bus de remplacement est mis en place, avec desserte des gares intermédiaires.<br><a href=""https://www.transilien.com/sites/transilien/files/sentinelle-20220103-h-pno-sll-peb-0301-1612.pdf"" target=""""><br>Pour plus d'informations, cliquez ici pour télécharger l'affiche PDF</a>.<br>Les horaires du calculateur d'itinéraire  tiennent  compte des travaux.<br>Motif : travaux.</p>";20220220T184009;Transilien Train Transilien H;26043e7a-9274-11ec-a384-005056a47b86;travaux
future;Incidents;30;perturbée;SIGNIFICANT_DELAYS;20220707T220000;20220708T020000;26043e7a-9274-11ec-a384-005056a47b86;" / Ligne H : Paris - Persan via Montsoult 03/01-16/12 / <p>Période : en soirée<br>Dates : du lundi 03 janvier au vendredi 16 décembre 2022, sauf les week-ends.<br>Le trafic est interrompu entre Paris Gare du Nord et Persan - Beaumont via Montsoult - Maffliers.<br>Un service de bus de remplacement est mis en place, avec desserte des gares intermédiaires.<br><a href=""https://www.transilien.com/sites/transilien/files/sentinelle-20220103-h-pno-sll-peb-0301-1612.pdf"" target=""""><br>Pour plus d'informations, cliquez ici pour télécharger l'affiche PDF</a>.<br>Les horaires du calculateur d'itinéraire  tiennent  compte des travaux.<br>Motif : travaux.</p>";20220220T184009;Transilien Train Transilien H;26043e7a-9274-11ec-a384-005056a47b86;travaux
future;Incidents;30;perturbée;SIGNIFICANT_DELAYS;20220902T220000;20220903T020000;26043e7a-9274-11ec-a384-005056a47b86;" / Ligne H : Paris - Persan via Montsoult 03/01-16/12 / <p>Période : en soirée<br>Dates : du lundi 03 janvier au vendredi 16 décembre 2022, sauf les week-ends.<br>Le trafic est interrompu entre Paris Gare du Nord et Persan - Beaumont via Montsoult - Maffliers.<br>Un service de bus de remplacement est mis en place, avec desserte des gares intermédiaires.<br><a href=""https://www.transilien.com/sites/transilien/files/sentinelle-20220103-h-pno-sll-peb-0301-1612.pdf"" target=""""><br>Pour plus d'informations, cliquez ici pour télécharger l'affiche PDF</a>.<br>Les horaires du calculateur d'itinéraire  tiennent  compte des travaux.<br>Motif : travaux.</p>";20220220T184009;Transilien Train Transilien H;26043e7a-9274-11ec-a384-005056a47b86;travaux
future;Incidents;30;perturbée;SIGNIFICANT_DELAYS;20220228T220000;20220301T020000;26043e7a-9274-11ec-a384-005056a47b86;" / Ligne H : Paris - Persan via Montsoult 03/01-16/12 / <p>Période : en soirée<br>Dates : du lundi 03 janvier au vendredi 16 décembre 2022, sauf les week-ends.<br>Le trafic est interrompu entre Paris Gare du Nord et Persan - Beaumont via Montsoult - Maffliers.<br>Un service de bus de remplacement est mis en place, avec desserte des gares intermédiaires.<br><a href=""https://www.transilien.com/sites/transilien/files/sentinelle-20220103-h-pno-sll-peb-0301-1612.pdf"" target=""""><br>Pour plus d'informations, cliquez ici pour télécharger l'affiche PDF</a>.<br>Les horaires du calculateur d'itinéraire  tiennent  compte des travaux.<br>Motif : travaux.</p>";20220220T184009;Transilien Train Transilien H;26043e7a-9274-11ec-a384-005056a47b86;travaux
future;Incidents;30;perturbée;SIGNIFICANT_DELAYS;20220120T220000;20220121T020000;26043e7a-9274-11ec-a384-005056a47b86;" / Ligne H : Paris - Persan via Montsoult 03/01-16/12 / <p>Période : en soirée<br>Dates : du lundi 03 janvier au vendredi 16 décembre 2022, sauf les week-ends.<br>Le trafic est interrompu entre Paris Gare du Nord et Persan - Beaumont via Montsoult - Maffliers.<br>Un service de bus de remplacement est mis en place, avec desserte des gares intermédiaires.<br><a href=""https://www.transilien.com/sites/transilien/files/sentinelle-20220103-h-pno-sll-peb-0301-1612.pdf"" target=""""><br>Pour plus d'informations, cliquez ici pour télécharger l'affiche PDF</a>.<br>Les horaires du calculateur d'itinéraire  tiennent  compte des travaux.<br>Motif : travaux.</p>";20220220T184009;Transilien Train Transilien H;26043e7a-9274-11ec-a384-005056a47b86;travaux
future;Incidents;30;perturbée;SIGNIFICANT_DELAYS;20220516T220000;20220517T020000;26043e7a-9274-11ec-a384-005056a47b86;" / Ligne H : Paris - Persan via Montsoult 03/01-16/12 / <p>Période : en soirée<br>Dates : du lundi 03 janvier au vendredi 16 décembre 2022, sauf les week-ends.<br>Le trafic est interrompu entre Paris Gare du Nord et Persan - Beaumont via Montsoult - Maffliers.<br>Un service de bus de remplacement est mis en place, avec desserte des gares intermédiaires.<br><a href=""https://www.transilien.com/sites/transilien/files/sentinelle-20220103-h-pno-sll-peb-0301-1612.pdf"" target=""""><br>Pour plus d'informations, cliquez ici pour télécharger l'affiche PDF</a>.<br>Les horaires du calculateur d'itinéraire  tiennent  compte des travaux.<br>Motif : travaux.</p>";20220220T184009;Transilien Train Transilien H;26043e7a-9274-11ec-a384-005056a47b86;travaux
future;Incidents;30;perturbée;SIGNIFICANT_DELAYS;20220823T220000;20220824T020000;26043e7a-9274-11ec-a384-005056a47b86;" / Ligne H : Paris - Persan via Montsoult 03/01-16/12 / <p>Période : en soirée<br>Dates : du lundi 03 janvier au vendredi 16 décembre 2022, sauf les week-ends.<br>Le trafic est interrompu entre Paris Gare du Nord et Persan - Beaumont via Montsoult - Maffliers.<br>Un service de bus de remplacement est mis en place, avec desserte des gares intermédiaires.<br><a href=""https://www.transilien.com/sites/transilien/files/sentinelle-20220103-h-pno-sll-peb-0301-1612.pdf"" target=""""><br>Pour plus d'informations, cliquez ici pour télécharger l'affiche PDF</a>.<br>Les horaires du calculateur d'itinéraire  tiennent  compte des travaux.<br>Motif : travaux.</p>";20220220T184009;Transilien Train Transilien H;26043e7a-9274-11ec-a384-005056a47b86;travaux
future;Incidents;30;perturbée;SIGNIFICANT_DELAYS;20220103T220000;20220104T020000;26043e7a-9274-11ec-a384-005056a47b86;" / Ligne H : Paris - Persan via Montsoult 03/01-16/12 / <p>Période : en soirée<br>Dates : du lundi 03 janvier au vendredi 16 décembre 2022, sauf les week-ends.<br>Le trafic est interrompu entre Paris Gare du Nord et Persan - Beaumont via Montsoult - Maffliers.<br>Un service de bus de remplacement est mis en place, avec desserte des gares intermédiaires.<br><a href=""https://www.transilien.com/sites/transilien/files/sentinelle-20220103-h-pno-sll-peb-0301-1612.pdf"" target=""""><br>Pour plus d'informations, cliquez ici pour télécharger l'affiche PDF</a>.<br>Les horaires du calculateur d'itinéraire  tiennent  compte des travaux.<br>Motif : travaux.</p>";20220220T184009;Transilien Train Transilien H;26043e7a-9274-11ec-a384-005056a47b86;travaux
future;Incidents;30;perturbée;SIGNIFICANT_DELAYS;20220628T220000;20220629T020000;26043e7a-9274-11ec-a384-005056a47b86;" / Ligne H : Paris - Persan via Montsoult 03/01-16/12 / <p>Période : en soirée<br>Dates : du lundi 03 janvier au vendredi 16 décembre 2022, sauf les week-ends.<br>Le trafic est interrompu entre Paris Gare du Nord et Persan - Beaumont via Montsoult - Maffliers.<br>Un service de bus de remplacement est mis en place, avec desserte des gares intermédiaires.<br><a href=""https://www.transilien.com/sites/transilien/files/sentinelle-20220103-h-pno-sll-peb-0301-1612.pdf"" target=""""><br>Pour plus d'informations, cliquez ici pour télécharger l'affiche PDF</a>.<br>Les horaires du calculateur d'itinéraire  tiennent  compte des travaux.<br>Motif : travaux.</p>";20220220T184009;Transilien Train Transilien H;26043e7a-9274-11ec-a384-005056a47b86;travaux
future;Incidents;30;perturbée;SIGNIFICANT_DELAYS;20220906T220000;20220907T020000;26043e7a-9274-11ec-a384-005056a47b86;" / Ligne H : Paris - Persan via Montsoult 03/01-16/12 / <p>Période : en soirée<br>Dates : du lundi 03 janvier au vendredi 16 décembre 2022, sauf les week-ends.<br>Le trafic est interrompu entre Paris Gare du Nord et Persan - Beaumont via Montsoult - Maffliers.<br>Un service de bus de remplacement est mis en place, avec desserte des gares intermédiaires.<br><a href=""https://www.transilien.com/sites/transilien/files/sentinelle-20220103-h-pno-sll-peb-0301-1612.pdf"" target=""""><br>Pour plus d'informations, cliquez ici pour télécharger l'affiche PDF</a>.<br>Les horaires du calculateur d'itinéraire  tiennent  compte des travaux.<br>Motif : travaux.</p>";20220220T184009;Transilien Train Transilien H;26043e7a-9274-11ec-a384-005056a47b86;travaux
future;Incidents;30;perturbée;SIGNIFICANT_DELAYS;20220617T220000;20220618T020000;26043e7a-9274-11ec-a384-005056a47b86;" / Ligne H : Paris - Persan via Montsoult 03/01-16/12 / <p>Période : en soirée<br>Dates : du lundi 03 janvier au vendredi 16 décembre 2022, sauf les week-ends.<br>Le trafic est interrompu entre Paris Gare du Nord et Persan - Beaumont via Montsoult - Maffliers.<br>Un service de bus de remplacement est mis en place, avec desserte des gares intermédiaires.<br><a href=""https://www.transilien.com/sites/transilien/files/sentinelle-20220103-h-pno-sll-peb-0301-1612.pdf"" target=""""><br>Pour plus d'informations, cliquez ici pour télécharger l'affiche PDF</a>.<br>Les horaires du calculateur d'itinéraire  tiennent  compte des travaux.<br>Motif : travaux.</p>";20220220T184009;Transilien Train Transilien H;26043e7a-9274-11ec-a384-005056a47b86;travaux
future;Incidents;30;perturbée;SIGNIFICANT_DELAYS;20220310T220000;20220311T020000;26043e7a-9274-11ec-a384-005056a47b86;" / Ligne H : Paris - Persan via Montsoult 03/01-16/12 / <p>Période : en soirée<br>Dates : du lundi 03 janvier au vendredi 16 décembre 2022, sauf les week-ends.<br>Le trafic est interrompu entre Paris Gare du Nord et Persan - Beaumont via Montsoult - Maffliers.<br>Un service de bus de remplacement est mis en place, avec desserte des gares intermédiaires.<br><a href=""https://www.transilien.com/sites/transilien/files/sentinelle-20220103-h-pno-sll-peb-0301-1612.pdf"" target=""""><br>Pour plus d'informations, cliquez ici pour télécharger l'affiche PDF</a>.<br>Les horaires du calculateur d'itinéraire  tiennent  compte des travaux.<br>Motif : travaux.</p>";20220220T184009;Transilien Train Transilien H;26043e7a-9274-11ec-a384-005056a47b86;travaux
future;Incidents;30;perturbée;SIGNIFICANT_DELAYS;20220621T220000;20220622T020000;26043e7a-9274-11ec-a384-005056a47b86;" / Ligne H : Paris - Persan via Montsoult 03/01-16/12 / <p>Période : en soirée<br>Dates : du lundi 03 janvier au vendredi 16 décembre 2022, sauf les week-ends.<br>Le trafic est interrompu entre Paris Gare du Nord et Persan - Beaumont via Montsoult - Maffliers.<br>Un service de bus de remplacement est mis en place, avec desserte des gares intermédiaires.<br><a href=""https://www.transilien.com/sites/transilien/files/sentinelle-20220103-h-pno-sll-peb-0301-1612.pdf"" target=""""><br>Pour plus d'informations, cliquez ici pour télécharger l'affiche PDF</a>.<br>Les horaires du calculateur d'itinéraire  tiennent  compte des travaux.<br>Motif : travaux.</p>";20220220T184009;Transilien Train Transilien H;26043e7a-9274-11ec-a384-005056a47b86;travaux
future;Incidents;30;perturbée;SIGNIFICANT_DELAYS;20220214T220000;20220215T020000;26043e7a-9274-11ec-a384-005056a47b86;" / Ligne H : Paris - Persan via Montsoult 03/01-16/12 / <p>Période : en soirée<br>Dates : du lundi 03 janvier au vendredi 16 décembre 2022, sauf les week-ends.<br>Le trafic est interrompu entre Paris Gare du Nord et Persan - Beaumont via Montsoult - Maffliers.<br>Un service de bus de remplacement est mis en place, avec desserte des gares intermédiaires.<br><a href=""https://www.transilien.com/sites/transilien/files/sentinelle-20220103-h-pno-sll-peb-0301-1612.pdf"" target=""""><br>Pour plus d'informations, cliquez ici pour télécharger l'affiche PDF</a>.<br>Les horaires du calculateur d'itinéraire  tiennent  compte des travaux.<br>Motif : travaux.</p>";20220220T184009;Transilien Train Transilien H;26043e7a-9274-11ec-a384-005056a47b86;travaux
future;Incidents;30;perturbée;SIGNIFICANT_DELAYS;20220211T220000;20220212T020000;26043e7a-9274-11ec-a384-005056a47b86;" / Ligne H : Paris - Persan via Montsoult 03/01-16/12 / <p>Période : en soirée<br>Dates : du lundi 03 janvier au vendredi 16 décembre 2022, sauf les week-ends.<br>Le trafic est interrompu entre Paris Gare du Nord et Persan - Beaumont via Montsoult - Maffliers.<br>Un service de bus de remplacement est mis en place, avec desserte des gares intermédiaires.<br><a href=""https://www.transilien.com/sites/transilien/files/sentinelle-20220103-h-pno-sll-peb-0301-1612.pdf"" target=""""><br>Pour plus d'informations, cliquez ici pour télécharger l'affiche PDF</a>.<br>Les horaires du calculateur d'itinéraire  tiennent  compte des travaux.<br>Motif : travaux.</p>";20220220T184009;Transilien Train Transilien H;26043e7a-9274-11ec-a384-005056a47b86;travaux
future;Incidents;30;perturbée;SIGNIFICANT_DELAYS;20220210T220000;20220211T020000;26043e7a-9274-11ec-a384-005056a47b86;" / Ligne H : Paris - Persan via Montsoult 03/01-16/12 / <p>Période : en soirée<br>Dates : du lundi 03 janvier au vendredi 16 décembre 2022, sauf les week-ends.<br>Le trafic est interrompu entre Paris Gare du Nord et Persan - Beaumont via Montsoult - Maffliers.<br>Un service de bus de remplacement est mis en place, avec desserte des gares intermédiaires.<br><a href=""https://www.transilien.com/sites/transilien/files/sentinelle-20220103-h-pno-sll-peb-0301-1612.pdf"" target=""""><br>Pour plus d'informations, cliquez ici pour télécharger l'affiche PDF</a>.<br>Les horaires du calculateur d'itinéraire  tiennent  compte des travaux.<br>Motif : travaux.</p>";20220220T184009;Transilien Train Transilien H;26043e7a-9274-11ec-a384-005056a47b86;travaux
future;Incidents;30;perturbée;SIGNIFICANT_DELAYS;20220209T220000;20220210T020000;26043e7a-9274-11ec-a384-005056a47b86;" / Ligne H : Paris - Persan via Montsoult 03/01-16/12 / <p>Période : en soirée<br>Dates : du lundi 03 janvier au vendredi 16 décembre 2022, sauf les week-ends.<br>Le trafic est interrompu entre Paris Gare du Nord et Persan - Beaumont via Montsoult - Maffliers.<br>Un service de bus de remplacement est mis en place, avec desserte des gares intermédiaires.<br><a href=""https://www.transilien.com/sites/transilien/files/sentinelle-20220103-h-pno-sll-peb-0301-1612.pdf"" target=""""><br>Pour plus d'informations, cliquez ici pour télécharger l'affiche PDF</a>.<br>Les horaires du calculateur d'itinéraire  tiennent  compte des travaux.<br>Motif : travaux.</p>";20220220T184009;Transilien Train Transilien H;26043e7a-9274-11ec-a384-005056a47b86;travaux
future;Incidents;30;perturbée;SIGNIFICANT_DELAYS;20220204T220000;20220205T020000;26043e7a-9274-11ec-a384-005056a47b86;" / Ligne H : Paris - Persan via Montsoult 03/01-16/12 / <p>Période : en soirée<br>Dates : du lundi 03 janvier au vendredi 16 décembre 2022, sauf les week-ends.<br>Le trafic est interrompu entre Paris Gare du Nord et Persan - Beaumont via Montsoult - Maffliers.<br>Un service de bus de remplacement est mis en place, avec desserte des gares intermédiaires.<br><a href=""https://www.transilien.com/sites/transilien/files/sentinelle-20220103-h-pno-sll-peb-0301-1612.pdf"" target=""""><br>Pour plus d'informations, cliquez ici pour télécharger l'affiche PDF</a>.<br>Les horaires du calculateur d'itinéraire  tiennent  compte des travaux.<br>Motif : travaux.</p>";20220220T184009;Transilien Train Transilien H;26043e7a-9274-11ec-a384-005056a47b86;travaux
future;Incidents;30;perturbée;SIGNIFICANT_DELAYS;20220921T220000;20220922T020000;26043e7a-9274-11ec-a384-005056a47b86;" / Ligne H : Paris - Persan via Montsoult 03/01-16/12 / <p>Période : en soirée<br>Dates : du lundi 03 janvier au vendredi 16 décembre 2022, sauf les week-ends.<br>Le trafic est interrompu entre Paris Gare du Nord et Persan - Beaumont via Montsoult - Maffliers.<br>Un service de bus de remplacement est mis en place, avec desserte des gares intermédiaires.<br><a href=""https://www.transilien.com/sites/transilien/files/sentinelle-20220103-h-pno-sll-peb-0301-1612.pdf"" target=""""><br>Pour plus d'informations, cliquez ici pour télécharger l'affiche PDF</a>.<br>Les horaires du calculateur d'itinéraire  tiennent  compte des travaux.<br>Motif : travaux.</p>";20220220T184009;Transilien Train Transilien H;26043e7a-9274-11ec-a384-005056a47b86;travaux
future;Incidents;30;perturbée;SIGNIFICANT_DELAYS;20220201T220000;20220202T020000;26043e7a-9274-11ec-a384-005056a47b86;" / Ligne H : Paris - Persan via Montsoult 03/01-16/12 / <p>Période : en soirée<br>Dates : du lundi 03 janvier au vendredi 16 décembre 2022, sauf les week-ends.<br>Le trafic est interrompu entre Paris Gare du Nord et Persan - Beaumont via Montsoult - Maffliers.<br>Un service de bus de remplacement est mis en place, avec desserte des gares intermédiaires.<br><a href=""https://www.transilien.com/sites/transilien/files/sentinelle-20220103-h-pno-sll-peb-0301-1612.pdf"" target=""""><br>Pour plus d'informations, cliquez ici pour télécharger l'affiche PDF</a>.<br>Les horaires du calculateur d'itinéraire  tiennent  compte des travaux.<br>Motif : travaux.</p>";20220220T184009;Transilien Train Transilien H;26043e7a-9274-11ec-a384-005056a47b86;travaux
future;Incidents;30;perturbée;SIGNIFICANT_DELAYS;20220125T220000;20220126T020000;26043e7a-9274-11ec-a384-005056a47b86;" / Ligne H : Paris - Persan via Montsoult 03/01-16/12 / <p>Période : en soirée<br>Dates : du lundi 03 janvier au vendredi 16 décembre 2022, sauf les week-ends.<br>Le trafic est interrompu entre Paris Gare du Nord et Persan - Beaumont via Montsoult - Maffliers.<br>Un service de bus de remplacement est mis en place, avec desserte des gares intermédiaires.<br><a href=""https://www.transilien.com/sites/transilien/files/sentinelle-20220103-h-pno-sll-peb-0301-1612.pdf"" target=""""><br>Pour plus d'informations, cliquez ici pour télécharger l'affiche PDF</a>.<br>Les horaires du calculateur d'itinéraire  tiennent  compte des travaux.<br>Motif : travaux.</p>";20220220T184009;Transilien Train Transilien H;26043e7a-9274-11ec-a384-005056a47b86;travaux
future;Incidents;30;perturbée;SIGNIFICANT_DELAYS;20220919T220000;20220920T020000;26043e7a-9274-11ec-a384-005056a47b86;" / Ligne H : Paris - Persan via Montsoult 03/01-16/12 / <p>Période : en soirée<br>Dates : du lundi 03 janvier au vendredi 16 décembre 2022, sauf les week-ends.<br>Le trafic est interrompu entre Paris Gare du Nord et Persan - Beaumont via Montsoult - Maffliers.<br>Un service de bus de remplacement est mis en place, avec desserte des gares intermédiaires.<br><a href=""https://www.transilien.com/sites/transilien/files/sentinelle-20220103-h-pno-sll-peb-0301-1612.pdf"" target=""""><br>Pour plus d'informations, cliquez ici pour télécharger l'affiche PDF</a>.<br>Les horaires du calculateur d'itinéraire  tiennent  compte des travaux.<br>Motif : travaux.</p>";20220220T184009;Transilien Train Transilien H;26043e7a-9274-11ec-a384-005056a47b86;travaux
future;Incidents;30;perturbée;SIGNIFICANT_DELAYS;20220107T220000;20220108T020000;26043e7a-9274-11ec-a384-005056a47b86;" / Ligne H : Paris - Persan via Montsoult 03/01-16/12 / <p>Période : en soirée<br>Dates : du lundi 03 janvier au vendredi 16 décembre 2022, sauf les week-ends.<br>Le trafic est interrompu entre Paris Gare du Nord et Persan - Beaumont via Montsoult - Maffliers.<br>Un service de bus de remplacement est mis en place, avec desserte des gares intermédiaires.<br><a href=""https://www.transilien.com/sites/transilien/files/sentinelle-20220103-h-pno-sll-peb-0301-1612.pdf"" target=""""><br>Pour plus d'informations, cliquez ici pour télécharger l'affiche PDF</a>.<br>Les horaires du calculateur d'itinéraire  tiennent  compte des travaux.<br>Motif : travaux.</p>";20220220T184009;Transilien Train Transilien H;26043e7a-9274-11ec-a384-005056a47b86;travaux
future;Incidents;30;perturbée;SIGNIFICANT_DELAYS;20220106T220000;20220107T020000;26043e7a-9274-11ec-a384-005056a47b86;" / Ligne H : Paris - Persan via Montsoult 03/01-16/12 / <p>Période : en soirée<br>Dates : du lundi 03 janvier au vendredi 16 décembre 2022, sauf les week-ends.<br>Le trafic est interrompu entre Paris Gare du Nord et Persan - Beaumont via Montsoult - Maffliers.<br>Un service de bus de remplacement est mis en place, avec desserte des gares intermédiaires.<br><a href=""https://www.transilien.com/sites/transilien/files/sentinelle-20220103-h-pno-sll-peb-0301-1612.pdf"" target=""""><br>Pour plus d'informations, cliquez ici pour télécharger l'affiche PDF</a>.<br>Les horaires du calculateur d'itinéraire  tiennent  compte des travaux.<br>Motif : travaux.</p>";20220220T184009;Transilien Train Transilien H;26043e7a-9274-11ec-a384-005056a47b86;travaux
future;Incidents;30;perturbée;SIGNIFICANT_DELAYS;20220715T220000;20220716T020000;26043e7a-9274-11ec-a384-005056a47b86;" / Ligne H : Paris - Persan via Montsoult 03/01-16/12 / <p>Période : en soirée<br>Dates : du lundi 03 janvier au vendredi 16 décembre 2022, sauf les week-ends.<br>Le trafic est interrompu entre Paris Gare du Nord et Persan - Beaumont via Montsoult - Maffliers.<br>Un service de bus de remplacement est mis en place, avec desserte des gares intermédiaires.<br><a href=""https://www.transilien.com/sites/transilien/files/sentinelle-20220103-h-pno-sll-peb-0301-1612.pdf"" target=""""><br>Pour plus d'informations, cliquez ici pour télécharger l'affiche PDF</a>.<br>Les horaires du calculateur d'itinéraire  tiennent  compte des travaux.<br>Motif : travaux.</p>";20220220T184009;Transilien Train Transilien H;26043e7a-9274-11ec-a384-005056a47b86;travaux
future;Incidents;30;perturbée;SIGNIFICANT_DELAYS;20220719T220000;20220720T020000;26043e7a-9274-11ec-a384-005056a47b86;" / Ligne H : Paris - Persan via Montsoult 03/01-16/12 / <p>Période : en soirée<br>Dates : du lundi 03 janvier au vendredi 16 décembre 2022, sauf les week-ends.<br>Le trafic est interrompu entre Paris Gare du Nord et Persan - Beaumont via Montsoult - Maffliers.<br>Un service de bus de remplacement est mis en place, avec desserte des gares intermédiaires.<br><a href=""https://www.transilien.com/sites/transilien/files/sentinelle-20220103-h-pno-sll-peb-0301-1612.pdf"" target=""""><br>Pour plus d'informations, cliquez ici pour télécharger l'affiche PDF</a>.<br>Les horaires du calculateur d'itinéraire  tiennent  compte des travaux.<br>Motif : travaux.</p>";20220220T184009;Transilien Train Transilien H;26043e7a-9274-11ec-a384-005056a47b86;travaux
future;Incidents;30;perturbée;SIGNIFICANT_DELAYS;20220721T220000;20220722T020000;26043e7a-9274-11ec-a384-005056a47b86;" / Ligne H : Paris - Persan via Montsoult 03/01-16/12 / <p>Période : en soirée<br>Dates : du lundi 03 janvier au vendredi 16 décembre 2022, sauf les week-ends.<br>Le trafic est interrompu entre Paris Gare du Nord et Persan - Beaumont via Montsoult - Maffliers.<br>Un service de bus de remplacement est mis en place, avec desserte des gares intermédiaires.<br><a href=""https://www.transilien.com/sites/transilien/files/sentinelle-20220103-h-pno-sll-peb-0301-1612.pdf"" target=""""><br>Pour plus d'informations, cliquez ici pour télécharger l'affiche PDF</a>.<br>Les horaires du calculateur d'itinéraire  tiennent  compte des travaux.<br>Motif : travaux.</p>";20220220T184009;Transilien Train Transilien H;26043e7a-9274-11ec-a384-005056a47b86;travaux
future;Incidents;30;perturbée;SIGNIFICANT_DELAYS;20220726T220000;20220727T020000;26043e7a-9274-11ec-a384-005056a47b86;" / Ligne H : Paris - Persan via Montsoult 03/01-16/12 / <p>Période : en soirée<br>Dates : du lundi 03 janvier au vendredi 16 décembre 2022, sauf les week-ends.<br>Le trafic est interrompu entre Paris Gare du Nord et Persan - Beaumont via Montsoult - Maffliers.<br>Un service de bus de remplacement est mis en place, avec desserte des gares intermédiaires.<br><a href=""https://www.transilien.com/sites/transilien/files/sentinelle-20220103-h-pno-sll-peb-0301-1612.pdf"" target=""""><br>Pour plus d'informations, cliquez ici pour télécharger l'affiche PDF</a>.<br>Les horaires du calculateur d'itinéraire  tiennent  compte des travaux.<br>Motif : travaux.</p>";20220220T184009;Transilien Train Transilien H;26043e7a-9274-11ec-a384-005056a47b86;travaux
future;Incidents;30;perturbée;SIGNIFICANT_DELAYS;20220729T220000;20220730T020000;26043e7a-9274-11ec-a384-005056a47b86;" / Ligne H : Paris - Persan via Montsoult 03/01-16/12 / <p>Période : en soirée<br>Dates : du lundi 03 janvier au vendredi 16 décembre 2022, sauf les week-ends.<br>Le trafic est interrompu entre Paris Gare du Nord et Persan - Beaumont via Montsoult - Maffliers.<br>Un service de bus de remplacement est mis en place, avec desserte des gares intermédiaires.<br><a href=""https://www.transilien.com/sites/transilien/files/sentinelle-20220103-h-pno-sll-peb-0301-1612.pdf"" target=""""><br>Pour plus d'informations, cliquez ici pour télécharger l'affiche PDF</a>.<br>Les horaires du calculateur d'itinéraire  tiennent  compte des travaux.<br>Motif : travaux.</p>";20220220T184009;Transilien Train Transilien H;26043e7a-9274-11ec-a384-005056a47b86;travaux
future;Incidents;30;perturbée;SIGNIFICANT_DELAYS;20220802T220000;20220803T020000;26043e7a-9274-11ec-a384-005056a47b86;" / Ligne H : Paris - Persan via Montsoult 03/01-16/12 / <p>Période : en soirée<br>Dates : du lundi 03 janvier au vendredi 16 décembre 2022, sauf les week-ends.<br>Le trafic est interrompu entre Paris Gare du Nord et Persan - Beaumont via Montsoult - Maffliers.<br>Un service de bus de remplacement est mis en place, avec desserte des gares intermédiaires.<br><a href=""https://www.transilien.com/sites/transilien/files/sentinelle-20220103-h-pno-sll-peb-0301-1612.pdf"" target=""""><br>Pour plus d'informations, cliquez ici pour télécharger l'affiche PDF</a>.<br>Les horaires du calculateur d'itinéraire  tiennent  compte des travaux.<br>Motif : travaux.</p>";20220220T184009;Transilien Train Transilien H;26043e7a-9274-11ec-a384-005056a47b86;travaux
future;Incidents;30;perturbée;SIGNIFICANT_DELAYS;20220325T220000;20220326T020000;26043e7a-9274-11ec-a384-005056a47b86;" / Ligne H : Paris - Persan via Montsoult 03/01-16/12 / <p>Période : en soirée<br>Dates : du lundi 03 janvier au vendredi 16 décembre 2022, sauf les week-ends.<br>Le trafic est interrompu entre Paris Gare du Nord et Persan - Beaumont via Montsoult - Maffliers.<br>Un service de bus de remplacement est mis en place, avec desserte des gares intermédiaires.<br><a href=""https://www.transilien.com/sites/transilien/files/sentinelle-20220103-h-pno-sll-peb-0301-1612.pdf"" target=""""><br>Pour plus d'informations, cliquez ici pour télécharger l'affiche PDF</a>.<br>Les horaires du calculateur d'itinéraire  tiennent  compte des travaux.<br>Motif : travaux.</p>";20220220T184009;Transilien Train Transilien H;26043e7a-9274-11ec-a384-005056a47b86;travaux
future;Incidents;30;perturbée;SIGNIFICANT_DELAYS;20220801T220000;20220802T020000;26043e7a-9274-11ec-a384-005056a47b86;" / Ligne H : Paris - Persan via Montsoult 03/01-16/12 / <p>Période : en soirée<br>Dates : du lundi 03 janvier au vendredi 16 décembre 2022, sauf les week-ends.<br>Le trafic est interrompu entre Paris Gare du Nord et Persan - Beaumont via Montsoult - Maffliers.<br>Un service de bus de remplacement est mis en place, avec desserte des gares intermédiaires.<br><a href=""https://www.transilien.com/sites/transilien/files/sentinelle-20220103-h-pno-sll-peb-0301-1612.pdf"" target=""""><br>Pour plus d'informations, cliquez ici pour télécharger l'affiche PDF</a>.<br>Les horaires du calculateur d'itinéraire  tiennent  compte des travaux.<br>Motif : travaux.</p>";20220220T184009;Transilien Train Transilien H;26043e7a-9274-11ec-a384-005056a47b86;travaux
future;Incidents;30;perturbée;SIGNIFICANT_DELAYS;20220704T220000;20220705T020000;26043e7a-9274-11ec-a384-005056a47b86;" / Ligne H : Paris - Persan via Montsoult 03/01-16/12 / <p>Période : en soirée<br>Dates : du lundi 03 janvier au vendredi 16 décembre 2022, sauf les week-ends.<br>Le trafic est interrompu entre Paris Gare du Nord et Persan - Beaumont via Montsoult - Maffliers.<br>Un service de bus de remplacement est mis en place, avec desserte des gares intermédiaires.<br><a href=""https://www.transilien.com/sites/transilien/files/sentinelle-20220103-h-pno-sll-peb-0301-1612.pdf"" target=""""><br>Pour plus d'informations, cliquez ici pour télécharger l'affiche PDF</a>.<br>Les horaires du calculateur d'itinéraire  tiennent  compte des travaux.<br>Motif : travaux.</p>";20220220T184009;Transilien Train Transilien H;26043e7a-9274-11ec-a384-005056a47b86;travaux
future;Incidents;30;perturbée;SIGNIFICANT_DELAYS;20220810T220000;20220811T020000;26043e7a-9274-11ec-a384-005056a47b86;" / Ligne H : Paris - Persan via Montsoult 03/01-16/12 / <p>Période : en soirée<br>Dates : du lundi 03 janvier au vendredi 16 décembre 2022, sauf les week-ends.<br>Le trafic est interrompu entre Paris Gare du Nord et Persan - Beaumont via Montsoult - Maffliers.<br>Un service de bus de remplacement est mis en place, avec desserte des gares intermédiaires.<br><a href=""https://www.transilien.com/sites/transilien/files/sentinelle-20220103-h-pno-sll-peb-0301-1612.pdf"" target=""""><br>Pour plus d'informations, cliquez ici pour télécharger l'affiche PDF</a>.<br>Les horaires du calculateur d'itinéraire  tiennent  compte des travaux.<br>Motif : travaux.</p>";20220220T184009;Transilien Train Transilien H;26043e7a-9274-11ec-a384-005056a47b86;travaux
future;Incidents;30;perturbée;SIGNIFICANT_DELAYS;20220805T220000;20220806T020000;26043e7a-9274-11ec-a384-005056a47b86;" / Ligne H : Paris - Persan via Montsoult 03/01-16/12 / <p>Période : en soirée<br>Dates : du lundi 03 janvier au vendredi 16 décembre 2022, sauf les week-ends.<br>Le trafic est interrompu entre Paris Gare du Nord et Persan - Beaumont via Montsoult - Maffliers.<br>Un service de bus de remplacement est mis en place, avec desserte des gares intermédiaires.<br><a href=""https://www.transilien.com/sites/transilien/files/sentinelle-20220103-h-pno-sll-peb-0301-1612.pdf"" target=""""><br>Pour plus d'informations, cliquez ici pour télécharger l'affiche PDF</a>.<br>Les horaires du calculateur d'itinéraire  tiennent  compte des travaux.<br>Motif : travaux.</p>";20220220T184009;Transilien Train Transilien H;26043e7a-9274-11ec-a384-005056a47b86;travaux
future;Incidents;30;perturbée;SIGNIFICANT_DELAYS;20220809T220000;20220810T020000;26043e7a-9274-11ec-a384-005056a47b86;" / Ligne H : Paris - Persan via Montsoult 03/01-16/12 / <p>Période : en soirée<br>Dates : du lundi 03 janvier au vendredi 16 décembre 2022, sauf les week-ends.<br>Le trafic est interrompu entre Paris Gare du Nord et Persan - Beaumont via Montsoult - Maffliers.<br>Un service de bus de remplacement est mis en place, avec desserte des gares intermédiaires.<br><a href=""https://www.transilien.com/sites/transilien/files/sentinelle-20220103-h-pno-sll-peb-0301-1612.pdf"" target=""""><br>Pour plus d'informations, cliquez ici pour télécharger l'affiche PDF</a>.<br>Les horaires du calculateur d'itinéraire  tiennent  compte des travaux.<br>Motif : travaux.</p>";20220220T184009;Transilien Train Transilien H;26043e7a-9274-11ec-a384-005056a47b86;travaux
future;Incidents;30;perturbée;SIGNIFICANT_DELAYS;20220518T220000;20220519T020000;26043e7a-9274-11ec-a384-005056a47b86;" / Ligne H : Paris - Persan via Montsoult 03/01-16/12 / <p>Période : en soirée<br>Dates : du lundi 03 janvier au vendredi 16 décembre 2022, sauf les week-ends.<br>Le trafic est interrompu entre Paris Gare du Nord et Persan - Beaumont via Montsoult - Maffliers.<br>Un service de bus de remplacement est mis en place, avec desserte des gares intermédiaires.<br><a href=""https://www.transilien.com/sites/transilien/files/sentinelle-20220103-h-pno-sll-peb-0301-1612.pdf"" target=""""><br>Pour plus d'informations, cliquez ici pour télécharger l'affiche PDF</a>.<br>Les horaires du calculateur d'itinéraire  tiennent  compte des travaux.<br>Motif : travaux.</p>";20220220T184009;Transilien Train Transilien H;26043e7a-9274-11ec-a384-005056a47b86;travaux
future;Incidents;30;perturbée;SIGNIFICANT_DELAYS;20220613T220000;20220614T020000;26043e7a-9274-11ec-a384-005056a47b86;" / Ligne H : Paris - Persan via Montsoult 03/01-16/12 / <p>Période : en soirée<br>Dates : du lundi 03 janvier au vendredi 16 décembre 2022, sauf les week-ends.<br>Le trafic est interrompu entre Paris Gare du Nord et Persan - Beaumont via Montsoult - Maffliers.<br>Un service de bus de remplacement est mis en place, avec desserte des gares intermédiaires.<br><a href=""https://www.transilien.com/sites/transilien/files/sentinelle-20220103-h-pno-sll-peb-0301-1612.pdf"" target=""""><br>Pour plus d'informations, cliquez ici pour télécharger l'affiche PDF</a>.<br>Les horaires du calculateur d'itinéraire  tiennent  compte des travaux.<br>Motif : travaux.</p>";20220220T184009;Transilien Train Transilien H;26043e7a-9274-11ec-a384-005056a47b86;travaux
future;Incidents;30;perturbée;SIGNIFICANT_DELAYS;20220505T220000;20220506T020000;26043e7a-9274-11ec-a384-005056a47b86;" / Ligne H : Paris - Persan via Montsoult 03/01-16/12 / <p>Période : en soirée<br>Dates : du lundi 03 janvier au vendredi 16 décembre 2022, sauf les week-ends.<br>Le trafic est interrompu entre Paris Gare du Nord et Persan - Beaumont via Montsoult - Maffliers.<br>Un service de bus de remplacement est mis en place, avec desserte des gares intermédiaires.<br><a href=""https://www.transilien.com/sites/transilien/files/sentinelle-20220103-h-pno-sll-peb-0301-1612.pdf"" target=""""><br>Pour plus d'informations, cliquez ici pour télécharger l'affiche PDF</a>.<br>Les horaires du calculateur d'itinéraire  tiennent  compte des travaux.<br>Motif : travaux.</p>";20220220T184009;Transilien Train Transilien H;26043e7a-9274-11ec-a384-005056a47b86;travaux
future;Incidents;30;perturbée;SIGNIFICANT_DELAYS;20220404T220000;20220405T020000;26043e7a-9274-11ec-a384-005056a47b86;" / Ligne H : Paris - Persan via Montsoult 03/01-16/12 / <p>Période : en soirée<br>Dates : du lundi 03 janvier au vendredi 16 décembre 2022, sauf les week-ends.<br>Le trafic est interrompu entre Paris Gare du Nord et Persan - Beaumont via Montsoult - Maffliers.<br>Un service de bus de remplacement est mis en place, avec desserte des gares intermédiaires.<br><a href=""https://www.transilien.com/sites/transilien/files/sentinelle-20220103-h-pno-sll-peb-0301-1612.pdf"" target=""""><br>Pour plus d'informations, cliquez ici pour télécharger l'affiche PDF</a>.<br>Les horaires du calculateur d'itinéraire  tiennent  compte des travaux.<br>Motif : travaux.</p>";20220220T184009;Transilien Train Transilien H;26043e7a-9274-11ec-a384-005056a47b86;travaux
future;Incidents;30;perturbée;SIGNIFICANT_DELAYS;20220506T220000;20220507T020000;26043e7a-9274-11ec-a384-005056a47b86;" / Ligne H : Paris - Persan via Montsoult 03/01-16/12 / <p>Période : en soirée<br>Dates : du lundi 03 janvier au vendredi 16 décembre 2022, sauf les week-ends.<br>Le trafic est interrompu entre Paris Gare du Nord et Persan - Beaumont via Montsoult - Maffliers.<br>Un service de bus de remplacement est mis en place, avec desserte des gares intermédiaires.<br><a href=""https://www.transilien.com/sites/transilien/files/sentinelle-20220103-h-pno-sll-peb-0301-1612.pdf"" target=""""><br>Pour plus d'informations, cliquez ici pour télécharger l'affiche PDF</a>.<br>Les horaires du calculateur d'itinéraire  tiennent  compte des travaux.<br>Motif : travaux.</p>";20220220T184009;Transilien Train Transilien H;26043e7a-9274-11ec-a384-005056a47b86;travaux
future;Incidents;30;perturbée;SIGNIFICANT_DELAYS;20220905T220000;20220906T020000;26043e7a-9274-11ec-a384-005056a47b86;" / Ligne H : Paris - Persan via Montsoult 03/01-16/12 / <p>Période : en soirée<br>Dates : du lundi 03 janvier au vendredi 16 décembre 2022, sauf les week-ends.<br>Le trafic est interrompu entre Paris Gare du Nord et Persan - Beaumont via Montsoult - Maffliers.<br>Un service de bus de remplacement est mis en place, avec desserte des gares intermédiaires.<br><a href=""https://www.transilien.com/sites/transilien/files/sentinelle-20220103-h-pno-sll-peb-0301-1612.pdf"" target=""""><br>Pour plus d'informations, cliquez ici pour télécharger l'affiche PDF</a>.<br>Les horaires du calculateur d'itinéraire  tiennent  compte des travaux.<br>Motif : travaux.</p>";20220220T184009;Transilien Train Transilien H;26043e7a-9274-11ec-a384-005056a47b86;travaux
future;Incidents;30;perturbée;SIGNIFICANT_DELAYS;20220930T220000;20221001T020000;26043e7a-9274-11ec-a384-005056a47b86;" / Ligne H : Paris - Persan via Montsoult 03/01-16/12 / <p>Période : en soirée<br>Dates : du lundi 03 janvier au vendredi 16 décembre 2022, sauf les week-ends.<br>Le trafic est interrompu entre Paris Gare du Nord et Persan - Beaumont via Montsoult - Maffliers.<br>Un service de bus de remplacement est mis en place, avec desserte des gares intermédiaires.<br><a href=""https://www.transilien.com/sites/transilien/files/sentinelle-20220103-h-pno-sll-peb-0301-1612.pdf"" target=""""><br>Pour plus d'informations, cliquez ici pour télécharger l'affiche PDF</a>.<br>Les horaires du calculateur d'itinéraire  tiennent  compte des travaux.<br>Motif : travaux.</p>";20220220T184009;Transilien Train Transilien H;26043e7a-9274-11ec-a384-005056a47b86;travaux
future;Incidents;30;perturbée;SIGNIFICANT_DELAYS;20220503T220000;20220504T020000;26043e7a-9274-11ec-a384-005056a47b86;" / Ligne H : Paris - Persan via Montsoult 03/01-16/12 / <p>Période : en soirée<br>Dates : du lundi 03 janvier au vendredi 16 décembre 2022, sauf les week-ends.<br>Le trafic est interrompu entre Paris Gare du Nord et Persan - Beaumont via Montsoult - Maffliers.<br>Un service de bus de remplacement est mis en place, avec desserte des gares intermédiaires.<br><a href=""https://www.transilien.com/sites/transilien/files/sentinelle-20220103-h-pno-sll-peb-0301-1612.pdf"" target=""""><br>Pour plus d'informations, cliquez ici pour télécharger l'affiche PDF</a>.<br>Les horaires du calculateur d'itinéraire  tiennent  compte des travaux.<br>Motif : travaux.</p>";20220220T184009;Transilien Train Transilien H;26043e7a-9274-11ec-a384-005056a47b86;travaux
future;Incidents;30;perturbée;SIGNIFICANT_DELAYS;20220610T220000;20220611T020000;26043e7a-9274-11ec-a384-005056a47b86;" / Ligne H : Paris - Persan via Montsoult 03/01-16/12 / <p>Période : en soirée<br>Dates : du lundi 03 janvier au vendredi 16 décembre 2022, sauf les week-ends.<br>Le trafic est interrompu entre Paris Gare du Nord et Persan - Beaumont via Montsoult - Maffliers.<br>Un service de bus de remplacement est mis en place, avec desserte des gares intermédiaires.<br><a href=""https://www.transilien.com/sites/transilien/files/sentinelle-20220103-h-pno-sll-peb-0301-1612.pdf"" target=""""><br>Pour plus d'informations, cliquez ici pour télécharger l'affiche PDF</a>.<br>Les horaires du calculateur d'itinéraire  tiennent  compte des travaux.<br>Motif : travaux.</p>";20220220T184009;Transilien Train Transilien H;26043e7a-9274-11ec-a384-005056a47b86;travaux
future;Incidents;30;perturbée;SIGNIFICANT_DELAYS;20221003T220000;20221004T020000;26043e7a-9274-11ec-a384-005056a47b86;" / Ligne H : Paris - Persan via Montsoult 03/01-16/12 / <p>Période : en soirée<br>Dates : du lundi 03 janvier au vendredi 16 décembre 2022, sauf les week-ends.<br>Le trafic est interrompu entre Paris Gare du Nord et Persan - Beaumont via Montsoult - Maffliers.<br>Un service de bus de remplacement est mis en place, avec desserte des gares intermédiaires.<br><a href=""https://www.transilien.com/sites/transilien/files/sentinelle-20220103-h-pno-sll-peb-0301-1612.pdf"" target=""""><br>Pour plus d'informations, cliquez ici pour télécharger l'affiche PDF</a>.<br>Les horaires du calculateur d'itinéraire  tiennent  compte des travaux.<br>Motif : travaux.</p>";20220220T184009;Transilien Train Transilien H;26043e7a-9274-11ec-a384-005056a47b86;travaux
future;Incidents;30;perturbée;SIGNIFICANT_DELAYS;20220422T220000;20220423T020000;26043e7a-9274-11ec-a384-005056a47b86;" / Ligne H : Paris - Persan via Montsoult 03/01-16/12 / <p>Période : en soirée<br>Dates : du lundi 03 janvier au vendredi 16 décembre 2022, sauf les week-ends.<br>Le trafic est interrompu entre Paris Gare du Nord et Persan - Beaumont via Montsoult - Maffliers.<br>Un service de bus de remplacement est mis en place, avec desserte des gares intermédiaires.<br><a href=""https://www.transilien.com/sites/transilien/files/sentinelle-20220103-h-pno-sll-peb-0301-1612.pdf"" target=""""><br>Pour plus d'informations, cliquez ici pour télécharger l'affiche PDF</a>.<br>Les horaires du calculateur d'itinéraire  tiennent  compte des travaux.<br>Motif : travaux.</p>";20220220T184009;Transilien Train Transilien H;26043e7a-9274-11ec-a384-005056a47b86;travaux
future;Incidents;30;perturbée;SIGNIFICANT_DELAYS;20220105T220000;20220106T020000;26043e7a-9274-11ec-a384-005056a47b86;" / Ligne H : Paris - Persan via Montsoult 03/01-16/12 / <p>Période : en soirée<br>Dates : du lundi 03 janvier au vendredi 16 décembre 2022, sauf les week-ends.<br>Le trafic est interrompu entre Paris Gare du Nord et Persan - Beaumont via Montsoult - Maffliers.<br>Un service de bus de remplacement est mis en place, avec desserte des gares intermédiaires.<br><a href=""https://www.transilien.com/sites/transilien/files/sentinelle-20220103-h-pno-sll-peb-0301-1612.pdf"" target=""""><br>Pour plus d'informations, cliquez ici pour télécharger l'affiche PDF</a>.<br>Les horaires du calculateur d'itinéraire  tiennent  compte des travaux.<br>Motif : travaux.</p>";20220220T184009;Transilien Train Transilien H;26043e7a-9274-11ec-a384-005056a47b86;travaux
future;Incidents;30;perturbée;SIGNIFICANT_DELAYS;20220202T220000;20220203T020000;26043e7a-9274-11ec-a384-005056a47b86;" / Ligne H : Paris - Persan via Montsoult 03/01-16/12 / <p>Période : en soirée<br>Dates : du lundi 03 janvier au vendredi 16 décembre 2022, sauf les week-ends.<br>Le trafic est interrompu entre Paris Gare du Nord et Persan - Beaumont via Montsoult - Maffliers.<br>Un service de bus de remplacement est mis en place, avec desserte des gares intermédiaires.<br><a href=""https://www.transilien.com/sites/transilien/files/sentinelle-20220103-h-pno-sll-peb-0301-1612.pdf"" target=""""><br>Pour plus d'informations, cliquez ici pour télécharger l'affiche PDF</a>.<br>Les horaires du calculateur d'itinéraire  tiennent  compte des travaux.<br>Motif : travaux.</p>";20220220T184009;Transilien Train Transilien H;26043e7a-9274-11ec-a384-005056a47b86;travaux
future;Incidents;30;perturbée;SIGNIFICANT_DELAYS;20220708T220000;20220709T020000;26043e7a-9274-11ec-a384-005056a47b86;" / Ligne H : Paris - Persan via Montsoult 03/01-16/12 / <p>Période : en soirée<br>Dates : du lundi 03 janvier au vendredi 16 décembre 2022, sauf les week-ends.<br>Le trafic est interrompu entre Paris Gare du Nord et Persan - Beaumont via Montsoult - Maffliers.<br>Un service de bus de remplacement est mis en place, avec desserte des gares intermédiaires.<br><a href=""https://www.transilien.com/sites/transilien/files/sentinelle-20220103-h-pno-sll-peb-0301-1612.pdf"" target=""""><br>Pour plus d'informations, cliquez ici pour télécharger l'affiche PDF</a>.<br>Les horaires du calculateur d'itinéraire  tiennent  compte des travaux.<br>Motif : travaux.</p>";20220220T184009;Transilien Train Transilien H;26043e7a-9274-11ec-a384-005056a47b86;travaux
future;Incidents;30;perturbée;SIGNIFICANT_DELAYS;20220608T220000;20220609T020000;26043e7a-9274-11ec-a384-005056a47b86;" / Ligne H : Paris - Persan via Montsoult 03/01-16/12 / <p>Période : en soirée<br>Dates : du lundi 03 janvier au vendredi 16 décembre 2022, sauf les week-ends.<br>Le trafic est interrompu entre Paris Gare du Nord et Persan - Beaumont via Montsoult - Maffliers.<br>Un service de bus de remplacement est mis en place, avec desserte des gares intermédiaires.<br><a href=""https://www.transilien.com/sites/transilien/files/sentinelle-20220103-h-pno-sll-peb-0301-1612.pdf"" target=""""><br>Pour plus d'informations, cliquez ici pour télécharger l'affiche PDF</a>.<br>Les horaires du calculateur d'itinéraire  tiennent  compte des travaux.<br>Motif : travaux.</p>";20220220T184009;Transilien Train Transilien H;26043e7a-9274-11ec-a384-005056a47b86;travaux
future;Incidents;30;perturbée;SIGNIFICANT_DELAYS;20220907T220000;20220908T020000;26043e7a-9274-11ec-a384-005056a47b86;" / Ligne H : Paris - Persan via Montsoult 03/01-16/12 / <p>Période : en soirée<br>Dates : du lundi 03 janvier au vendredi 16 décembre 2022, sauf les week-ends.<br>Le trafic est interrompu entre Paris Gare du Nord et Persan - Beaumont via Montsoult - Maffliers.<br>Un service de bus de remplacement est mis en place, avec desserte des gares intermédiaires.<br><a href=""https://www.transilien.com/sites/transilien/files/sentinelle-20220103-h-pno-sll-peb-0301-1612.pdf"" target=""""><br>Pour plus d'informations, cliquez ici pour télécharger l'affiche PDF</a>.<br>Les horaires du calculateur d'itinéraire  tiennent  compte des travaux.<br>Motif : travaux.</p>";20220220T184009;Transilien Train Transilien H;26043e7a-9274-11ec-a384-005056a47b86;travaux
future;Incidents;30;perturbée;SIGNIFICANT_DELAYS;20220203T220000;20220204T020000;26043e7a-9274-11ec-a384-005056a47b86;" / Ligne H : Paris - Persan via Montsoult 03/01-16/12 / <p>Période : en soirée<br>Dates : du lundi 03 janvier au vendredi 16 décembre 2022, sauf les week-ends.<br>Le trafic est interrompu entre Paris Gare du Nord et Persan - Beaumont via Montsoult - Maffliers.<br>Un service de bus de remplacement est mis en place, avec desserte des gares intermédiaires.<br><a href=""https://www.transilien.com/sites/transilien/files/sentinelle-20220103-h-pno-sll-peb-0301-1612.pdf"" target=""""><br>Pour plus d'informations, cliquez ici pour télécharger l'affiche PDF</a>.<br>Les horaires du calculateur d'itinéraire  tiennent  compte des travaux.<br>Motif : travaux.</p>";20220220T184009;Transilien Train Transilien H;26043e7a-9274-11ec-a384-005056a47b86;travaux
future;Incidents;30;perturbée;SIGNIFICANT_DELAYS;20220829T220000;20220830T020000;26043e7a-9274-11ec-a384-005056a47b86;" / Ligne H : Paris - Persan via Montsoult 03/01-16/12 / <p>Période : en soirée<br>Dates : du lundi 03 janvier au vendredi 16 décembre 2022, sauf les week-ends.<br>Le trafic est interrompu entre Paris Gare du Nord et Persan - Beaumont via Montsoult - Maffliers.<br>Un service de bus de remplacement est mis en place, avec desserte des gares intermédiaires.<br><a href=""https://www.transilien.com/sites/transilien/files/sentinelle-20220103-h-pno-sll-peb-0301-1612.pdf"" target=""""><br>Pour plus d'informations, cliquez ici pour télécharger l'affiche PDF</a>.<br>Les horaires du calculateur d'itinéraire  tiennent  compte des travaux.<br>Motif : travaux.</p>";20220220T184009;Transilien Train Transilien H;26043e7a-9274-11ec-a384-005056a47b86;travaux
future;Incidents;30;perturbée;SIGNIFICANT_DELAYS;20220328T220000;20220329T020000;26043e7a-9274-11ec-a384-005056a47b86;" / Ligne H : Paris - Persan via Montsoult 03/01-16/12 / <p>Période : en soirée<br>Dates : du lundi 03 janvier au vendredi 16 décembre 2022, sauf les week-ends.<br>Le trafic est interrompu entre Paris Gare du Nord et Persan - Beaumont via Montsoult - Maffliers.<br>Un service de bus de remplacement est mis en place, avec desserte des gares intermédiaires.<br><a href=""https://www.transilien.com/sites/transilien/files/sentinelle-20220103-h-pno-sll-peb-0301-1612.pdf"" target=""""><br>Pour plus d'informations, cliquez ici pour télécharger l'affiche PDF</a>.<br>Les horaires du calculateur d'itinéraire  tiennent  compte des travaux.<br>Motif : travaux.</p>";20220220T184009;Transilien Train Transilien H;26043e7a-9274-11ec-a384-005056a47b86;travaux
future;Incidents;30;perturbée;SIGNIFICANT_DELAYS;20220602T220000;20220603T020000;26043e7a-9274-11ec-a384-005056a47b86;" / Ligne H : Paris - Persan via Montsoult 03/01-16/12 / <p>Période : en soirée<br>Dates : du lundi 03 janvier au vendredi 16 décembre 2022, sauf les week-ends.<br>Le trafic est interrompu entre Paris Gare du Nord et Persan - Beaumont via Montsoult - Maffliers.<br>Un service de bus de remplacement est mis en place, avec desserte des gares intermédiaires.<br><a href=""https://www.transilien.com/sites/transilien/files/sentinelle-20220103-h-pno-sll-peb-0301-1612.pdf"" target=""""><br>Pour plus d'informations, cliquez ici pour télécharger l'affiche PDF</a>.<br>Les horaires du calculateur d'itinéraire  tiennent  compte des travaux.<br>Motif : travaux.</p>";20220220T184009;Transilien Train Transilien H;26043e7a-9274-11ec-a384-005056a47b86;travaux
future;Incidents;30;perturbée;SIGNIFICANT_DELAYS;20220630T220000;20220701T020000;26043e7a-9274-11ec-a384-005056a47b86;" / Ligne H : Paris - Persan via Montsoult 03/01-16/12 / <p>Période : en soirée<br>Dates : du lundi 03 janvier au vendredi 16 décembre 2022, sauf les week-ends.<br>Le trafic est interrompu entre Paris Gare du Nord et Persan - Beaumont via Montsoult - Maffliers.<br>Un service de bus de remplacement est mis en place, avec desserte des gares intermédiaires.<br><a href=""https://www.transilien.com/sites/transilien/files/sentinelle-20220103-h-pno-sll-peb-0301-1612.pdf"" target=""""><br>Pour plus d'informations, cliquez ici pour télécharger l'affiche PDF</a>.<br>Les horaires du calculateur d'itinéraire  tiennent  compte des travaux.<br>Motif : travaux.</p>";20220220T184009;Transilien Train Transilien H;26043e7a-9274-11ec-a384-005056a47b86;travaux
future;Incidents;30;perturbée;SIGNIFICANT_DELAYS;20220627T220000;20220628T020000;26043e7a-9274-11ec-a384-005056a47b86;" / Ligne H : Paris - Persan via Montsoult 03/01-16/12 / <p>Période : en soirée<br>Dates : du lundi 03 janvier au vendredi 16 décembre 2022, sauf les week-ends.<br>Le trafic est interrompu entre Paris Gare du Nord et Persan - Beaumont via Montsoult - Maffliers.<br>Un service de bus de remplacement est mis en place, avec desserte des gares intermédiaires.<br><a href=""https://www.transilien.com/sites/transilien/files/sentinelle-20220103-h-pno-sll-peb-0301-1612.pdf"" target=""""><br>Pour plus d'informations, cliquez ici pour télécharger l'affiche PDF</a>.<br>Les horaires du calculateur d'itinéraire  tiennent  compte des travaux.<br>Motif : travaux.</p>";20220220T184009;Transilien Train Transilien H;26043e7a-9274-11ec-a384-005056a47b86;travaux
future;Incidents;30;perturbée;SIGNIFICANT_DELAYS;20220428T220000;20220429T020000;26043e7a-9274-11ec-a384-005056a47b86;" / Ligne H : Paris - Persan via Montsoult 03/01-16/12 / <p>Période : en soirée<br>Dates : du lundi 03 janvier au vendredi 16 décembre 2022, sauf les week-ends.<br>Le trafic est interrompu entre Paris Gare du Nord et Persan - Beaumont via Montsoult - Maffliers.<br>Un service de bus de remplacement est mis en place, avec desserte des gares intermédiaires.<br><a href=""https://www.transilien.com/sites/transilien/files/sentinelle-20220103-h-pno-sll-peb-0301-1612.pdf"" target=""""><br>Pour plus d'informations, cliquez ici pour télécharger l'affiche PDF</a>.<br>Les horaires du calculateur d'itinéraire  tiennent  compte des travaux.<br>Motif : travaux.</p>";20220220T184009;Transilien Train Transilien H;26043e7a-9274-11ec-a384-005056a47b86;travaux
future;Incidents;30;perturbée;SIGNIFICANT_DELAYS;20220208T220000;20220209T020000;26043e7a-9274-11ec-a384-005056a47b86;" / Ligne H : Paris - Persan via Montsoult 03/01-16/12 / <p>Période : en soirée<br>Dates : du lundi 03 janvier au vendredi 16 décembre 2022, sauf les week-ends.<br>Le trafic est interrompu entre Paris Gare du Nord et Persan - Beaumont via Montsoult - Maffliers.<br>Un service de bus de remplacement est mis en place, avec desserte des gares intermédiaires.<br><a href=""https://www.transilien.com/sites/transilien/files/sentinelle-20220103-h-pno-sll-peb-0301-1612.pdf"" target=""""><br>Pour plus d'informations, cliquez ici pour télécharger l'affiche PDF</a>.<br>Les horaires du calculateur d'itinéraire  tiennent  compte des travaux.<br>Motif : travaux.</p>";20220220T184009;Transilien Train Transilien H;26043e7a-9274-11ec-a384-005056a47b86;travaux
future;Incidents;30;perturbée;SIGNIFICANT_DELAYS;20220303T220000;20220304T020000;26043e7a-9274-11ec-a384-005056a47b86;" / Ligne H : Paris - Persan via Montsoult 03/01-16/12 / <p>Période : en soirée<br>Dates : du lundi 03 janvier au vendredi 16 décembre 2022, sauf les week-ends.<br>Le trafic est interrompu entre Paris Gare du Nord et Persan - Beaumont via Montsoult - Maffliers.<br>Un service de bus de remplacement est mis en place, avec desserte des gares intermédiaires.<br><a href=""https://www.transilien.com/sites/transilien/files/sentinelle-20220103-h-pno-sll-peb-0301-1612.pdf"" target=""""><br>Pour plus d'informations, cliquez ici pour télécharger l'affiche PDF</a>.<br>Les horaires du calculateur d'itinéraire  tiennent  compte des travaux.<br>Motif : travaux.</p>";20220220T184009;Transilien Train Transilien H;26043e7a-9274-11ec-a384-005056a47b86;travaux
future;Incidents;30;perturbée;SIGNIFICANT_DELAYS;20220609T220000;20220610T020000;26043e7a-9274-11ec-a384-005056a47b86;" / Ligne H : Paris - Persan via Montsoult 03/01-16/12 / <p>Période : en soirée<br>Dates : du lundi 03 janvier au vendredi 16 décembre 2022, sauf les week-ends.<br>Le trafic est interrompu entre Paris Gare du Nord et Persan - Beaumont via Montsoult - Maffliers.<br>Un service de bus de remplacement est mis en place, avec desserte des gares intermédiaires.<br><a href=""https://www.transilien.com/sites/transilien/files/sentinelle-20220103-h-pno-sll-peb-0301-1612.pdf"" target=""""><br>Pour plus d'informations, cliquez ici pour télécharger l'affiche PDF</a>.<br>Les horaires du calculateur d'itinéraire  tiennent  compte des travaux.<br>Motif : travaux.</p>";20220220T184009;Transilien Train Transilien H;26043e7a-9274-11ec-a384-005056a47b86;travaux
future;Incidents;30;perturbée;SIGNIFICANT_DELAYS;20220831T220000;20220901T020000;26043e7a-9274-11ec-a384-005056a47b86;" / Ligne H : Paris - Persan via Montsoult 03/01-16/12 / <p>Période : en soirée<br>Dates : du lundi 03 janvier au vendredi 16 décembre 2022, sauf les week-ends.<br>Le trafic est interrompu entre Paris Gare du Nord et Persan - Beaumont via Montsoult - Maffliers.<br>Un service de bus de remplacement est mis en place, avec desserte des gares intermédiaires.<br><a href=""https://www.transilien.com/sites/transilien/files/sentinelle-20220103-h-pno-sll-peb-0301-1612.pdf"" target=""""><br>Pour plus d'informations, cliquez ici pour télécharger l'affiche PDF</a>.<br>Les horaires du calculateur d'itinéraire  tiennent  compte des travaux.<br>Motif : travaux.</p>";20220220T184009;Transilien Train Transilien H;26043e7a-9274-11ec-a384-005056a47b86;travaux
future;Incidents;30;perturbée;SIGNIFICANT_DELAYS;20220523T220000;20220524T020000;26043e7a-9274-11ec-a384-005056a47b86;" / Ligne H : Paris - Persan via Montsoult 03/01-16/12 / <p>Période : en soirée<br>Dates : du lundi 03 janvier au vendredi 16 décembre 2022, sauf les week-ends.<br>Le trafic est interrompu entre Paris Gare du Nord et Persan - Beaumont via Montsoult - Maffliers.<br>Un service de bus de remplacement est mis en place, avec desserte des gares intermédiaires.<br><a href=""https://www.transilien.com/sites/transilien/files/sentinelle-20220103-h-pno-sll-peb-0301-1612.pdf"" target=""""><br>Pour plus d'informations, cliquez ici pour télécharger l'affiche PDF</a>.<br>Les horaires du calculateur d'itinéraire  tiennent  compte des travaux.<br>Motif : travaux.</p>";20220220T184009;Transilien Train Transilien H;26043e7a-9274-11ec-a384-005056a47b86;travaux
future;Incidents;30;perturbée;SIGNIFICANT_DELAYS;20220311T220000;20220312T020000;26043e7a-9274-11ec-a384-005056a47b86;" / Ligne H : Paris - Persan via Montsoult 03/01-16/12 / <p>Période : en soirée<br>Dates : du lundi 03 janvier au vendredi 16 décembre 2022, sauf les week-ends.<br>Le trafic est interrompu entre Paris Gare du Nord et Persan - Beaumont via Montsoult - Maffliers.<br>Un service de bus de remplacement est mis en place, avec desserte des gares intermédiaires.<br><a href=""https://www.transilien.com/sites/transilien/files/sentinelle-20220103-h-pno-sll-peb-0301-1612.pdf"" target=""""><br>Pour plus d'informations, cliquez ici pour télécharger l'affiche PDF</a>.<br>Les horaires du calculateur d'itinéraire  tiennent  compte des travaux.<br>Motif : travaux.</p>";20220220T184009;Transilien Train Transilien H;26043e7a-9274-11ec-a384-005056a47b86;travaux
future;Incidents;30;perturbée;SIGNIFICANT_DELAYS;20220324T220000;20220325T020000;26043e7a-9274-11ec-a384-005056a47b86;" / Ligne H : Paris - Persan via Montsoult 03/01-16/12 / <p>Période : en soirée<br>Dates : du lundi 03 janvier au vendredi 16 décembre 2022, sauf les week-ends.<br>Le trafic est interrompu entre Paris Gare du Nord et Persan - Beaumont via Montsoult - Maffliers.<br>Un service de bus de remplacement est mis en place, avec desserte des gares intermédiaires.<br><a href=""https://www.transilien.com/sites/transilien/files/sentinelle-20220103-h-pno-sll-peb-0301-1612.pdf"" target=""""><br>Pour plus d'informations, cliquez ici pour télécharger l'affiche PDF</a>.<br>Les horaires du calculateur d'itinéraire  tiennent  compte des travaux.<br>Motif : travaux.</p>";20220220T184009;Transilien Train Transilien H;26043e7a-9274-11ec-a384-005056a47b86;travaux
future;Incidents;30;perturbée;SIGNIFICANT_DELAYS;20220526T220000;20220527T020000;26043e7a-9274-11ec-a384-005056a47b86;" / Ligne H : Paris - Persan via Montsoult 03/01-16/12 / <p>Période : en soirée<br>Dates : du lundi 03 janvier au vendredi 16 décembre 2022, sauf les week-ends.<br>Le trafic est interrompu entre Paris Gare du Nord et Persan - Beaumont via Montsoult - Maffliers.<br>Un service de bus de remplacement est mis en place, avec desserte des gares intermédiaires.<br><a href=""https://www.transilien.com/sites/transilien/files/sentinelle-20220103-h-pno-sll-peb-0301-1612.pdf"" target=""""><br>Pour plus d'informations, cliquez ici pour télécharger l'affiche PDF</a>.<br>Les horaires du calculateur d'itinéraire  tiennent  compte des travaux.<br>Motif : travaux.</p>";20220220T184009;Transilien Train Transilien H;26043e7a-9274-11ec-a384-005056a47b86;travaux
future;Incidents;30;perturbée;SIGNIFICANT_DELAYS;20220727T220000;20220728T020000;26043e7a-9274-11ec-a384-005056a47b86;" / Ligne H : Paris - Persan via Montsoult 03/01-16/12 / <p>Période : en soirée<br>Dates : du lundi 03 janvier au vendredi 16 décembre 2022, sauf les week-ends.<br>Le trafic est interrompu entre Paris Gare du Nord et Persan - Beaumont via Montsoult - Maffliers.<br>Un service de bus de remplacement est mis en place, avec desserte des gares intermédiaires.<br><a href=""https://www.transilien.com/sites/transilien/files/sentinelle-20220103-h-pno-sll-peb-0301-1612.pdf"" target=""""><br>Pour plus d'informations, cliquez ici pour télécharger l'affiche PDF</a>.<br>Les horaires du calculateur d'itinéraire  tiennent  compte des travaux.<br>Motif : travaux.</p>";20220220T184009;Transilien Train Transilien H;26043e7a-9274-11ec-a384-005056a47b86;travaux
future;Incidents;30;perturbée;SIGNIFICANT_DELAYS;20220128T220000;20220129T020000;26043e7a-9274-11ec-a384-005056a47b86;" / Ligne H : Paris - Persan via Montsoult 03/01-16/12 / <p>Période : en soirée<br>Dates : du lundi 03 janvier au vendredi 16 décembre 2022, sauf les week-ends.<br>Le trafic est interrompu entre Paris Gare du Nord et Persan - Beaumont via Montsoult - Maffliers.<br>Un service de bus de remplacement est mis en place, avec desserte des gares intermédiaires.<br><a href=""https://www.transilien.com/sites/transilien/files/sentinelle-20220103-h-pno-sll-peb-0301-1612.pdf"" target=""""><br>Pour plus d'informations, cliquez ici pour télécharger l'affiche PDF</a>.<br>Les horaires du calculateur d'itinéraire  tiennent  compte des travaux.<br>Motif : travaux.</p>";20220220T184009;Transilien Train Transilien H;26043e7a-9274-11ec-a384-005056a47b86;travaux
future;Incidents;30;perturbée;SIGNIFICANT_DELAYS;20220701T220000;20220702T020000;26043e7a-9274-11ec-a384-005056a47b86;" / Ligne H : Paris - Persan via Montsoult 03/01-16/12 / <p>Période : en soirée<br>Dates : du lundi 03 janvier au vendredi 16 décembre 2022, sauf les week-ends.<br>Le trafic est interrompu entre Paris Gare du Nord et Persan - Beaumont via Montsoult - Maffliers.<br>Un service de bus de remplacement est mis en place, avec desserte des gares intermédiaires.<br><a href=""https://www.transilien.com/sites/transilien/files/sentinelle-20220103-h-pno-sll-peb-0301-1612.pdf"" target=""""><br>Pour plus d'informations, cliquez ici pour télécharger l'affiche PDF</a>.<br>Les horaires du calculateur d'itinéraire  tiennent  compte des travaux.<br>Motif : travaux.</p>";20220220T184009;Transilien Train Transilien H;26043e7a-9274-11ec-a384-005056a47b86;travaux
future;Incidents;30;perturbée;SIGNIFICANT_DELAYS;20220808T220000;20220809T020000;26043e7a-9274-11ec-a384-005056a47b86;" / Ligne H : Paris - Persan via Montsoult 03/01-16/12 / <p>Période : en soirée<br>Dates : du lundi 03 janvier au vendredi 16 décembre 2022, sauf les week-ends.<br>Le trafic est interrompu entre Paris Gare du Nord et Persan - Beaumont via Montsoult - Maffliers.<br>Un service de bus de remplacement est mis en place, avec desserte des gares intermédiaires.<br><a href=""https://www.transilien.com/sites/transilien/files/sentinelle-20220103-h-pno-sll-peb-0301-1612.pdf"" target=""""><br>Pour plus d'informations, cliquez ici pour télécharger l'affiche PDF</a>.<br>Les horaires du calculateur d'itinéraire  tiennent  compte des travaux.<br>Motif : travaux.</p>";20220220T184009;Transilien Train Transilien H;26043e7a-9274-11ec-a384-005056a47b86;travaux
future;Incidents;30;perturbée;SIGNIFICANT_DELAYS;20220114T220000;20220115T020000;26043e7a-9274-11ec-a384-005056a47b86;" / Ligne H : Paris - Persan via Montsoult 03/01-16/12 / <p>Période : en soirée<br>Dates : du lundi 03 janvier au vendredi 16 décembre 2022, sauf les week-ends.<br>Le trafic est interrompu entre Paris Gare du Nord et Persan - Beaumont via Montsoult - Maffliers.<br>Un service de bus de remplacement est mis en place, avec desserte des gares intermédiaires.<br><a href=""https://www.transilien.com/sites/transilien/files/sentinelle-20220103-h-pno-sll-peb-0301-1612.pdf"" target=""""><br>Pour plus d'informations, cliquez ici pour télécharger l'affiche PDF</a>.<br>Les horaires du calculateur d'itinéraire  tiennent  compte des travaux.<br>Motif : travaux.</p>";20220220T184009;Transilien Train Transilien H;26043e7a-9274-11ec-a384-005056a47b86;travaux
future;Incidents;30;perturbée;SIGNIFICANT_DELAYS;20221005T220000;20221006T020000;26043e7a-9274-11ec-a384-005056a47b86;" / Ligne H : Paris - Persan via Montsoult 03/01-16/12 / <p>Période : en soirée<br>Dates : du lundi 03 janvier au vendredi 16 décembre 2022, sauf les week-ends.<br>Le trafic est interrompu entre Paris Gare du Nord et Persan - Beaumont via Montsoult - Maffliers.<br>Un service de bus de remplacement est mis en place, avec desserte des gares intermédiaires.<br><a href=""https://www.transilien.com/sites/transilien/files/sentinelle-20220103-h-pno-sll-peb-0301-1612.pdf"" target=""""><br>Pour plus d'informations, cliquez ici pour télécharger l'affiche PDF</a>.<br>Les horaires du calculateur d'itinéraire  tiennent  compte des travaux.<br>Motif : travaux.</p>";20220220T184009;Transilien Train Transilien H;26043e7a-9274-11ec-a384-005056a47b86;travaux
future;Incidents;30;perturbée;SIGNIFICANT_DELAYS;20220331T220000;20220401T020000;26043e7a-9274-11ec-a384-005056a47b86;" / Ligne H : Paris - Persan via Montsoult 03/01-16/12 / <p>Période : en soirée<br>Dates : du lundi 03 janvier au vendredi 16 décembre 2022, sauf les week-ends.<br>Le trafic est interrompu entre Paris Gare du Nord et Persan - Beaumont via Montsoult - Maffliers.<br>Un service de bus de remplacement est mis en place, avec desserte des gares intermédiaires.<br><a href=""https://www.transilien.com/sites/transilien/files/sentinelle-20220103-h-pno-sll-peb-0301-1612.pdf"" target=""""><br>Pour plus d'informations, cliquez ici pour télécharger l'affiche PDF</a>.<br>Les horaires du calculateur d'itinéraire  tiennent  compte des travaux.<br>Motif : travaux.</p>";20220220T184009;Transilien Train Transilien H;26043e7a-9274-11ec-a384-005056a47b86;travaux
future;Incidents;30;perturbée;SIGNIFICANT_DELAYS;20220811T220000;20220812T020000;26043e7a-9274-11ec-a384-005056a47b86;" / Ligne H : Paris - Persan via Montsoult 03/01-16/12 / <p>Période : en soirée<br>Dates : du lundi 03 janvier au vendredi 16 décembre 2022, sauf les week-ends.<br>Le trafic est interrompu entre Paris Gare du Nord et Persan - Beaumont via Montsoult - Maffliers.<br>Un service de bus de remplacement est mis en place, avec desserte des gares intermédiaires.<br><a href=""https://www.transilien.com/sites/transilien/files/sentinelle-20220103-h-pno-sll-peb-0301-1612.pdf"" target=""""><br>Pour plus d'informations, cliquez ici pour télécharger l'affiche PDF</a>.<br>Les horaires du calculateur d'itinéraire  tiennent  compte des travaux.<br>Motif : travaux.</p>";20220220T184009;Transilien Train Transilien H;26043e7a-9274-11ec-a384-005056a47b86;travaux
future;Incidents;30;perturbée;SIGNIFICANT_DELAYS;20220815T220000;20220816T020000;26043e7a-9274-11ec-a384-005056a47b86;" / Ligne H : Paris - Persan via Montsoult 03/01-16/12 / <p>Période : en soirée<br>Dates : du lundi 03 janvier au vendredi 16 décembre 2022, sauf les week-ends.<br>Le trafic est interrompu entre Paris Gare du Nord et Persan - Beaumont via Montsoult - Maffliers.<br>Un service de bus de remplacement est mis en place, avec desserte des gares intermédiaires.<br><a href=""https://www.transilien.com/sites/transilien/files/sentinelle-20220103-h-pno-sll-peb-0301-1612.pdf"" target=""""><br>Pour plus d'informations, cliquez ici pour télécharger l'affiche PDF</a>.<br>Les horaires du calculateur d'itinéraire  tiennent  compte des travaux.<br>Motif : travaux.</p>";20220220T184009;Transilien Train Transilien H;26043e7a-9274-11ec-a384-005056a47b86;travaux
future;Incidents;30;perturbée;SIGNIFICANT_DELAYS;20220909T220000;20220910T020000;26043e7a-9274-11ec-a384-005056a47b86;" / Ligne H : Paris - Persan via Montsoult 03/01-16/12 / <p>Période : en soirée<br>Dates : du lundi 03 janvier au vendredi 16 décembre 2022, sauf les week-ends.<br>Le trafic est interrompu entre Paris Gare du Nord et Persan - Beaumont via Montsoult - Maffliers.<br>Un service de bus de remplacement est mis en place, avec desserte des gares intermédiaires.<br><a href=""https://www.transilien.com/sites/transilien/files/sentinelle-20220103-h-pno-sll-peb-0301-1612.pdf"" target=""""><br>Pour plus d'informations, cliquez ici pour télécharger l'affiche PDF</a>.<br>Les horaires du calculateur d'itinéraire  tiennent  compte des travaux.<br>Motif : travaux.</p>";20220220T184009;Transilien Train Transilien H;26043e7a-9274-11ec-a384-005056a47b86;travaux
future;Incidents;30;perturbée;SIGNIFICANT_DELAYS;20220519T220000;20220520T020000;26043e7a-9274-11ec-a384-005056a47b86;" / Ligne H : Paris - Persan via Montsoult 03/01-16/12 / <p>Période : en soirée<br>Dates : du lundi 03 janvier au vendredi 16 décembre 2022, sauf les week-ends.<br>Le trafic est interrompu entre Paris Gare du Nord et Persan - Beaumont via Montsoult - Maffliers.<br>Un service de bus de remplacement est mis en place, avec desserte des gares intermédiaires.<br><a href=""https://www.transilien.com/sites/transilien/files/sentinelle-20220103-h-pno-sll-peb-0301-1612.pdf"" target=""""><br>Pour plus d'informations, cliquez ici pour télécharger l'affiche PDF</a>.<br>Les horaires du calculateur d'itinéraire  tiennent  compte des travaux.<br>Motif : travaux.</p>";20220220T184009;Transilien Train Transilien H;26043e7a-9274-11ec-a384-005056a47b86;travaux
future;Incidents;30;perturbée;SIGNIFICANT_DELAYS;20220722T220000;20220723T020000;26043e7a-9274-11ec-a384-005056a47b86;" / Ligne H : Paris - Persan via Montsoult 03/01-16/12 / <p>Période : en soirée<br>Dates : du lundi 03 janvier au vendredi 16 décembre 2022, sauf les week-ends.<br>Le trafic est interrompu entre Paris Gare du Nord et Persan - Beaumont via Montsoult - Maffliers.<br>Un service de bus de remplacement est mis en place, avec desserte des gares intermédiaires.<br><a href=""https://www.transilien.com/sites/transilien/files/sentinelle-20220103-h-pno-sll-peb-0301-1612.pdf"" target=""""><br>Pour plus d'informations, cliquez ici pour télécharger l'affiche PDF</a>.<br>Les horaires du calculateur d'itinéraire  tiennent  compte des travaux.<br>Motif : travaux.</p>";20220220T184009;Transilien Train Transilien H;26043e7a-9274-11ec-a384-005056a47b86;travaux
future;Incidents;30;perturbée;SIGNIFICANT_DELAYS;20220901T220000;20220902T020000;26043e7a-9274-11ec-a384-005056a47b86;" / Ligne H : Paris - Persan via Montsoult 03/01-16/12 / <p>Période : en soirée<br>Dates : du lundi 03 janvier au vendredi 16 décembre 2022, sauf les week-ends.<br>Le trafic est interrompu entre Paris Gare du Nord et Persan - Beaumont via Montsoult - Maffliers.<br>Un service de bus de remplacement est mis en place, avec desserte des gares intermédiaires.<br><a href=""https://www.transilien.com/sites/transilien/files/sentinelle-20220103-h-pno-sll-peb-0301-1612.pdf"" target=""""><br>Pour plus d'informations, cliquez ici pour télécharger l'affiche PDF</a>.<br>Les horaires du calculateur d'itinéraire  tiennent  compte des travaux.<br>Motif : travaux.</p>";20220220T184009;Transilien Train Transilien H;26043e7a-9274-11ec-a384-005056a47b86;travaux
future;Incidents;30;perturbée;SIGNIFICANT_DELAYS;20220318T220000;20220319T020000;26043e7a-9274-11ec-a384-005056a47b86;" / Ligne H : Paris - Persan via Montsoult 03/01-16/12 / <p>Période : en soirée<br>Dates : du lundi 03 janvier au vendredi 16 décembre 2022, sauf les week-ends.<br>Le trafic est interrompu entre Paris Gare du Nord et Persan - Beaumont via Montsoult - Maffliers.<br>Un service de bus de remplacement est mis en place, avec desserte des gares intermédiaires.<br><a href=""https://www.transilien.com/sites/transilien/files/sentinelle-20220103-h-pno-sll-peb-0301-1612.pdf"" target=""""><br>Pour plus d'informations, cliquez ici pour télécharger l'affiche PDF</a>.<br>Les horaires du calculateur d'itinéraire  tiennent  compte des travaux.<br>Motif : travaux.</p>";20220220T184009;Transilien Train Transilien H;26043e7a-9274-11ec-a384-005056a47b86;travaux
future;Incidents;30;perturbée;SIGNIFICANT_DELAYS;20220314T220000;20220315T020000;26043e7a-9274-11ec-a384-005056a47b86;" / Ligne H : Paris - Persan via Montsoult 03/01-16/12 / <p>Période : en soirée<br>Dates : du lundi 03 janvier au vendredi 16 décembre 2022, sauf les week-ends.<br>Le trafic est interrompu entre Paris Gare du Nord et Persan - Beaumont via Montsoult - Maffliers.<br>Un service de bus de remplacement est mis en place, avec desserte des gares intermédiaires.<br><a href=""https://www.transilien.com/sites/transilien/files/sentinelle-20220103-h-pno-sll-peb-0301-1612.pdf"" target=""""><br>Pour plus d'informations, cliquez ici pour télécharger l'affiche PDF</a>.<br>Les horaires du calculateur d'itinéraire  tiennent  compte des travaux.<br>Motif : travaux.</p>";20220220T184009;Transilien Train Transilien H;26043e7a-9274-11ec-a384-005056a47b86;travaux
future;Incidents;30;perturbée;SIGNIFICANT_DELAYS;20220317T220000;20220318T020000;26043e7a-9274-11ec-a384-005056a47b86;" / Ligne H : Paris - Persan via Montsoult 03/01-16/12 / <p>Période : en soirée<br>Dates : du lundi 03 janvier au vendredi 16 décembre 2022, sauf les week-ends.<br>Le trafic est interrompu entre Paris Gare du Nord et Persan - Beaumont via Montsoult - Maffliers.<br>Un service de bus de remplacement est mis en place, avec desserte des gares intermédiaires.<br><a href=""https://www.transilien.com/sites/transilien/files/sentinelle-20220103-h-pno-sll-peb-0301-1612.pdf"" target=""""><br>Pour plus d'informations, cliquez ici pour télécharger l'affiche PDF</a>.<br>Les horaires du calculateur d'itinéraire  tiennent  compte des travaux.<br>Motif : travaux.</p>";20220220T184009;Transilien Train Transilien H;26043e7a-9274-11ec-a384-005056a47b86;travaux
future;Incidents;30;perturbée;SIGNIFICANT_DELAYS;20220321T220000;20220322T020000;26043e7a-9274-11ec-a384-005056a47b86;" / Ligne H : Paris - Persan via Montsoult 03/01-16/12 / <p>Période : en soirée<br>Dates : du lundi 03 janvier au vendredi 16 décembre 2022, sauf les week-ends.<br>Le trafic est interrompu entre Paris Gare du Nord et Persan - Beaumont via Montsoult - Maffliers.<br>Un service de bus de remplacement est mis en place, avec desserte des gares intermédiaires.<br><a href=""https://www.transilien.com/sites/transilien/files/sentinelle-20220103-h-pno-sll-peb-0301-1612.pdf"" target=""""><br>Pour plus d'informations, cliquez ici pour télécharger l'affiche PDF</a>.<br>Les horaires du calculateur d'itinéraire  tiennent  compte des travaux.<br>Motif : travaux.</p>";20220220T184009;Transilien Train Transilien H;26043e7a-9274-11ec-a384-005056a47b86;travaux
future;Incidents;30;perturbée;SIGNIFICANT_DELAYS;20220301T220000;20220302T020000;26043e7a-9274-11ec-a384-005056a47b86;" / Ligne H : Paris - Persan via Montsoult 03/01-16/12 / <p>Période : en soirée<br>Dates : du lundi 03 janvier au vendredi 16 décembre 2022, sauf les week-ends.<br>Le trafic est interrompu entre Paris Gare du Nord et Persan - Beaumont via Montsoult - Maffliers.<br>Un service de bus de remplacement est mis en place, avec desserte des gares intermédiaires.<br><a href=""https://www.transilien.com/sites/transilien/files/sentinelle-20220103-h-pno-sll-peb-0301-1612.pdf"" target=""""><br>Pour plus d'informations, cliquez ici pour télécharger l'affiche PDF</a>.<br>Les horaires du calculateur d'itinéraire  tiennent  compte des travaux.<br>Motif : travaux.</p>";20220220T184009;Transilien Train Transilien H;26043e7a-9274-11ec-a384-005056a47b86;travaux
future;Incidents;30;perturbée;SIGNIFICANT_DELAYS;20220207T220000;20220208T020000;26043e7a-9274-11ec-a384-005056a47b86;" / Ligne H : Paris - Persan via Montsoult 03/01-16/12 / <p>Période : en soirée<br>Dates : du lundi 03 janvier au vendredi 16 décembre 2022, sauf les week-ends.<br>Le trafic est interrompu entre Paris Gare du Nord et Persan - Beaumont via Montsoult - Maffliers.<br>Un service de bus de remplacement est mis en place, avec desserte des gares intermédiaires.<br><a href=""https://www.transilien.com/sites/transilien/files/sentinelle-20220103-h-pno-sll-peb-0301-1612.pdf"" target=""""><br>Pour plus d'informations, cliquez ici pour télécharger l'affiche PDF</a>.<br>Les horaires du calculateur d'itinéraire  tiennent  compte des travaux.<br>Motif : travaux.</p>";20220220T184009;Transilien Train Transilien H;26043e7a-9274-11ec-a384-005056a47b86;travaux
future;Incidents;30;perturbée;SIGNIFICANT_DELAYS;20220322T220000;20220323T020000;26043e7a-9274-11ec-a384-005056a47b86;" / Ligne H : Paris - Persan via Montsoult 03/01-16/12 / <p>Période : en soirée<br>Dates : du lundi 03 janvier au vendredi 16 décembre 2022, sauf les week-ends.<br>Le trafic est interrompu entre Paris Gare du Nord et Persan - Beaumont via Montsoult - Maffliers.<br>Un service de bus de remplacement est mis en place, avec desserte des gares intermédiaires.<br><a href=""https://www.transilien.com/sites/transilien/files/sentinelle-20220103-h-pno-sll-peb-0301-1612.pdf"" target=""""><br>Pour plus d'informations, cliquez ici pour télécharger l'affiche PDF</a>.<br>Les horaires du calculateur d'itinéraire  tiennent  compte des travaux.<br>Motif : travaux.</p>";20220220T184009;Transilien Train Transilien H;26043e7a-9274-11ec-a384-005056a47b86;travaux
future;Incidents;30;perturbée;SIGNIFICANT_DELAYS;20220623T220000;20220624T020000;26043e7a-9274-11ec-a384-005056a47b86;" / Ligne H : Paris - Persan via Montsoult 03/01-16/12 / <p>Période : en soirée<br>Dates : du lundi 03 janvier au vendredi 16 décembre 2022, sauf les week-ends.<br>Le trafic est interrompu entre Paris Gare du Nord et Persan - Beaumont via Montsoult - Maffliers.<br>Un service de bus de remplacement est mis en place, avec desserte des gares intermédiaires.<br><a href=""https://www.transilien.com/sites/transilien/files/sentinelle-20220103-h-pno-sll-peb-0301-1612.pdf"" target=""""><br>Pour plus d'informations, cliquez ici pour télécharger l'affiche PDF</a>.<br>Les horaires du calculateur d'itinéraire  tiennent  compte des travaux.<br>Motif : travaux.</p>";20220220T184009;Transilien Train Transilien H;26043e7a-9274-11ec-a384-005056a47b86;travaux
future;Incidents;30;perturbée;SIGNIFICANT_DELAYS;20220421T220000;20220422T020000;26043e7a-9274-11ec-a384-005056a47b86;" / Ligne H : Paris - Persan via Montsoult 03/01-16/12 / <p>Période : en soirée<br>Dates : du lundi 03 janvier au vendredi 16 décembre 2022, sauf les week-ends.<br>Le trafic est interrompu entre Paris Gare du Nord et Persan - Beaumont via Montsoult - Maffliers.<br>Un service de bus de remplacement est mis en place, avec desserte des gares intermédiaires.<br><a href=""https://www.transilien.com/sites/transilien/files/sentinelle-20220103-h-pno-sll-peb-0301-1612.pdf"" target=""""><br>Pour plus d'informations, cliquez ici pour télécharger l'affiche PDF</a>.<br>Les horaires du calculateur d'itinéraire  tiennent  compte des travaux.<br>Motif : travaux.</p>";20220220T184009;Transilien Train Transilien H;26043e7a-9274-11ec-a384-005056a47b86;travaux
future;Incidents;30;perturbée;SIGNIFICANT_DELAYS;20220712T220000;20220713T020000;26043e7a-9274-11ec-a384-005056a47b86;" / Ligne H : Paris - Persan via Montsoult 03/01-16/12 / <p>Période : en soirée<br>Dates : du lundi 03 janvier au vendredi 16 décembre 2022, sauf les week-ends.<br>Le trafic est interrompu entre Paris Gare du Nord et Persan - Beaumont via Montsoult - Maffliers.<br>Un service de bus de remplacement est mis en place, avec desserte des gares intermédiaires.<br><a href=""https://www.transilien.com/sites/transilien/files/sentinelle-20220103-h-pno-sll-peb-0301-1612.pdf"" target=""""><br>Pour plus d'informations, cliquez ici pour télécharger l'affiche PDF</a>.<br>Les horaires du calculateur d'itinéraire  tiennent  compte des travaux.<br>Motif : travaux.</p>";20220220T184009;Transilien Train Transilien H;26043e7a-9274-11ec-a384-005056a47b86;travaux
future;Incidents;30;perturbée;SIGNIFICANT_DELAYS;20220818T220000;20220819T020000;26043e7a-9274-11ec-a384-005056a47b86;" / Ligne H : Paris - Persan via Montsoult 03/01-16/12 / <p>Période : en soirée<br>Dates : du lundi 03 janvier au vendredi 16 décembre 2022, sauf les week-ends.<br>Le trafic est interrompu entre Paris Gare du Nord et Persan - Beaumont via Montsoult - Maffliers.<br>Un service de bus de remplacement est mis en place, avec desserte des gares intermédiaires.<br><a href=""https://www.transilien.com/sites/transilien/files/sentinelle-20220103-h-pno-sll-peb-0301-1612.pdf"" target=""""><br>Pour plus d'informations, cliquez ici pour télécharger l'affiche PDF</a>.<br>Les horaires du calculateur d'itinéraire  tiennent  compte des travaux.<br>Motif : travaux.</p>";20220220T184009;Transilien Train Transilien H;26043e7a-9274-11ec-a384-005056a47b86;travaux
future;Incidents;30;perturbée;SIGNIFICANT_DELAYS;20220414T220000;20220415T020000;26043e7a-9274-11ec-a384-005056a47b86;" / Ligne H : Paris - Persan via Montsoult 03/01-16/12 / <p>Période : en soirée<br>Dates : du lundi 03 janvier au vendredi 16 décembre 2022, sauf les week-ends.<br>Le trafic est interrompu entre Paris Gare du Nord et Persan - Beaumont via Montsoult - Maffliers.<br>Un service de bus de remplacement est mis en place, avec desserte des gares intermédiaires.<br><a href=""https://www.transilien.com/sites/transilien/files/sentinelle-20220103-h-pno-sll-peb-0301-1612.pdf"" target=""""><br>Pour plus d'informations, cliquez ici pour télécharger l'affiche PDF</a>.<br>Les horaires du calculateur d'itinéraire  tiennent  compte des travaux.<br>Motif : travaux.</p>";20220220T184009;Transilien Train Transilien H;26043e7a-9274-11ec-a384-005056a47b86;travaux
future;Incidents;30;perturbée;SIGNIFICANT_DELAYS;20220725T220000;20220726T020000;26043e7a-9274-11ec-a384-005056a47b86;" / Ligne H : Paris - Persan via Montsoult 03/01-16/12 / <p>Période : en soirée<br>Dates : du lundi 03 janvier au vendredi 16 décembre 2022, sauf les week-ends.<br>Le trafic est interrompu entre Paris Gare du Nord et Persan - Beaumont via Montsoult - Maffliers.<br>Un service de bus de remplacement est mis en place, avec desserte des gares intermédiaires.<br><a href=""https://www.transilien.com/sites/transilien/files/sentinelle-20220103-h-pno-sll-peb-0301-1612.pdf"" target=""""><br>Pour plus d'informations, cliquez ici pour télécharger l'affiche PDF</a>.<br>Les horaires du calculateur d'itinéraire  tiennent  compte des travaux.<br>Motif : travaux.</p>";20220220T184009;Transilien Train Transilien H;26043e7a-9274-11ec-a384-005056a47b86;travaux
future;Incidents;30;perturbée;SIGNIFICANT_DELAYS;20220525T220000;20220526T020000;26043e7a-9274-11ec-a384-005056a47b86;" / Ligne H : Paris - Persan via Montsoult 03/01-16/12 / <p>Période : en soirée<br>Dates : du lundi 03 janvier au vendredi 16 décembre 2022, sauf les week-ends.<br>Le trafic est interrompu entre Paris Gare du Nord et Persan - Beaumont via Montsoult - Maffliers.<br>Un service de bus de remplacement est mis en place, avec desserte des gares intermédiaires.<br><a href=""https://www.transilien.com/sites/transilien/files/sentinelle-20220103-h-pno-sll-peb-0301-1612.pdf"" target=""""><br>Pour plus d'informations, cliquez ici pour télécharger l'affiche PDF</a>.<br>Les horaires du calculateur d'itinéraire  tiennent  compte des travaux.<br>Motif : travaux.</p>";20220220T184009;Transilien Train Transilien H;26043e7a-9274-11ec-a384-005056a47b86;travaux
future;Incidents;30;perturbée;SIGNIFICANT_DELAYS;20220110T220000;20220111T020000;26043e7a-9274-11ec-a384-005056a47b86;" / Ligne H : Paris - Persan via Montsoult 03/01-16/12 / <p>Période : en soirée<br>Dates : du lundi 03 janvier au vendredi 16 décembre 2022, sauf les week-ends.<br>Le trafic est interrompu entre Paris Gare du Nord et Persan - Beaumont via Montsoult - Maffliers.<br>Un service de bus de remplacement est mis en place, avec desserte des gares intermédiaires.<br><a href=""https://www.transilien.com/sites/transilien/files/sentinelle-20220103-h-pno-sll-peb-0301-1612.pdf"" target=""""><br>Pour plus d'informations, cliquez ici pour télécharger l'affiche PDF</a>.<br>Les horaires du calculateur d'itinéraire  tiennent  compte des travaux.<br>Motif : travaux.</p>";20220220T184009;Transilien Train Transilien H;26043e7a-9274-11ec-a384-005056a47b86;travaux
future;Incidents;30;perturbée;SIGNIFICANT_DELAYS;20220614T220000;20220615T020000;26043e7a-9274-11ec-a384-005056a47b86;" / Ligne H : Paris - Persan via Montsoult 03/01-16/12 / <p>Période : en soirée<br>Dates : du lundi 03 janvier au vendredi 16 décembre 2022, sauf les week-ends.<br>Le trafic est interrompu entre Paris Gare du Nord et Persan - Beaumont via Montsoult - Maffliers.<br>Un service de bus de remplacement est mis en place, avec desserte des gares intermédiaires.<br><a href=""https://www.transilien.com/sites/transilien/files/sentinelle-20220103-h-pno-sll-peb-0301-1612.pdf"" target=""""><br>Pour plus d'informations, cliquez ici pour télécharger l'affiche PDF</a>.<br>Les horaires du calculateur d'itinéraire  tiennent  compte des travaux.<br>Motif : travaux.</p>";20220220T184009;Transilien Train Transilien H;26043e7a-9274-11ec-a384-005056a47b86;travaux
future;Incidents;30;perturbée;SIGNIFICANT_DELAYS;20220720T220000;20220721T020000;26043e7a-9274-11ec-a384-005056a47b86;" / Ligne H : Paris - Persan via Montsoult 03/01-16/12 / <p>Période : en soirée<br>Dates : du lundi 03 janvier au vendredi 16 décembre 2022, sauf les week-ends.<br>Le trafic est interrompu entre Paris Gare du Nord et Persan - Beaumont via Montsoult - Maffliers.<br>Un service de bus de remplacement est mis en place, avec desserte des gares intermédiaires.<br><a href=""https://www.transilien.com/sites/transilien/files/sentinelle-20220103-h-pno-sll-peb-0301-1612.pdf"" target=""""><br>Pour plus d'informations, cliquez ici pour télécharger l'affiche PDF</a>.<br>Les horaires du calculateur d'itinéraire  tiennent  compte des travaux.<br>Motif : travaux.</p>";20220220T184009;Transilien Train Transilien H;26043e7a-9274-11ec-a384-005056a47b86;travaux
future;Incidents;30;perturbée;SIGNIFICANT_DELAYS;20220615T220000;20220616T020000;26043e7a-9274-11ec-a384-005056a47b86;" / Ligne H : Paris - Persan via Montsoult 03/01-16/12 / <p>Période : en soirée<br>Dates : du lundi 03 janvier au vendredi 16 décembre 2022, sauf les week-ends.<br>Le trafic est interrompu entre Paris Gare du Nord et Persan - Beaumont via Montsoult - Maffliers.<br>Un service de bus de remplacement est mis en place, avec desserte des gares intermédiaires.<br><a href=""https://www.transilien.com/sites/transilien/files/sentinelle-20220103-h-pno-sll-peb-0301-1612.pdf"" target=""""><br>Pour plus d'informations, cliquez ici pour télécharger l'affiche PDF</a>.<br>Les horaires du calculateur d'itinéraire  tiennent  compte des travaux.<br>Motif : travaux.</p>";20220220T184009;Transilien Train Transilien H;26043e7a-9274-11ec-a384-005056a47b86;travaux
future;Incidents;30;perturbée;SIGNIFICANT_DELAYS;20220728T220000;20220729T020000;26043e7a-9274-11ec-a384-005056a47b86;" / Ligne H : Paris - Persan via Montsoult 03/01-16/12 / <p>Période : en soirée<br>Dates : du lundi 03 janvier au vendredi 16 décembre 2022, sauf les week-ends.<br>Le trafic est interrompu entre Paris Gare du Nord et Persan - Beaumont via Montsoult - Maffliers.<br>Un service de bus de remplacement est mis en place, avec desserte des gares intermédiaires.<br><a href=""https://www.transilien.com/sites/transilien/files/sentinelle-20220103-h-pno-sll-peb-0301-1612.pdf"" target=""""><br>Pour plus d'informations, cliquez ici pour télécharger l'affiche PDF</a>.<br>Les horaires du calculateur d'itinéraire  tiennent  compte des travaux.<br>Motif : travaux.</p>";20220220T184009;Transilien Train Transilien H;26043e7a-9274-11ec-a384-005056a47b86;travaux
future;Incidents;30;perturbée;SIGNIFICANT_DELAYS;20220520T220000;20220521T020000;26043e7a-9274-11ec-a384-005056a47b86;" / Ligne H : Paris - Persan via Montsoult 03/01-16/12 / <p>Période : en soirée<br>Dates : du lundi 03 janvier au vendredi 16 décembre 2022, sauf les week-ends.<br>Le trafic est interrompu entre Paris Gare du Nord et Persan - Beaumont via Montsoult - Maffliers.<br>Un service de bus de remplacement est mis en place, avec desserte des gares intermédiaires.<br><a href=""https://www.transilien.com/sites/transilien/files/sentinelle-20220103-h-pno-sll-peb-0301-1612.pdf"" target=""""><br>Pour plus d'informations, cliquez ici pour télécharger l'affiche PDF</a>.<br>Les horaires du calculateur d'itinéraire  tiennent  compte des travaux.<br>Motif : travaux.</p>";20220220T184009;Transilien Train Transilien H;26043e7a-9274-11ec-a384-005056a47b86;travaux
future;Incidents;30;perturbée;SIGNIFICANT_DELAYS;20220413T220000;20220414T020000;26043e7a-9274-11ec-a384-005056a47b86;" / Ligne H : Paris - Persan via Montsoult 03/01-16/12 / <p>Période : en soirée<br>Dates : du lundi 03 janvier au vendredi 16 décembre 2022, sauf les week-ends.<br>Le trafic est interrompu entre Paris Gare du Nord et Persan - Beaumont via Montsoult - Maffliers.<br>Un service de bus de remplacement est mis en place, avec desserte des gares intermédiaires.<br><a href=""https://www.transilien.com/sites/transilien/files/sentinelle-20220103-h-pno-sll-peb-0301-1612.pdf"" target=""""><br>Pour plus d'informations, cliquez ici pour télécharger l'affiche PDF</a>.<br>Les horaires du calculateur d'itinéraire  tiennent  compte des travaux.<br>Motif : travaux.</p>";20220220T184009;Transilien Train Transilien H;26043e7a-9274-11ec-a384-005056a47b86;travaux
future;Incidents;30;perturbée;SIGNIFICANT_DELAYS;20220411T220000;20220412T020000;26043e7a-9274-11ec-a384-005056a47b86;" / Ligne H : Paris - Persan via Montsoult 03/01-16/12 / <p>Période : en soirée<br>Dates : du lundi 03 janvier au vendredi 16 décembre 2022, sauf les week-ends.<br>Le trafic est interrompu entre Paris Gare du Nord et Persan - Beaumont via Montsoult - Maffliers.<br>Un service de bus de remplacement est mis en place, avec desserte des gares intermédiaires.<br><a href=""https://www.transilien.com/sites/transilien/files/sentinelle-20220103-h-pno-sll-peb-0301-1612.pdf"" target=""""><br>Pour plus d'informations, cliquez ici pour télécharger l'affiche PDF</a>.<br>Les horaires du calculateur d'itinéraire  tiennent  compte des travaux.<br>Motif : travaux.</p>";20220220T184009;Transilien Train Transilien H;26043e7a-9274-11ec-a384-005056a47b86;travaux
future;Incidents;30;perturbée;SIGNIFICANT_DELAYS;20220616T220000;20220617T020000;26043e7a-9274-11ec-a384-005056a47b86;" / Ligne H : Paris - Persan via Montsoult 03/01-16/12 / <p>Période : en soirée<br>Dates : du lundi 03 janvier au vendredi 16 décembre 2022, sauf les week-ends.<br>Le trafic est interrompu entre Paris Gare du Nord et Persan - Beaumont via Montsoult - Maffliers.<br>Un service de bus de remplacement est mis en place, avec desserte des gares intermédiaires.<br><a href=""https://www.transilien.com/sites/transilien/files/sentinelle-20220103-h-pno-sll-peb-0301-1612.pdf"" target=""""><br>Pour plus d'informations, cliquez ici pour télécharger l'affiche PDF</a>.<br>Les horaires du calculateur d'itinéraire  tiennent  compte des travaux.<br>Motif : travaux.</p>";20220220T184009;Transilien Train Transilien H;26043e7a-9274-11ec-a384-005056a47b86;travaux
future;Incidents;30;perturbée;SIGNIFICANT_DELAYS;20220607T220000;20220608T020000;26043e7a-9274-11ec-a384-005056a47b86;" / Ligne H : Paris - Persan via Montsoult 03/01-16/12 / <p>Période : en soirée<br>Dates : du lundi 03 janvier au vendredi 16 décembre 2022, sauf les week-ends.<br>Le trafic est interrompu entre Paris Gare du Nord et Persan - Beaumont via Montsoult - Maffliers.<br>Un service de bus de remplacement est mis en place, avec desserte des gares intermédiaires.<br><a href=""https://www.transilien.com/sites/transilien/files/sentinelle-20220103-h-pno-sll-peb-0301-1612.pdf"" target=""""><br>Pour plus d'informations, cliquez ici pour télécharger l'affiche PDF</a>.<br>Les horaires du calculateur d'itinéraire  tiennent  compte des travaux.<br>Motif : travaux.</p>";20220220T184009;Transilien Train Transilien H;26043e7a-9274-11ec-a384-005056a47b86;travaux
future;Incidents;30;perturbée;SIGNIFICANT_DELAYS;20220215T220000;20220216T020000;26043e7a-9274-11ec-a384-005056a47b86;" / Ligne H : Paris - Persan via Montsoult 03/01-16/12 / <p>Période : en soirée<br>Dates : du lundi 03 janvier au vendredi 16 décembre 2022, sauf les week-ends.<br>Le trafic est interrompu entre Paris Gare du Nord et Persan - Beaumont via Montsoult - Maffliers.<br>Un service de bus de remplacement est mis en place, avec desserte des gares intermédiaires.<br><a href=""https://www.transilien.com/sites/transilien/files/sentinelle-20220103-h-pno-sll-peb-0301-1612.pdf"" target=""""><br>Pour plus d'informations, cliquez ici pour télécharger l'affiche PDF</a>.<br>Les horaires du calculateur d'itinéraire  tiennent  compte des travaux.<br>Motif : travaux.</p>";20220220T184009;Transilien Train Transilien H;26043e7a-9274-11ec-a384-005056a47b86;travaux
future;Incidents;30;perturbée;SIGNIFICANT_DELAYS;20220622T220000;20220623T020000;26043e7a-9274-11ec-a384-005056a47b86;" / Ligne H : Paris - Persan via Montsoult 03/01-16/12 / <p>Période : en soirée<br>Dates : du lundi 03 janvier au vendredi 16 décembre 2022, sauf les week-ends.<br>Le trafic est interrompu entre Paris Gare du Nord et Persan - Beaumont via Montsoult - Maffliers.<br>Un service de bus de remplacement est mis en place, avec desserte des gares intermédiaires.<br><a href=""https://www.transilien.com/sites/transilien/files/sentinelle-20220103-h-pno-sll-peb-0301-1612.pdf"" target=""""><br>Pour plus d'informations, cliquez ici pour télécharger l'affiche PDF</a>.<br>Les horaires du calculateur d'itinéraire  tiennent  compte des travaux.<br>Motif : travaux.</p>";20220220T184009;Transilien Train Transilien H;26043e7a-9274-11ec-a384-005056a47b86;travaux
future;Incidents;30;perturbée;SIGNIFICANT_DELAYS;20220502T220000;20220503T020000;26043e7a-9274-11ec-a384-005056a47b86;" / Ligne H : Paris - Persan via Montsoult 03/01-16/12 / <p>Période : en soirée<br>Dates : du lundi 03 janvier au vendredi 16 décembre 2022, sauf les week-ends.<br>Le trafic est interrompu entre Paris Gare du Nord et Persan - Beaumont via Montsoult - Maffliers.<br>Un service de bus de remplacement est mis en place, avec desserte des gares intermédiaires.<br><a href=""https://www.transilien.com/sites/transilien/files/sentinelle-20220103-h-pno-sll-peb-0301-1612.pdf"" target=""""><br>Pour plus d'informations, cliquez ici pour télécharger l'affiche PDF</a>.<br>Les horaires du calculateur d'itinéraire  tiennent  compte des travaux.<br>Motif : travaux.</p>";20220220T184009;Transilien Train Transilien H;26043e7a-9274-11ec-a384-005056a47b86;travaux
future;Incidents;30;perturbée;SIGNIFICANT_DELAYS;20220928T220000;20220929T020000;26043e7a-9274-11ec-a384-005056a47b86;" / Ligne H : Paris - Persan via Montsoult 03/01-16/12 / <p>Période : en soirée<br>Dates : du lundi 03 janvier au vendredi 16 décembre 2022, sauf les week-ends.<br>Le trafic est interrompu entre Paris Gare du Nord et Persan - Beaumont via Montsoult - Maffliers.<br>Un service de bus de remplacement est mis en place, avec desserte des gares intermédiaires.<br><a href=""https://www.transilien.com/sites/transilien/files/sentinelle-20220103-h-pno-sll-peb-0301-1612.pdf"" target=""""><br>Pour plus d'informations, cliquez ici pour télécharger l'affiche PDF</a>.<br>Les horaires du calculateur d'itinéraire  tiennent  compte des travaux.<br>Motif : travaux.</p>";20220220T184009;Transilien Train Transilien H;26043e7a-9274-11ec-a384-005056a47b86;travaux
future;Incidents;30;perturbée;SIGNIFICANT_DELAYS;20220429T220000;20220430T020000;26043e7a-9274-11ec-a384-005056a47b86;" / Ligne H : Paris - Persan via Montsoult 03/01-16/12 / <p>Période : en soirée<br>Dates : du lundi 03 janvier au vendredi 16 décembre 2022, sauf les week-ends.<br>Le trafic est interrompu entre Paris Gare du Nord et Persan - Beaumont via Montsoult - Maffliers.<br>Un service de bus de remplacement est mis en place, avec desserte des gares intermédiaires.<br><a href=""https://www.transilien.com/sites/transilien/files/sentinelle-20220103-h-pno-sll-peb-0301-1612.pdf"" target=""""><br>Pour plus d'informations, cliquez ici pour télécharger l'affiche PDF</a>.<br>Les horaires du calculateur d'itinéraire  tiennent  compte des travaux.<br>Motif : travaux.</p>";20220220T184009;Transilien Train Transilien H;26043e7a-9274-11ec-a384-005056a47b86;travaux
future;Incidents;30;perturbée;SIGNIFICANT_DELAYS;20220316T220000;20220317T020000;26043e7a-9274-11ec-a384-005056a47b86;" / Ligne H : Paris - Persan via Montsoult 03/01-16/12 / <p>Période : en soirée<br>Dates : du lundi 03 janvier au vendredi 16 décembre 2022, sauf les week-ends.<br>Le trafic est interrompu entre Paris Gare du Nord et Persan - Beaumont via Montsoult - Maffliers.<br>Un service de bus de remplacement est mis en place, avec desserte des gares intermédiaires.<br><a href=""https://www.transilien.com/sites/transilien/files/sentinelle-20220103-h-pno-sll-peb-0301-1612.pdf"" target=""""><br>Pour plus d'informations, cliquez ici pour télécharger l'affiche PDF</a>.<br>Les horaires du calculateur d'itinéraire  tiennent  compte des travaux.<br>Motif : travaux.</p>";20220220T184009;Transilien Train Transilien H;26043e7a-9274-11ec-a384-005056a47b86;travaux
future;Incidents;30;perturbée;SIGNIFICANT_DELAYS;20220315T220000;20220316T020000;26043e7a-9274-11ec-a384-005056a47b86;" / Ligne H : Paris - Persan via Montsoult 03/01-16/12 / <p>Période : en soirée<br>Dates : du lundi 03 janvier au vendredi 16 décembre 2022, sauf les week-ends.<br>Le trafic est interrompu entre Paris Gare du Nord et Persan - Beaumont via Montsoult - Maffliers.<br>Un service de bus de remplacement est mis en place, avec desserte des gares intermédiaires.<br><a href=""https://www.transilien.com/sites/transilien/files/sentinelle-20220103-h-pno-sll-peb-0301-1612.pdf"" target=""""><br>Pour plus d'informations, cliquez ici pour télécharger l'affiche PDF</a>.<br>Les horaires du calculateur d'itinéraire  tiennent  compte des travaux.<br>Motif : travaux.</p>";20220220T184009;Transilien Train Transilien H;26043e7a-9274-11ec-a384-005056a47b86;travaux
future;Incidents;30;perturbée;SIGNIFICANT_DELAYS;20220530T220000;20220531T020000;26043e7a-9274-11ec-a384-005056a47b86;" / Ligne H : Paris - Persan via Montsoult 03/01-16/12 / <p>Période : en soirée<br>Dates : du lundi 03 janvier au vendredi 16 décembre 2022, sauf les week-ends.<br>Le trafic est interrompu entre Paris Gare du Nord et Persan - Beaumont via Montsoult - Maffliers.<br>Un service de bus de remplacement est mis en place, avec desserte des gares intermédiaires.<br><a href=""https://www.transilien.com/sites/transilien/files/sentinelle-20220103-h-pno-sll-peb-0301-1612.pdf"" target=""""><br>Pour plus d'informations, cliquez ici pour télécharger l'affiche PDF</a>.<br>Les horaires du calculateur d'itinéraire  tiennent  compte des travaux.<br>Motif : travaux.</p>";20220220T184009;Transilien Train Transilien H;26043e7a-9274-11ec-a384-005056a47b86;travaux
future;Incidents;30;perturbée;SIGNIFICANT_DELAYS;20220825T220000;20220826T020000;26043e7a-9274-11ec-a384-005056a47b86;" / Ligne H : Paris - Persan via Montsoult 03/01-16/12 / <p>Période : en soirée<br>Dates : du lundi 03 janvier au vendredi 16 décembre 2022, sauf les week-ends.<br>Le trafic est interrompu entre Paris Gare du Nord et Persan - Beaumont via Montsoult - Maffliers.<br>Un service de bus de remplacement est mis en place, avec desserte des gares intermédiaires.<br><a href=""https://www.transilien.com/sites/transilien/files/sentinelle-20220103-h-pno-sll-peb-0301-1612.pdf"" target=""""><br>Pour plus d'informations, cliquez ici pour télécharger l'affiche PDF</a>.<br>Les horaires du calculateur d'itinéraire  tiennent  compte des travaux.<br>Motif : travaux.</p>";20220220T184009;Transilien Train Transilien H;26043e7a-9274-11ec-a384-005056a47b86;travaux
future;Incidents;30;perturbée;SIGNIFICANT_DELAYS;20220309T220000;20220310T020000;26043e7a-9274-11ec-a384-005056a47b86;" / Ligne H : Paris - Persan via Montsoult 03/01-16/12 / <p>Période : en soirée<br>Dates : du lundi 03 janvier au vendredi 16 décembre 2022, sauf les week-ends.<br>Le trafic est interrompu entre Paris Gare du Nord et Persan - Beaumont via Montsoult - Maffliers.<br>Un service de bus de remplacement est mis en place, avec desserte des gares intermédiaires.<br><a href=""https://www.transilien.com/sites/transilien/files/sentinelle-20220103-h-pno-sll-peb-0301-1612.pdf"" target=""""><br>Pour plus d'informations, cliquez ici pour télécharger l'affiche PDF</a>.<br>Les horaires du calculateur d'itinéraire  tiennent  compte des travaux.<br>Motif : travaux.</p>";20220220T184009;Transilien Train Transilien H;26043e7a-9274-11ec-a384-005056a47b86;travaux
future;Incidents;30;perturbée;SIGNIFICANT_DELAYS;20220307T220000;20220308T020000;26043e7a-9274-11ec-a384-005056a47b86;" / Ligne H : Paris - Persan via Montsoult 03/01-16/12 / <p>Période : en soirée<br>Dates : du lundi 03 janvier au vendredi 16 décembre 2022, sauf les week-ends.<br>Le trafic est interrompu entre Paris Gare du Nord et Persan - Beaumont via Montsoult - Maffliers.<br>Un service de bus de remplacement est mis en place, avec desserte des gares intermédiaires.<br><a href=""https://www.transilien.com/sites/transilien/files/sentinelle-20220103-h-pno-sll-peb-0301-1612.pdf"" target=""""><br>Pour plus d'informations, cliquez ici pour télécharger l'affiche PDF</a>.<br>Les horaires du calculateur d'itinéraire  tiennent  compte des travaux.<br>Motif : travaux.</p>";20220220T184009;Transilien Train Transilien H;26043e7a-9274-11ec-a384-005056a47b86;travaux
future;Incidents;30;perturbée;SIGNIFICANT_DELAYS;20220304T220000;20220305T020000;26043e7a-9274-11ec-a384-005056a47b86;" / Ligne H : Paris - Persan via Montsoult 03/01-16/12 / <p>Période : en soirée<br>Dates : du lundi 03 janvier au vendredi 16 décembre 2022, sauf les week-ends.<br>Le trafic est interrompu entre Paris Gare du Nord et Persan - Beaumont via Montsoult - Maffliers.<br>Un service de bus de remplacement est mis en place, avec desserte des gares intermédiaires.<br><a href=""https://www.transilien.com/sites/transilien/files/sentinelle-20220103-h-pno-sll-peb-0301-1612.pdf"" target=""""><br>Pour plus d'informations, cliquez ici pour télécharger l'affiche PDF</a>.<br>Les horaires du calculateur d'itinéraire  tiennent  compte des travaux.<br>Motif : travaux.</p>";20220220T184009;Transilien Train Transilien H;26043e7a-9274-11ec-a384-005056a47b86;travaux
future;Incidents;30;perturbée;SIGNIFICANT_DELAYS;20221007T220000;20221008T020000;26043e7a-9274-11ec-a384-005056a47b86;" / Ligne H : Paris - Persan via Montsoult 03/01-16/12 / <p>Période : en soirée<br>Dates : du lundi 03 janvier au vendredi 16 décembre 2022, sauf les week-ends.<br>Le trafic est interrompu entre Paris Gare du Nord et Persan - Beaumont via Montsoult - Maffliers.<br>Un service de bus de remplacement est mis en place, avec desserte des gares intermédiaires.<br><a href=""https://www.transilien.com/sites/transilien/files/sentinelle-20220103-h-pno-sll-peb-0301-1612.pdf"" target=""""><br>Pour plus d'informations, cliquez ici pour télécharger l'affiche PDF</a>.<br>Les horaires du calculateur d'itinéraire  tiennent  compte des travaux.<br>Motif : travaux.</p>";20220220T184009;Transilien Train Transilien H;26043e7a-9274-11ec-a384-005056a47b86;travaux
future;Incidents;30;perturbée;SIGNIFICANT_DELAYS;20220117T220000;20220118T020000;26043e7a-9274-11ec-a384-005056a47b86;" / Ligne H : Paris - Persan via Montsoult 03/01-16/12 / <p>Période : en soirée<br>Dates : du lundi 03 janvier au vendredi 16 décembre 2022, sauf les week-ends.<br>Le trafic est interrompu entre Paris Gare du Nord et Persan - Beaumont via Montsoult - Maffliers.<br>Un service de bus de remplacement est mis en place, avec desserte des gares intermédiaires.<br><a href=""https://www.transilien.com/sites/transilien/files/sentinelle-20220103-h-pno-sll-peb-0301-1612.pdf"" target=""""><br>Pour plus d'informations, cliquez ici pour télécharger l'affiche PDF</a>.<br>Les horaires du calculateur d'itinéraire  tiennent  compte des travaux.<br>Motif : travaux.</p>";20220220T184009;Transilien Train Transilien H;26043e7a-9274-11ec-a384-005056a47b86;travaux
future;Incidents;30;perturbée;SIGNIFICANT_DELAYS;20220223T220000;20220224T020000;26043e7a-9274-11ec-a384-005056a47b86;" / Ligne H : Paris - Persan via Montsoult 03/01-16/12 / <p>Période : en soirée<br>Dates : du lundi 03 janvier au vendredi 16 décembre 2022, sauf les week-ends.<br>Le trafic est interrompu entre Paris Gare du Nord et Persan - Beaumont via Montsoult - Maffliers.<br>Un service de bus de remplacement est mis en place, avec desserte des gares intermédiaires.<br><a href=""https://www.transilien.com/sites/transilien/files/sentinelle-20220103-h-pno-sll-peb-0301-1612.pdf"" target=""""><br>Pour plus d'informations, cliquez ici pour télécharger l'affiche PDF</a>.<br>Les horaires du calculateur d'itinéraire  tiennent  compte des travaux.<br>Motif : travaux.</p>";20220220T184009;Transilien Train Transilien H;26043e7a-9274-11ec-a384-005056a47b86;travaux
future;Incidents;30;perturbée;SIGNIFICANT_DELAYS;20220920T220000;20220921T020000;26043e7a-9274-11ec-a384-005056a47b86;" / Ligne H : Paris - Persan via Montsoult 03/01-16/12 / <p>Période : en soirée<br>Dates : du lundi 03 janvier au vendredi 16 décembre 2022, sauf les week-ends.<br>Le trafic est interrompu entre Paris Gare du Nord et Persan - Beaumont via Montsoult - Maffliers.<br>Un service de bus de remplacement est mis en place, avec desserte des gares intermédiaires.<br><a href=""https://www.transilien.com/sites/transilien/files/sentinelle-20220103-h-pno-sll-peb-0301-1612.pdf"" target=""""><br>Pour plus d'informations, cliquez ici pour télécharger l'affiche PDF</a>.<br>Les horaires du calculateur d'itinéraire  tiennent  compte des travaux.<br>Motif : travaux.</p>";20220220T184009;Transilien Train Transilien H;26043e7a-9274-11ec-a384-005056a47b86;travaux
future;Incidents;30;perturbée;SIGNIFICANT_DELAYS;20220218T220000;20220219T020000;26043e7a-9274-11ec-a384-005056a47b86;" / Ligne H : Paris - Persan via Montsoult 03/01-16/12 / <p>Période : en soirée<br>Dates : du lundi 03 janvier au vendredi 16 décembre 2022, sauf les week-ends.<br>Le trafic est interrompu entre Paris Gare du Nord et Persan - Beaumont via Montsoult - Maffliers.<br>Un service de bus de remplacement est mis en place, avec desserte des gares intermédiaires.<br><a href=""https://www.transilien.com/sites/transilien/files/sentinelle-20220103-h-pno-sll-peb-0301-1612.pdf"" target=""""><br>Pour plus d'informations, cliquez ici pour télécharger l'affiche PDF</a>.<br>Les horaires du calculateur d'itinéraire  tiennent  compte des travaux.<br>Motif : travaux.</p>";20220220T184009;Transilien Train Transilien H;26043e7a-9274-11ec-a384-005056a47b86;travaux
future;Incidents;30;perturbée;SIGNIFICANT_DELAYS;20220826T220000;20220827T020000;26043e7a-9274-11ec-a384-005056a47b86;" / Ligne H : Paris - Persan via Montsoult 03/01-16/12 / <p>Période : en soirée<br>Dates : du lundi 03 janvier au vendredi 16 décembre 2022, sauf les week-ends.<br>Le trafic est interrompu entre Paris Gare du Nord et Persan - Beaumont via Montsoult - Maffliers.<br>Un service de bus de remplacement est mis en place, avec desserte des gares intermédiaires.<br><a href=""https://www.transilien.com/sites/transilien/files/sentinelle-20220103-h-pno-sll-peb-0301-1612.pdf"" target=""""><br>Pour plus d'informations, cliquez ici pour télécharger l'affiche PDF</a>.<br>Les horaires du calculateur d'itinéraire  tiennent  compte des travaux.<br>Motif : travaux.</p>";20220220T184009;Transilien Train Transilien H;26043e7a-9274-11ec-a384-005056a47b86;travaux
future;Incidents;30;perturbée;SIGNIFICANT_DELAYS;20220302T220000;20220303T020000;26043e7a-9274-11ec-a384-005056a47b86;" / Ligne H : Paris - Persan via Montsoult 03/01-16/12 / <p>Période : en soirée<br>Dates : du lundi 03 janvier au vendredi 16 décembre 2022, sauf les week-ends.<br>Le trafic est interrompu entre Paris Gare du Nord et Persan - Beaumont via Montsoult - Maffliers.<br>Un service de bus de remplacement est mis en place, avec desserte des gares intermédiaires.<br><a href=""https://www.transilien.com/sites/transilien/files/sentinelle-20220103-h-pno-sll-peb-0301-1612.pdf"" target=""""><br>Pour plus d'informations, cliquez ici pour télécharger l'affiche PDF</a>.<br>Les horaires du calculateur d'itinéraire  tiennent  compte des travaux.<br>Motif : travaux.</p>";20220220T184009;Transilien Train Transilien H;26043e7a-9274-11ec-a384-005056a47b86;travaux
future;Incidents;30;perturbée;SIGNIFICANT_DELAYS;20220714T220000;20220715T020000;26043e7a-9274-11ec-a384-005056a47b86;" / Ligne H : Paris - Persan via Montsoult 03/01-16/12 / <p>Période : en soirée<br>Dates : du lundi 03 janvier au vendredi 16 décembre 2022, sauf les week-ends.<br>Le trafic est interrompu entre Paris Gare du Nord et Persan - Beaumont via Montsoult - Maffliers.<br>Un service de bus de remplacement est mis en place, avec desserte des gares intermédiaires.<br><a href=""https://www.transilien.com/sites/transilien/files/sentinelle-20220103-h-pno-sll-peb-0301-1612.pdf"" target=""""><br>Pour plus d'informations, cliquez ici pour télécharger l'affiche PDF</a>.<br>Les horaires du calculateur d'itinéraire  tiennent  compte des travaux.<br>Motif : travaux.</p>";20220220T184009;Transilien Train Transilien H;26043e7a-9274-11ec-a384-005056a47b86;travaux
future;Incidents;30;perturbée;SIGNIFICANT_DELAYS;20220222T220000;20220223T020000;26043e7a-9274-11ec-a384-005056a47b86;" / Ligne H : Paris - Persan via Montsoult 03/01-16/12 / <p>Période : en soirée<br>Dates : du lundi 03 janvier au vendredi 16 décembre 2022, sauf les week-ends.<br>Le trafic est interrompu entre Paris Gare du Nord et Persan - Beaumont via Montsoult - Maffliers.<br>Un service de bus de remplacement est mis en place, avec desserte des gares intermédiaires.<br><a href=""https://www.transilien.com/sites/transilien/files/sentinelle-20220103-h-pno-sll-peb-0301-1612.pdf"" target=""""><br>Pour plus d'informations, cliquez ici pour télécharger l'affiche PDF</a>.<br>Les horaires du calculateur d'itinéraire  tiennent  compte des travaux.<br>Motif : travaux.</p>";20220220T184009;Transilien Train Transilien H;26043e7a-9274-11ec-a384-005056a47b86;travaux
future;Incidents;30;perturbée;SIGNIFICANT_DELAYS;20220111T220000;20220112T020000;26043e7a-9274-11ec-a384-005056a47b86;" / Ligne H : Paris - Persan via Montsoult 03/01-16/12 / <p>Période : en soirée<br>Dates : du lundi 03 janvier au vendredi 16 décembre 2022, sauf les week-ends.<br>Le trafic est interrompu entre Paris Gare du Nord et Persan - Beaumont via Montsoult - Maffliers.<br>Un service de bus de remplacement est mis en place, avec desserte des gares intermédiaires.<br><a href=""https://www.transilien.com/sites/transilien/files/sentinelle-20220103-h-pno-sll-peb-0301-1612.pdf"" target=""""><br>Pour plus d'informations, cliquez ici pour télécharger l'affiche PDF</a>.<br>Les horaires du calculateur d'itinéraire  tiennent  compte des travaux.<br>Motif : travaux.</p>";20220220T184009;Transilien Train Transilien H;26043e7a-9274-11ec-a384-005056a47b86;travaux
future;Incidents;30;perturbée;SIGNIFICANT_DELAYS;20220225T220000;20220226T020000;26043e7a-9274-11ec-a384-005056a47b86;" / Ligne H : Paris - Persan via Montsoult 03/01-16/12 / <p>Période : en soirée<br>Dates : du lundi 03 janvier au vendredi 16 décembre 2022, sauf les week-ends.<br>Le trafic est interrompu entre Paris Gare du Nord et Persan - Beaumont via Montsoult - Maffliers.<br>Un service de bus de remplacement est mis en place, avec desserte des gares intermédiaires.<br><a href=""https://www.transilien.com/sites/transilien/files/sentinelle-20220103-h-pno-sll-peb-0301-1612.pdf"" target=""""><br>Pour plus d'informations, cliquez ici pour télécharger l'affiche PDF</a>.<br>Les horaires du calculateur d'itinéraire  tiennent  compte des travaux.<br>Motif : travaux.</p>";20220220T184009;Transilien Train Transilien H;26043e7a-9274-11ec-a384-005056a47b86;travaux
future;Incidents;30;perturbée;SIGNIFICANT_DELAYS;20220121T220000;20220122T020000;26043e7a-9274-11ec-a384-005056a47b86;" / Ligne H : Paris - Persan via Montsoult 03/01-16/12 / <p>Période : en soirée<br>Dates : du lundi 03 janvier au vendredi 16 décembre 2022, sauf les week-ends.<br>Le trafic est interrompu entre Paris Gare du Nord et Persan - Beaumont via Montsoult - Maffliers.<br>Un service de bus de remplacement est mis en place, avec desserte des gares intermédiaires.<br><a href=""https://www.transilien.com/sites/transilien/files/sentinelle-20220103-h-pno-sll-peb-0301-1612.pdf"" target=""""><br>Pour plus d'informations, cliquez ici pour télécharger l'affiche PDF</a>.<br>Les horaires du calculateur d'itinéraire  tiennent  compte des travaux.<br>Motif : travaux.</p>";20220220T184009;Transilien Train Transilien H;26043e7a-9274-11ec-a384-005056a47b86;travaux
future;Incidents;30;perturbée;SIGNIFICANT_DELAYS;20220603T220000;20220604T020000;26043e7a-9274-11ec-a384-005056a47b86;" / Ligne H : Paris - Persan via Montsoult 03/01-16/12 / <p>Période : en soirée<br>Dates : du lundi 03 janvier au vendredi 16 décembre 2022, sauf les week-ends.<br>Le trafic est interrompu entre Paris Gare du Nord et Persan - Beaumont via Montsoult - Maffliers.<br>Un service de bus de remplacement est mis en place, avec desserte des gares intermédiaires.<br><a href=""https://www.transilien.com/sites/transilien/files/sentinelle-20220103-h-pno-sll-peb-0301-1612.pdf"" target=""""><br>Pour plus d'informations, cliquez ici pour télécharger l'affiche PDF</a>.<br>Les horaires du calculateur d'itinéraire  tiennent  compte des travaux.<br>Motif : travaux.</p>";20220220T184009;Transilien Train Transilien H;26043e7a-9274-11ec-a384-005056a47b86;travaux
future;Incidents;30;perturbée;SIGNIFICANT_DELAYS;20220601T220000;20220602T020000;26043e7a-9274-11ec-a384-005056a47b86;" / Ligne H : Paris - Persan via Montsoult 03/01-16/12 / <p>Période : en soirée<br>Dates : du lundi 03 janvier au vendredi 16 décembre 2022, sauf les week-ends.<br>Le trafic est interrompu entre Paris Gare du Nord et Persan - Beaumont via Montsoult - Maffliers.<br>Un service de bus de remplacement est mis en place, avec desserte des gares intermédiaires.<br><a href=""https://www.transilien.com/sites/transilien/files/sentinelle-20220103-h-pno-sll-peb-0301-1612.pdf"" target=""""><br>Pour plus d'informations, cliquez ici pour télécharger l'affiche PDF</a>.<br>Les horaires du calculateur d'itinéraire  tiennent  compte des travaux.<br>Motif : travaux.</p>";20220220T184009;Transilien Train Transilien H;26043e7a-9274-11ec-a384-005056a47b86;travaux
future;Incidents;30;perturbée;SIGNIFICANT_DELAYS;20220418T220000;20220419T020000;26043e7a-9274-11ec-a384-005056a47b86;" / Ligne H : Paris - Persan via Montsoult 03/01-16/12 / <p>Période : en soirée<br>Dates : du lundi 03 janvier au vendredi 16 décembre 2022, sauf les week-ends.<br>Le trafic est interrompu entre Paris Gare du Nord et Persan - Beaumont via Montsoult - Maffliers.<br>Un service de bus de remplacement est mis en place, avec desserte des gares intermédiaires.<br><a href=""https://www.transilien.com/sites/transilien/files/sentinelle-20220103-h-pno-sll-peb-0301-1612.pdf"" target=""""><br>Pour plus d'informations, cliquez ici pour télécharger l'affiche PDF</a>.<br>Les horaires du calculateur d'itinéraire  tiennent  compte des travaux.<br>Motif : travaux.</p>";20220220T184009;Transilien Train Transilien H;26043e7a-9274-11ec-a384-005056a47b86;travaux
future;Incidents;30;perturbée;SIGNIFICANT_DELAYS;20220224T220000;20220225T020000;26043e7a-9274-11ec-a384-005056a47b86;" / Ligne H : Paris - Persan via Montsoult 03/01-16/12 / <p>Période : en soirée<br>Dates : du lundi 03 janvier au vendredi 16 décembre 2022, sauf les week-ends.<br>Le trafic est interrompu entre Paris Gare du Nord et Persan - Beaumont via Montsoult - Maffliers.<br>Un service de bus de remplacement est mis en place, avec desserte des gares intermédiaires.<br><a href=""https://www.transilien.com/sites/transilien/files/sentinelle-20220103-h-pno-sll-peb-0301-1612.pdf"" target=""""><br>Pour plus d'informations, cliquez ici pour télécharger l'affiche PDF</a>.<br>Les horaires du calculateur d'itinéraire  tiennent  compte des travaux.<br>Motif : travaux.</p>";20220220T184009;Transilien Train Transilien H;26043e7a-9274-11ec-a384-005056a47b86;travaux
future;Incidents;30;perturbée;SIGNIFICANT_DELAYS;20220329T220000;20220330T020000;26043e7a-9274-11ec-a384-005056a47b86;" / Ligne H : Paris - Persan via Montsoult 03/01-16/12 / <p>Période : en soirée<br>Dates : du lundi 03 janvier au vendredi 16 décembre 2022, sauf les week-ends.<br>Le trafic est interrompu entre Paris Gare du Nord et Persan - Beaumont via Montsoult - Maffliers.<br>Un service de bus de remplacement est mis en place, avec desserte des gares intermédiaires.<br><a href=""https://www.transilien.com/sites/transilien/files/sentinelle-20220103-h-pno-sll-peb-0301-1612.pdf"" target=""""><br>Pour plus d'informations, cliquez ici pour télécharger l'affiche PDF</a>.<br>Les horaires du calculateur d'itinéraire  tiennent  compte des travaux.<br>Motif : travaux.</p>";20220220T184009;Transilien Train Transilien H;26043e7a-9274-11ec-a384-005056a47b86;travaux
future;Incidents;30;perturbée;SIGNIFICANT_DELAYS;20220830T220000;20220831T020000;26043e7a-9274-11ec-a384-005056a47b86;" / Ligne H : Paris - Persan via Montsoult 03/01-16/12 / <p>Période : en soirée<br>Dates : du lundi 03 janvier au vendredi 16 décembre 2022, sauf les week-ends.<br>Le trafic est interrompu entre Paris Gare du Nord et Persan - Beaumont via Montsoult - Maffliers.<br>Un service de bus de remplacement est mis en place, avec desserte des gares intermédiaires.<br><a href=""https://www.transilien.com/sites/transilien/files/sentinelle-20220103-h-pno-sll-peb-0301-1612.pdf"" target=""""><br>Pour plus d'informations, cliquez ici pour télécharger l'affiche PDF</a>.<br>Les horaires du calculateur d'itinéraire  tiennent  compte des travaux.<br>Motif : travaux.</p>";20220220T184009;Transilien Train Transilien H;26043e7a-9274-11ec-a384-005056a47b86;travaux
future;Incidents;30;perturbée;SIGNIFICANT_DELAYS;20220323T220000;20220324T020000;26043e7a-9274-11ec-a384-005056a47b86;" / Ligne H : Paris - Persan via Montsoult 03/01-16/12 / <p>Période : en soirée<br>Dates : du lundi 03 janvier au vendredi 16 décembre 2022, sauf les week-ends.<br>Le trafic est interrompu entre Paris Gare du Nord et Persan - Beaumont via Montsoult - Maffliers.<br>Un service de bus de remplacement est mis en place, avec desserte des gares intermédiaires.<br><a href=""https://www.transilien.com/sites/transilien/files/sentinelle-20220103-h-pno-sll-peb-0301-1612.pdf"" target=""""><br>Pour plus d'informations, cliquez ici pour télécharger l'affiche PDF</a>.<br>Les horaires du calculateur d'itinéraire  tiennent  compte des travaux.<br>Motif : travaux.</p>";20220220T184009;Transilien Train Transilien H;26043e7a-9274-11ec-a384-005056a47b86;travaux
future;Incidents;30;perturbée;SIGNIFICANT_DELAYS;20220913T220000;20220914T020000;26043e7a-9274-11ec-a384-005056a47b86;" / Ligne H : Paris - Persan via Montsoult 03/01-16/12 / <p>Période : en soirée<br>Dates : du lundi 03 janvier au vendredi 16 décembre 2022, sauf les week-ends.<br>Le trafic est interrompu entre Paris Gare du Nord et Persan - Beaumont via Montsoult - Maffliers.<br>Un service de bus de remplacement est mis en place, avec desserte des gares intermédiaires.<br><a href=""https://www.transilien.com/sites/transilien/files/sentinelle-20220103-h-pno-sll-peb-0301-1612.pdf"" target=""""><br>Pour plus d'informations, cliquez ici pour télécharger l'affiche PDF</a>.<br>Les horaires du calculateur d'itinéraire  tiennent  compte des travaux.<br>Motif : travaux.</p>";20220220T184009;Transilien Train Transilien H;26043e7a-9274-11ec-a384-005056a47b86;travaux
future;Incidents;30;perturbée;SIGNIFICANT_DELAYS;20220718T220000;20220719T020000;26043e7a-9274-11ec-a384-005056a47b86;" / Ligne H : Paris - Persan via Montsoult 03/01-16/12 / <p>Période : en soirée<br>Dates : du lundi 03 janvier au vendredi 16 décembre 2022, sauf les week-ends.<br>Le trafic est interrompu entre Paris Gare du Nord et Persan - Beaumont via Montsoult - Maffliers.<br>Un service de bus de remplacement est mis en place, avec desserte des gares intermédiaires.<br><a href=""https://www.transilien.com/sites/transilien/files/sentinelle-20220103-h-pno-sll-peb-0301-1612.pdf"" target=""""><br>Pour plus d'informations, cliquez ici pour télécharger l'affiche PDF</a>.<br>Les horaires du calculateur d'itinéraire  tiennent  compte des travaux.<br>Motif : travaux.</p>";20220220T184009;Transilien Train Transilien H;26043e7a-9274-11ec-a384-005056a47b86;travaux
future;Incidents;30;perturbée;SIGNIFICANT_DELAYS;20221006T220000;20221007T020000;26043e7a-9274-11ec-a384-005056a47b86;" / Ligne H : Paris - Persan via Montsoult 03/01-16/12 / <p>Période : en soirée<br>Dates : du lundi 03 janvier au vendredi 16 décembre 2022, sauf les week-ends.<br>Le trafic est interrompu entre Paris Gare du Nord et Persan - Beaumont via Montsoult - Maffliers.<br>Un service de bus de remplacement est mis en place, avec desserte des gares intermédiaires.<br><a href=""https://www.transilien.com/sites/transilien/files/sentinelle-20220103-h-pno-sll-peb-0301-1612.pdf"" target=""""><br>Pour plus d'informations, cliquez ici pour télécharger l'affiche PDF</a>.<br>Les horaires du calculateur d'itinéraire  tiennent  compte des travaux.<br>Motif : travaux.</p>";20220220T184009;Transilien Train Transilien H;26043e7a-9274-11ec-a384-005056a47b86;travaux
future;Incidents;30;perturbée;SIGNIFICANT_DELAYS;20220127T220000;20220128T020000;26043e7a-9274-11ec-a384-005056a47b86;" / Ligne H : Paris - Persan via Montsoult 03/01-16/12 / <p>Période : en soirée<br>Dates : du lundi 03 janvier au vendredi 16 décembre 2022, sauf les week-ends.<br>Le trafic est interrompu entre Paris Gare du Nord et Persan - Beaumont via Montsoult - Maffliers.<br>Un service de bus de remplacement est mis en place, avec desserte des gares intermédiaires.<br><a href=""https://www.transilien.com/sites/transilien/files/sentinelle-20220103-h-pno-sll-peb-0301-1612.pdf"" target=""""><br>Pour plus d'informations, cliquez ici pour télécharger l'affiche PDF</a>.<br>Les horaires du calculateur d'itinéraire  tiennent  compte des travaux.<br>Motif : travaux.</p>";20220220T184009;Transilien Train Transilien H;26043e7a-9274-11ec-a384-005056a47b86;travaux
future;Incidents;30;perturbée;SIGNIFICANT_DELAYS;20220705T220000;20220706T020000;26043e7a-9274-11ec-a384-005056a47b86;" / Ligne H : Paris - Persan via Montsoult 03/01-16/12 / <p>Période : en soirée<br>Dates : du lundi 03 janvier au vendredi 16 décembre 2022, sauf les week-ends.<br>Le trafic est interrompu entre Paris Gare du Nord et Persan - Beaumont via Montsoult - Maffliers.<br>Un service de bus de remplacement est mis en place, avec desserte des gares intermédiaires.<br><a href=""https://www.transilien.com/sites/transilien/files/sentinelle-20220103-h-pno-sll-peb-0301-1612.pdf"" target=""""><br>Pour plus d'informations, cliquez ici pour télécharger l'affiche PDF</a>.<br>Les horaires du calculateur d'itinéraire  tiennent  compte des travaux.<br>Motif : travaux.</p>";20220220T184009;Transilien Train Transilien H;26043e7a-9274-11ec-a384-005056a47b86;travaux
future;Incidents;30;perturbée;SIGNIFICANT_DELAYS;20220713T220000;20220714T020000;26043e7a-9274-11ec-a384-005056a47b86;" / Ligne H : Paris - Persan via Montsoult 03/01-16/12 / <p>Période : en soirée<br>Dates : du lundi 03 janvier au vendredi 16 décembre 2022, sauf les week-ends.<br>Le trafic est interrompu entre Paris Gare du Nord et Persan - Beaumont via Montsoult - Maffliers.<br>Un service de bus de remplacement est mis en place, avec desserte des gares intermédiaires.<br><a href=""https://www.transilien.com/sites/transilien/files/sentinelle-20220103-h-pno-sll-peb-0301-1612.pdf"" target=""""><br>Pour plus d'informations, cliquez ici pour télécharger l'affiche PDF</a>.<br>Les horaires du calculateur d'itinéraire  tiennent  compte des travaux.<br>Motif : travaux.</p>";20220220T184009;Transilien Train Transilien H;26043e7a-9274-11ec-a384-005056a47b86;travaux
future;Incidents;30;perturbée;SIGNIFICANT_DELAYS;20220124T220000;20220125T020000;26043e7a-9274-11ec-a384-005056a47b86;" / Ligne H : Paris - Persan via Montsoult 03/01-16/12 / <p>Période : en soirée<br>Dates : du lundi 03 janvier au vendredi 16 décembre 2022, sauf les week-ends.<br>Le trafic est interrompu entre Paris Gare du Nord et Persan - Beaumont via Montsoult - Maffliers.<br>Un service de bus de remplacement est mis en place, avec desserte des gares intermédiaires.<br><a href=""https://www.transilien.com/sites/transilien/files/sentinelle-20220103-h-pno-sll-peb-0301-1612.pdf"" target=""""><br>Pour plus d'informations, cliquez ici pour télécharger l'affiche PDF</a>.<br>Les horaires du calculateur d'itinéraire  tiennent  compte des travaux.<br>Motif : travaux.</p>";20220220T184009;Transilien Train Transilien H;26043e7a-9274-11ec-a384-005056a47b86;travaux
future;Incidents;30;perturbée;SIGNIFICANT_DELAYS;20220711T220000;20220712T020000;26043e7a-9274-11ec-a384-005056a47b86;" / Ligne H : Paris - Persan via Montsoult 03/01-16/12 / <p>Période : en soirée<br>Dates : du lundi 03 janvier au vendredi 16 décembre 2022, sauf les week-ends.<br>Le trafic est interrompu entre Paris Gare du Nord et Persan - Beaumont via Montsoult - Maffliers.<br>Un service de bus de remplacement est mis en place, avec desserte des gares intermédiaires.<br><a href=""https://www.transilien.com/sites/transilien/files/sentinelle-20220103-h-pno-sll-peb-0301-1612.pdf"" target=""""><br>Pour plus d'informations, cliquez ici pour télécharger l'affiche PDF</a>.<br>Les horaires du calculateur d'itinéraire  tiennent  compte des travaux.<br>Motif : travaux.</p>";20220220T184009;Transilien Train Transilien H;26043e7a-9274-11ec-a384-005056a47b86;travaux
future;Incidents;30;perturbée;SIGNIFICANT_DELAYS;20220706T220000;20220707T020000;26043e7a-9274-11ec-a384-005056a47b86;" / Ligne H : Paris - Persan via Montsoult 03/01-16/12 / <p>Période : en soirée<br>Dates : du lundi 03 janvier au vendredi 16 décembre 2022, sauf les week-ends.<br>Le trafic est interrompu entre Paris Gare du Nord et Persan - Beaumont via Montsoult - Maffliers.<br>Un service de bus de remplacement est mis en place, avec desserte des gares intermédiaires.<br><a href=""https://www.transilien.com/sites/transilien/files/sentinelle-20220103-h-pno-sll-peb-0301-1612.pdf"" target=""""><br>Pour plus d'informations, cliquez ici pour télécharger l'affiche PDF</a>.<br>Les horaires du calculateur d'itinéraire  tiennent  compte des travaux.<br>Motif : travaux.</p>";20220220T184009;Transilien Train Transilien H;26043e7a-9274-11ec-a384-005056a47b86;travaux
future;Incidents;30;perturbée;SIGNIFICANT_DELAYS;20220126T220000;20220127T020000;26043e7a-9274-11ec-a384-005056a47b86;" / Ligne H : Paris - Persan via Montsoult 03/01-16/12 / <p>Période : en soirée<br>Dates : du lundi 03 janvier au vendredi 16 décembre 2022, sauf les week-ends.<br>Le trafic est interrompu entre Paris Gare du Nord et Persan - Beaumont via Montsoult - Maffliers.<br>Un service de bus de remplacement est mis en place, avec desserte des gares intermédiaires.<br><a href=""https://www.transilien.com/sites/transilien/files/sentinelle-20220103-h-pno-sll-peb-0301-1612.pdf"" target=""""><br>Pour plus d'informations, cliquez ici pour télécharger l'affiche PDF</a>.<br>Les horaires du calculateur d'itinéraire  tiennent  compte des travaux.<br>Motif : travaux.</p>";20220220T184009;Transilien Train Transilien H;26043e7a-9274-11ec-a384-005056a47b86;travaux
future;Incidents;30;perturbée;SIGNIFICANT_DELAYS;20221004T220000;20221005T020000;26043e7a-9274-11ec-a384-005056a47b86;" / Ligne H : Paris - Persan via Montsoult 03/01-16/12 / <p>Période : en soirée<br>Dates : du lundi 03 janvier au vendredi 16 décembre 2022, sauf les week-ends.<br>Le trafic est interrompu entre Paris Gare du Nord et Persan - Beaumont via Montsoult - Maffliers.<br>Un service de bus de remplacement est mis en place, avec desserte des gares intermédiaires.<br><a href=""https://www.transilien.com/sites/transilien/files/sentinelle-20220103-h-pno-sll-peb-0301-1612.pdf"" target=""""><br>Pour plus d'informations, cliquez ici pour télécharger l'affiche PDF</a>.<br>Les horaires du calculateur d'itinéraire  tiennent  compte des travaux.<br>Motif : travaux.</p>";20220220T184009;Transilien Train Transilien H;26043e7a-9274-11ec-a384-005056a47b86;travaux
future;Incidents;30;perturbée;SIGNIFICANT_DELAYS;20220330T220000;20220331T020000;26043e7a-9274-11ec-a384-005056a47b86;" / Ligne H : Paris - Persan via Montsoult 03/01-16/12 / <p>Période : en soirée<br>Dates : du lundi 03 janvier au vendredi 16 décembre 2022, sauf les week-ends.<br>Le trafic est interrompu entre Paris Gare du Nord et Persan - Beaumont via Montsoult - Maffliers.<br>Un service de bus de remplacement est mis en place, avec desserte des gares intermédiaires.<br><a href=""https://www.transilien.com/sites/transilien/files/sentinelle-20220103-h-pno-sll-peb-0301-1612.pdf"" target=""""><br>Pour plus d'informations, cliquez ici pour télécharger l'affiche PDF</a>.<br>Les horaires du calculateur d'itinéraire  tiennent  compte des travaux.<br>Motif : travaux.</p>";20220220T184009;Transilien Train Transilien H;26043e7a-9274-11ec-a384-005056a47b86;travaux
future;Incidents;30;perturbée;SIGNIFICANT_DELAYS;20220927T220000;20220928T020000;26043e7a-9274-11ec-a384-005056a47b86;" / Ligne H : Paris - Persan via Montsoult 03/01-16/12 / <p>Période : en soirée<br>Dates : du lundi 03 janvier au vendredi 16 décembre 2022, sauf les week-ends.<br>Le trafic est interrompu entre Paris Gare du Nord et Persan - Beaumont via Montsoult - Maffliers.<br>Un service de bus de remplacement est mis en place, avec desserte des gares intermédiaires.<br><a href=""https://www.transilien.com/sites/transilien/files/sentinelle-20220103-h-pno-sll-peb-0301-1612.pdf"" target=""""><br>Pour plus d'informations, cliquez ici pour télécharger l'affiche PDF</a>.<br>Les horaires du calculateur d'itinéraire  tiennent  compte des travaux.<br>Motif : travaux.</p>";20220220T184009;Transilien Train Transilien H;26043e7a-9274-11ec-a384-005056a47b86;travaux
future;Incidents;30;perturbée;SIGNIFICANT_DELAYS;20220420T220000;20220421T020000;26043e7a-9274-11ec-a384-005056a47b86;" / Ligne H : Paris - Persan via Montsoult 03/01-16/12 / <p>Période : en soirée<br>Dates : du lundi 03 janvier au vendredi 16 décembre 2022, sauf les week-ends.<br>Le trafic est interrompu entre Paris Gare du Nord et Persan - Beaumont via Montsoult - Maffliers.<br>Un service de bus de remplacement est mis en place, avec desserte des gares intermédiaires.<br><a href=""https://www.transilien.com/sites/transilien/files/sentinelle-20220103-h-pno-sll-peb-0301-1612.pdf"" target=""""><br>Pour plus d'informations, cliquez ici pour télécharger l'affiche PDF</a>.<br>Les horaires du calculateur d'itinéraire  tiennent  compte des travaux.<br>Motif : travaux.</p>";20220220T184009;Transilien Train Transilien H;26043e7a-9274-11ec-a384-005056a47b86;travaux
future;Incidents;30;perturbée;SIGNIFICANT_DELAYS;20220803T220000;20220804T020000;26043e7a-9274-11ec-a384-005056a47b86;" / Ligne H : Paris - Persan via Montsoult 03/01-16/12 / <p>Période : en soirée<br>Dates : du lundi 03 janvier au vendredi 16 décembre 2022, sauf les week-ends.<br>Le trafic est interrompu entre Paris Gare du Nord et Persan - Beaumont via Montsoult - Maffliers.<br>Un service de bus de remplacement est mis en place, avec desserte des gares intermédiaires.<br><a href=""https://www.transilien.com/sites/transilien/files/sentinelle-20220103-h-pno-sll-peb-0301-1612.pdf"" target=""""><br>Pour plus d'informations, cliquez ici pour télécharger l'affiche PDF</a>.<br>Les horaires du calculateur d'itinéraire  tiennent  compte des travaux.<br>Motif : travaux.</p>";20220220T184009;Transilien Train Transilien H;26043e7a-9274-11ec-a384-005056a47b86;travaux
future;Incidents;30;perturbée;SIGNIFICANT_DELAYS;20220216T220000;20220217T020000;26043e7a-9274-11ec-a384-005056a47b86;" / Ligne H : Paris - Persan via Montsoult 03/01-16/12 / <p>Période : en soirée<br>Dates : du lundi 03 janvier au vendredi 16 décembre 2022, sauf les week-ends.<br>Le trafic est interrompu entre Paris Gare du Nord et Persan - Beaumont via Montsoult - Maffliers.<br>Un service de bus de remplacement est mis en place, avec desserte des gares intermédiaires.<br><a href=""https://www.transilien.com/sites/transilien/files/sentinelle-20220103-h-pno-sll-peb-0301-1612.pdf"" target=""""><br>Pour plus d'informations, cliquez ici pour télécharger l'affiche PDF</a>.<br>Les horaires du calculateur d'itinéraire  tiennent  compte des travaux.<br>Motif : travaux.</p>";20220220T184009;Transilien Train Transilien H;26043e7a-9274-11ec-a384-005056a47b86;travaux
future;Incidents;30;perturbée;SIGNIFICANT_DELAYS;20220728T213000;20220729T020000;441428d6-b721-11ec-94ba-005056a47b86;" / Ligne P : Château-Th- Paris Est mai-juin-juillet / <p>Période : à partir de 22h<br>Dates : du lundi 2 mai au vendredi 29 juillet, du lundi au vendredi<br>Le trafic est interrompu entre Château-Thierry et Paris Est.<br>Un service de bus de remplacement est mis en place, avec desserte des gares intermédiaires.<br>Pour plus d'informations, <a href=""https://www.transilien.com/sites/transilien/files/sentinelle-P-chateau-mai-juin-juillet.pdf"" target="""">cliquez ici pour télécharger l'affiche PDF</a>.<br>Les horaires du calculateur d'itinéraire tiennent compte des travaux.<br>Motif : travaux.</p> / <p>Période : à partir de 22h<br>Dates : du lundi 2 mai au vendredi 29 juillet, du lundi au vendredi<br>Le trafic est interrompu entre Château-Thierry et Paris Est.<br>Un service de bus de remplacement est mis en place, avec desserte des gares intermédiaires.<br>Pour plus d'informations, <a href=""https://www.transilien.com/sites/transilien/files/sentinelle-P-chateau-mai-juin-juillet.pdf"" target="""">cliquez ici pour télécharger l'affiche PDF</a>.<br>Les horaires du calculateur d'itinéraire tiennent compte des travaux.<br>Motif : travaux.</p> / Ligne P : Château-Th- Paris Est mai-juin-juillet";20220408T115004;Transilien Train Transilien P;441428d6-b721-11ec-94ba-005056a47b86;travaux
future;Incidents;30;perturbée;SIGNIFICANT_DELAYS;20220727T213000;20220728T020000;441428d6-b721-11ec-94ba-005056a47b86;" / Ligne P : Château-Th- Paris Est mai-juin-juillet / <p>Période : à partir de 22h<br>Dates : du lundi 2 mai au vendredi 29 juillet, du lundi au vendredi<br>Le trafic est interrompu entre Château-Thierry et Paris Est.<br>Un service de bus de remplacement est mis en place, avec desserte des gares intermédiaires.<br>Pour plus d'informations, <a href=""https://www.transilien.com/sites/transilien/files/sentinelle-P-chateau-mai-juin-juillet.pdf"" target="""">cliquez ici pour télécharger l'affiche PDF</a>.<br>Les horaires du calculateur d'itinéraire tiennent compte des travaux.<br>Motif : travaux.</p> / <p>Période : à partir de 22h<br>Dates : du lundi 2 mai au vendredi 29 juillet, du lundi au vendredi<br>Le trafic est interrompu entre Château-Thierry et Paris Est.<br>Un service de bus de remplacement est mis en place, avec desserte des gares intermédiaires.<br>Pour plus d'informations, <a href=""https://www.transilien.com/sites/transilien/files/sentinelle-P-chateau-mai-juin-juillet.pdf"" target="""">cliquez ici pour télécharger l'affiche PDF</a>.<br>Les horaires du calculateur d'itinéraire tiennent compte des travaux.<br>Motif : travaux.</p> / Ligne P : Château-Th- Paris Est mai-juin-juillet";20220408T115004;Transilien Train Transilien P;441428d6-b721-11ec-94ba-005056a47b86;travaux
future;Incidents;30;perturbée;SIGNIFICANT_DELAYS;20220726T213000;20220727T020000;441428d6-b721-11ec-94ba-005056a47b86;" / Ligne P : Château-Th- Paris Est mai-juin-juillet / <p>Période : à partir de 22h<br>Dates : du lundi 2 mai au vendredi 29 juillet, du lundi au vendredi<br>Le trafic est interrompu entre Château-Thierry et Paris Est.<br>Un service de bus de remplacement est mis en place, avec desserte des gares intermédiaires.<br>Pour plus d'informations, <a href=""https://www.transilien.com/sites/transilien/files/sentinelle-P-chateau-mai-juin-juillet.pdf"" target="""">cliquez ici pour télécharger l'affiche PDF</a>.<br>Les horaires du calculateur d'itinéraire tiennent compte des travaux.<br>Motif : travaux.</p> / <p>Période : à partir de 22h<br>Dates : du lundi 2 mai au vendredi 29 juillet, du lundi au vendredi<br>Le trafic est interrompu entre Château-Thierry et Paris Est.<br>Un service de bus de remplacement est mis en place, avec desserte des gares intermédiaires.<br>Pour plus d'informations, <a href=""https://www.transilien.com/sites/transilien/files/sentinelle-P-chateau-mai-juin-juillet.pdf"" target="""">cliquez ici pour télécharger l'affiche PDF</a>.<br>Les horaires du calculateur d'itinéraire tiennent compte des travaux.<br>Motif : travaux.</p> / Ligne P : Château-Th- Paris Est mai-juin-juillet";20220408T115004;Transilien Train Transilien P;441428d6-b721-11ec-94ba-005056a47b86;travaux
future;Incidents;30;perturbée;SIGNIFICANT_DELAYS;20220725T213000;20220726T020000;441428d6-b721-11ec-94ba-005056a47b86;" / Ligne P : Château-Th- Paris Est mai-juin-juillet / <p>Période : à partir de 22h<br>Dates : du lundi 2 mai au vendredi 29 juillet, du lundi au vendredi<br>Le trafic est interrompu entre Château-Thierry et Paris Est.<br>Un service de bus de remplacement est mis en place, avec desserte des gares intermédiaires.<br>Pour plus d'informations, <a href=""https://www.transilien.com/sites/transilien/files/sentinelle-P-chateau-mai-juin-juillet.pdf"" target="""">cliquez ici pour télécharger l'affiche PDF</a>.<br>Les horaires du calculateur d'itinéraire tiennent compte des travaux.<br>Motif : travaux.</p> / <p>Période : à partir de 22h<br>Dates : du lundi 2 mai au vendredi 29 juillet, du lundi au vendredi<br>Le trafic est interrompu entre Château-Thierry et Paris Est.<br>Un service de bus de remplacement est mis en place, avec desserte des gares intermédiaires.<br>Pour plus d'informations, <a href=""https://www.transilien.com/sites/transilien/files/sentinelle-P-chateau-mai-juin-juillet.pdf"" target="""">cliquez ici pour télécharger l'affiche PDF</a>.<br>Les horaires du calculateur d'itinéraire tiennent compte des travaux.<br>Motif : travaux.</p> / Ligne P : Château-Th- Paris Est mai-juin-juillet";20220408T115004;Transilien Train Transilien P;441428d6-b721-11ec-94ba-005056a47b86;travaux
future;Incidents;30;perturbée;SIGNIFICANT_DELAYS;20220722T213000;20220723T020000;441428d6-b721-11ec-94ba-005056a47b86;" / Ligne P : Château-Th- Paris Est mai-juin-juillet / <p>Période : à partir de 22h<br>Dates : du lundi 2 mai au vendredi 29 juillet, du lundi au vendredi<br>Le trafic est interrompu entre Château-Thierry et Paris Est.<br>Un service de bus de remplacement est mis en place, avec desserte des gares intermédiaires.<br>Pour plus d'informations, <a href=""https://www.transilien.com/sites/transilien/files/sentinelle-P-chateau-mai-juin-juillet.pdf"" target="""">cliquez ici pour télécharger l'affiche PDF</a>.<br>Les horaires du calculateur d'itinéraire tiennent compte des travaux.<br>Motif : travaux.</p> / <p>Période : à partir de 22h<br>Dates : du lundi 2 mai au vendredi 29 juillet, du lundi au vendredi<br>Le trafic est interrompu entre Château-Thierry et Paris Est.<br>Un service de bus de remplacement est mis en place, avec desserte des gares intermédiaires.<br>Pour plus d'informations, <a href=""https://www.transilien.com/sites/transilien/files/sentinelle-P-chateau-mai-juin-juillet.pdf"" target="""">cliquez ici pour télécharger l'affiche PDF</a>.<br>Les horaires du calculateur d'itinéraire tiennent compte des travaux.<br>Motif : travaux.</p> / Ligne P : Château-Th- Paris Est mai-juin-juillet";20220408T115004;Transilien Train Transilien P;441428d6-b721-11ec-94ba-005056a47b86;travaux
future;Incidents;30;perturbée;SIGNIFICANT_DELAYS;20220721T213000;20220722T020000;441428d6-b721-11ec-94ba-005056a47b86;" / Ligne P : Château-Th- Paris Est mai-juin-juillet / <p>Période : à partir de 22h<br>Dates : du lundi 2 mai au vendredi 29 juillet, du lundi au vendredi<br>Le trafic est interrompu entre Château-Thierry et Paris Est.<br>Un service de bus de remplacement est mis en place, avec desserte des gares intermédiaires.<br>Pour plus d'informations, <a href=""https://www.transilien.com/sites/transilien/files/sentinelle-P-chateau-mai-juin-juillet.pdf"" target="""">cliquez ici pour télécharger l'affiche PDF</a>.<br>Les horaires du calculateur d'itinéraire tiennent compte des travaux.<br>Motif : travaux.</p> / <p>Période : à partir de 22h<br>Dates : du lundi 2 mai au vendredi 29 juillet, du lundi au vendredi<br>Le trafic est interrompu entre Château-Thierry et Paris Est.<br>Un service de bus de remplacement est mis en place, avec desserte des gares intermédiaires.<br>Pour plus d'informations, <a href=""https://www.transilien.com/sites/transilien/files/sentinelle-P-chateau-mai-juin-juillet.pdf"" target="""">cliquez ici pour télécharger l'affiche PDF</a>.<br>Les horaires du calculateur d'itinéraire tiennent compte des travaux.<br>Motif : travaux.</p> / Ligne P : Château-Th- Paris Est mai-juin-juillet";20220408T115004;Transilien Train Transilien P;441428d6-b721-11ec-94ba-005056a47b86;travaux
future;Incidents;30;perturbée;SIGNIFICANT_DELAYS;20220720T213000;20220721T020000;441428d6-b721-11ec-94ba-005056a47b86;" / Ligne P : Château-Th- Paris Est mai-juin-juillet / <p>Période : à partir de 22h<br>Dates : du lundi 2 mai au vendredi 29 juillet, du lundi au vendredi<br>Le trafic est interrompu entre Château-Thierry et Paris Est.<br>Un service de bus de remplacement est mis en place, avec desserte des gares intermédiaires.<br>Pour plus d'informations, <a href=""https://www.transilien.com/sites/transilien/files/sentinelle-P-chateau-mai-juin-juillet.pdf"" target="""">cliquez ici pour télécharger l'affiche PDF</a>.<br>Les horaires du calculateur d'itinéraire tiennent compte des travaux.<br>Motif : travaux.</p> / <p>Période : à partir de 22h<br>Dates : du lundi 2 mai au vendredi 29 juillet, du lundi au vendredi<br>Le trafic est interrompu entre Château-Thierry et Paris Est.<br>Un service de bus de remplacement est mis en place, avec desserte des gares intermédiaires.<br>Pour plus d'informations, <a href=""https://www.transilien.com/sites/transilien/files/sentinelle-P-chateau-mai-juin-juillet.pdf"" target="""">cliquez ici pour télécharger l'affiche PDF</a>.<br>Les horaires du calculateur d'itinéraire tiennent compte des travaux.<br>Motif : travaux.</p> / Ligne P : Château-Th- Paris Est mai-juin-juillet";20220408T115004;Transilien Train Transilien P;441428d6-b721-11ec-94ba-005056a47b86;travaux
future;Incidents;30;perturbée;SIGNIFICANT_DELAYS;20220719T213000;20220720T020000;441428d6-b721-11ec-94ba-005056a47b86;" / Ligne P : Château-Th- Paris Est mai-juin-juillet / <p>Période : à partir de 22h<br>Dates : du lundi 2 mai au vendredi 29 juillet, du lundi au vendredi<br>Le trafic est interrompu entre Château-Thierry et Paris Est.<br>Un service de bus de remplacement est mis en place, avec desserte des gares intermédiaires.<br>Pour plus d'informations, <a href=""https://www.transilien.com/sites/transilien/files/sentinelle-P-chateau-mai-juin-juillet.pdf"" target="""">cliquez ici pour télécharger l'affiche PDF</a>.<br>Les horaires du calculateur d'itinéraire tiennent compte des travaux.<br>Motif : travaux.</p> / <p>Période : à partir de 22h<br>Dates : du lundi 2 mai au vendredi 29 juillet, du lundi au vendredi<br>Le trafic est interrompu entre Château-Thierry et Paris Est.<br>Un service de bus de remplacement est mis en place, avec desserte des gares intermédiaires.<br>Pour plus d'informations, <a href=""https://www.transilien.com/sites/transilien/files/sentinelle-P-chateau-mai-juin-juillet.pdf"" target="""">cliquez ici pour télécharger l'affiche PDF</a>.<br>Les horaires du calculateur d'itinéraire tiennent compte des travaux.<br>Motif : travaux.</p> / Ligne P : Château-Th- Paris Est mai-juin-juillet";20220408T115004;Transilien Train Transilien P;441428d6-b721-11ec-94ba-005056a47b86;travaux
future;Incidents;30;perturbée;SIGNIFICANT_DELAYS;20220718T213000;20220719T020000;441428d6-b721-11ec-94ba-005056a47b86;" / Ligne P : Château-Th- Paris Est mai-juin-juillet / <p>Période : à partir de 22h<br>Dates : du lundi 2 mai au vendredi 29 juillet, du lundi au vendredi<br>Le trafic est interrompu entre Château-Thierry et Paris Est.<br>Un service de bus de remplacement est mis en place, avec desserte des gares intermédiaires.<br>Pour plus d'informations, <a href=""https://www.transilien.com/sites/transilien/files/sentinelle-P-chateau-mai-juin-juillet.pdf"" target="""">cliquez ici pour télécharger l'affiche PDF</a>.<br>Les horaires du calculateur d'itinéraire tiennent compte des travaux.<br>Motif : travaux.</p> / <p>Période : à partir de 22h<br>Dates : du lundi 2 mai au vendredi 29 juillet, du lundi au vendredi<br>Le trafic est interrompu entre Château-Thierry et Paris Est.<br>Un service de bus de remplacement est mis en place, avec desserte des gares intermédiaires.<br>Pour plus d'informations, <a href=""https://www.transilien.com/sites/transilien/files/sentinelle-P-chateau-mai-juin-juillet.pdf"" target="""">cliquez ici pour télécharger l'affiche PDF</a>.<br>Les horaires du calculateur d'itinéraire tiennent compte des travaux.<br>Motif : travaux.</p> / Ligne P : Château-Th- Paris Est mai-juin-juillet";20220408T115004;Transilien Train Transilien P;441428d6-b721-11ec-94ba-005056a47b86;travaux
future;Incidents;30;perturbée;SIGNIFICANT_DELAYS;20220714T213000;20220715T020000;441428d6-b721-11ec-94ba-005056a47b86;" / Ligne P : Château-Th- Paris Est mai-juin-juillet / <p>Période : à partir de 22h<br>Dates : du lundi 2 mai au vendredi 29 juillet, du lundi au vendredi<br>Le trafic est interrompu entre Château-Thierry et Paris Est.<br>Un service de bus de remplacement est mis en place, avec desserte des gares intermédiaires.<br>Pour plus d'informations, <a href=""https://www.transilien.com/sites/transilien/files/sentinelle-P-chateau-mai-juin-juillet.pdf"" target="""">cliquez ici pour télécharger l'affiche PDF</a>.<br>Les horaires du calculateur d'itinéraire tiennent compte des travaux.<br>Motif : travaux.</p> / <p>Période : à partir de 22h<br>Dates : du lundi 2 mai au vendredi 29 juillet, du lundi au vendredi<br>Le trafic est interrompu entre Château-Thierry et Paris Est.<br>Un service de bus de remplacement est mis en place, avec desserte des gares intermédiaires.<br>Pour plus d'informations, <a href=""https://www.transilien.com/sites/transilien/files/sentinelle-P-chateau-mai-juin-juillet.pdf"" target="""">cliquez ici pour télécharger l'affiche PDF</a>.<br>Les horaires du calculateur d'itinéraire tiennent compte des travaux.<br>Motif : travaux.</p> / Ligne P : Château-Th- Paris Est mai-juin-juillet";20220408T115004;Transilien Train Transilien P;441428d6-b721-11ec-94ba-005056a47b86;travaux
future;Incidents;30;perturbée;SIGNIFICANT_DELAYS;20220715T213000;20220716T020000;441428d6-b721-11ec-94ba-005056a47b86;" / Ligne P : Château-Th- Paris Est mai-juin-juillet / <p>Période : à partir de 22h<br>Dates : du lundi 2 mai au vendredi 29 juillet, du lundi au vendredi<br>Le trafic est interrompu entre Château-Thierry et Paris Est.<br>Un service de bus de remplacement est mis en place, avec desserte des gares intermédiaires.<br>Pour plus d'informations, <a href=""https://www.transilien.com/sites/transilien/files/sentinelle-P-chateau-mai-juin-juillet.pdf"" target="""">cliquez ici pour télécharger l'affiche PDF</a>.<br>Les horaires du calculateur d'itinéraire tiennent compte des travaux.<br>Motif : travaux.</p> / <p>Période : à partir de 22h<br>Dates : du lundi 2 mai au vendredi 29 juillet, du lundi au vendredi<br>Le trafic est interrompu entre Château-Thierry et Paris Est.<br>Un service de bus de remplacement est mis en place, avec desserte des gares intermédiaires.<br>Pour plus d'informations, <a href=""https://www.transilien.com/sites/transilien/files/sentinelle-P-chateau-mai-juin-juillet.pdf"" target="""">cliquez ici pour télécharger l'affiche PDF</a>.<br>Les horaires du calculateur d'itinéraire tiennent compte des travaux.<br>Motif : travaux.</p> / Ligne P : Château-Th- Paris Est mai-juin-juillet";20220408T115004;Transilien Train Transilien P;441428d6-b721-11ec-94ba-005056a47b86;travaux
future;Incidents;30;perturbée;SIGNIFICANT_DELAYS;20220713T213000;20220714T020000;441428d6-b721-11ec-94ba-005056a47b86;" / Ligne P : Château-Th- Paris Est mai-juin-juillet / <p>Période : à partir de 22h<br>Dates : du lundi 2 mai au vendredi 29 juillet, du lundi au vendredi<br>Le trafic est interrompu entre Château-Thierry et Paris Est.<br>Un service de bus de remplacement est mis en place, avec desserte des gares intermédiaires.<br>Pour plus d'informations, <a href=""https://www.transilien.com/sites/transilien/files/sentinelle-P-chateau-mai-juin-juillet.pdf"" target="""">cliquez ici pour télécharger l'affiche PDF</a>.<br>Les horaires du calculateur d'itinéraire tiennent compte des travaux.<br>Motif : travaux.</p> / <p>Période : à partir de 22h<br>Dates : du lundi 2 mai au vendredi 29 juillet, du lundi au vendredi<br>Le trafic est interrompu entre Château-Thierry et Paris Est.<br>Un service de bus de remplacement est mis en place, avec desserte des gares intermédiaires.<br>Pour plus d'informations, <a href=""https://www.transilien.com/sites/transilien/files/sentinelle-P-chateau-mai-juin-juillet.pdf"" target="""">cliquez ici pour télécharger l'affiche PDF</a>.<br>Les horaires du calculateur d'itinéraire tiennent compte des travaux.<br>Motif : travaux.</p> / Ligne P : Château-Th- Paris Est mai-juin-juillet";20220408T115004;Transilien Train Transilien P;441428d6-b721-11ec-94ba-005056a47b86;travaux
future;Incidents;30;perturbée;SIGNIFICANT_DELAYS;20220712T213000;20220713T020000;441428d6-b721-11ec-94ba-005056a47b86;" / Ligne P : Château-Th- Paris Est mai-juin-juillet / <p>Période : à partir de 22h<br>Dates : du lundi 2 mai au vendredi 29 juillet, du lundi au vendredi<br>Le trafic est interrompu entre Château-Thierry et Paris Est.<br>Un service de bus de remplacement est mis en place, avec desserte des gares intermédiaires.<br>Pour plus d'informations, <a href=""https://www.transilien.com/sites/transilien/files/sentinelle-P-chateau-mai-juin-juillet.pdf"" target="""">cliquez ici pour télécharger l'affiche PDF</a>.<br>Les horaires du calculateur d'itinéraire tiennent compte des travaux.<br>Motif : travaux.</p> / <p>Période : à partir de 22h<br>Dates : du lundi 2 mai au vendredi 29 juillet, du lundi au vendredi<br>Le trafic est interrompu entre Château-Thierry et Paris Est.<br>Un service de bus de remplacement est mis en place, avec desserte des gares intermédiaires.<br>Pour plus d'informations, <a href=""https://www.transilien.com/sites/transilien/files/sentinelle-P-chateau-mai-juin-juillet.pdf"" target="""">cliquez ici pour télécharger l'affiche PDF</a>.<br>Les horaires du calculateur d'itinéraire tiennent compte des travaux.<br>Motif : travaux.</p> / Ligne P : Château-Th- Paris Est mai-juin-juillet";20220408T115004;Transilien Train Transilien P;441428d6-b721-11ec-94ba-005056a47b86;travaux
future;Incidents;30;perturbée;SIGNIFICANT_DELAYS;20220711T213000;20220712T020000;441428d6-b721-11ec-94ba-005056a47b86;" / Ligne P : Château-Th- Paris Est mai-juin-juillet / <p>Période : à partir de 22h<br>Dates : du lundi 2 mai au vendredi 29 juillet, du lundi au vendredi<br>Le trafic est interrompu entre Château-Thierry et Paris Est.<br>Un service de bus de remplacement est mis en place, avec desserte des gares intermédiaires.<br>Pour plus d'informations, <a href=""https://www.transilien.com/sites/transilien/files/sentinelle-P-chateau-mai-juin-juillet.pdf"" target="""">cliquez ici pour télécharger l'affiche PDF</a>.<br>Les horaires du calculateur d'itinéraire tiennent compte des travaux.<br>Motif : travaux.</p> / <p>Période : à partir de 22h<br>Dates : du lundi 2 mai au vendredi 29 juillet, du lundi au vendredi<br>Le trafic est interrompu entre Château-Thierry et Paris Est.<br>Un service de bus de remplacement est mis en place, avec desserte des gares intermédiaires.<br>Pour plus d'informations, <a href=""https://www.transilien.com/sites/transilien/files/sentinelle-P-chateau-mai-juin-juillet.pdf"" target="""">cliquez ici pour télécharger l'affiche PDF</a>.<br>Les horaires du calculateur d'itinéraire tiennent compte des travaux.<br>Motif : travaux.</p> / Ligne P : Château-Th- Paris Est mai-juin-juillet";20220408T115004;Transilien Train Transilien P;441428d6-b721-11ec-94ba-005056a47b86;travaux
future;Incidents;30;perturbée;SIGNIFICANT_DELAYS;20220708T213000;20220709T020000;441428d6-b721-11ec-94ba-005056a47b86;" / Ligne P : Château-Th- Paris Est mai-juin-juillet / <p>Période : à partir de 22h<br>Dates : du lundi 2 mai au vendredi 29 juillet, du lundi au vendredi<br>Le trafic est interrompu entre Château-Thierry et Paris Est.<br>Un service de bus de remplacement est mis en place, avec desserte des gares intermédiaires.<br>Pour plus d'informations, <a href=""https://www.transilien.com/sites/transilien/files/sentinelle-P-chateau-mai-juin-juillet.pdf"" target="""">cliquez ici pour télécharger l'affiche PDF</a>.<br>Les horaires du calculateur d'itinéraire tiennent compte des travaux.<br>Motif : travaux.</p> / <p>Période : à partir de 22h<br>Dates : du lundi 2 mai au vendredi 29 juillet, du lundi au vendredi<br>Le trafic est interrompu entre Château-Thierry et Paris Est.<br>Un service de bus de remplacement est mis en place, avec desserte des gares intermédiaires.<br>Pour plus d'informations, <a href=""https://www.transilien.com/sites/transilien/files/sentinelle-P-chateau-mai-juin-juillet.pdf"" target="""">cliquez ici pour télécharger l'affiche PDF</a>.<br>Les horaires du calculateur d'itinéraire tiennent compte des travaux.<br>Motif : travaux.</p> / Ligne P : Château-Th- Paris Est mai-juin-juillet";20220408T115004;Transilien Train Transilien P;441428d6-b721-11ec-94ba-005056a47b86;travaux
future;Incidents;30;perturbée;SIGNIFICANT_DELAYS;20220707T213000;20220708T020000;441428d6-b721-11ec-94ba-005056a47b86;" / Ligne P : Château-Th- Paris Est mai-juin-juillet / <p>Période : à partir de 22h<br>Dates : du lundi 2 mai au vendredi 29 juillet, du lundi au vendredi<br>Le trafic est interrompu entre Château-Thierry et Paris Est.<br>Un service de bus de remplacement est mis en place, avec desserte des gares intermédiaires.<br>Pour plus d'informations, <a href=""https://www.transilien.com/sites/transilien/files/sentinelle-P-chateau-mai-juin-juillet.pdf"" target="""">cliquez ici pour télécharger l'affiche PDF</a>.<br>Les horaires du calculateur d'itinéraire tiennent compte des travaux.<br>Motif : travaux.</p> / <p>Période : à partir de 22h<br>Dates : du lundi 2 mai au vendredi 29 juillet, du lundi au vendredi<br>Le trafic est interrompu entre Château-Thierry et Paris Est.<br>Un service de bus de remplacement est mis en place, avec desserte des gares intermédiaires.<br>Pour plus d'informations, <a href=""https://www.transilien.com/sites/transilien/files/sentinelle-P-chateau-mai-juin-juillet.pdf"" target="""">cliquez ici pour télécharger l'affiche PDF</a>.<br>Les horaires du calculateur d'itinéraire tiennent compte des travaux.<br>Motif : travaux.</p> / Ligne P : Château-Th- Paris Est mai-juin-juillet";20220408T115004;Transilien Train Transilien P;441428d6-b721-11ec-94ba-005056a47b86;travaux
future;Incidents;30;perturbée;SIGNIFICANT_DELAYS;20220706T213000;20220707T020000;441428d6-b721-11ec-94ba-005056a47b86;" / Ligne P : Château-Th- Paris Est mai-juin-juillet / <p>Période : à partir de 22h<br>Dates : du lundi 2 mai au vendredi 29 juillet, du lundi au vendredi<br>Le trafic est interrompu entre Château-Thierry et Paris Est.<br>Un service de bus de remplacement est mis en place, avec desserte des gares intermédiaires.<br>Pour plus d'informations, <a href=""https://www.transilien.com/sites/transilien/files/sentinelle-P-chateau-mai-juin-juillet.pdf"" target="""">cliquez ici pour télécharger l'affiche PDF</a>.<br>Les horaires du calculateur d'itinéraire tiennent compte des travaux.<br>Motif : travaux.</p> / <p>Période : à partir de 22h<br>Dates : du lundi 2 mai au vendredi 29 juillet, du lundi au vendredi<br>Le trafic est interrompu entre Château-Thierry et Paris Est.<br>Un service de bus de remplacement est mis en place, avec desserte des gares intermédiaires.<br>Pour plus d'informations, <a href=""https://www.transilien.com/sites/transilien/files/sentinelle-P-chateau-mai-juin-juillet.pdf"" target="""">cliquez ici pour télécharger l'affiche PDF</a>.<br>Les horaires du calculateur d'itinéraire tiennent compte des travaux.<br>Motif : travaux.</p> / Ligne P : Château-Th- Paris Est mai-juin-juillet";20220408T115004;Transilien Train Transilien P;441428d6-b721-11ec-94ba-005056a47b86;travaux
future;Incidents;30;perturbée;SIGNIFICANT_DELAYS;20220705T213000;20220706T020000;441428d6-b721-11ec-94ba-005056a47b86;" / Ligne P : Château-Th- Paris Est mai-juin-juillet / <p>Période : à partir de 22h<br>Dates : du lundi 2 mai au vendredi 29 juillet, du lundi au vendredi<br>Le trafic est interrompu entre Château-Thierry et Paris Est.<br>Un service de bus de remplacement est mis en place, avec desserte des gares intermédiaires.<br>Pour plus d'informations, <a href=""https://www.transilien.com/sites/transilien/files/sentinelle-P-chateau-mai-juin-juillet.pdf"" target="""">cliquez ici pour télécharger l'affiche PDF</a>.<br>Les horaires du calculateur d'itinéraire tiennent compte des travaux.<br>Motif : travaux.</p> / <p>Période : à partir de 22h<br>Dates : du lundi 2 mai au vendredi 29 juillet, du lundi au vendredi<br>Le trafic est interrompu entre Château-Thierry et Paris Est.<br>Un service de bus de remplacement est mis en place, avec desserte des gares intermédiaires.<br>Pour plus d'informations, <a href=""https://www.transilien.com/sites/transilien/files/sentinelle-P-chateau-mai-juin-juillet.pdf"" target="""">cliquez ici pour télécharger l'affiche PDF</a>.<br>Les horaires du calculateur d'itinéraire tiennent compte des travaux.<br>Motif : travaux.</p> / Ligne P : Château-Th- Paris Est mai-juin-juillet";20220408T115004;Transilien Train Transilien P;441428d6-b721-11ec-94ba-005056a47b86;travaux
future;Incidents;30;perturbée;SIGNIFICANT_DELAYS;20220704T213000;20220705T020000;441428d6-b721-11ec-94ba-005056a47b86;" / Ligne P : Château-Th- Paris Est mai-juin-juillet / <p>Période : à partir de 22h<br>Dates : du lundi 2 mai au vendredi 29 juillet, du lundi au vendredi<br>Le trafic est interrompu entre Château-Thierry et Paris Est.<br>Un service de bus de remplacement est mis en place, avec desserte des gares intermédiaires.<br>Pour plus d'informations, <a href=""https://www.transilien.com/sites/transilien/files/sentinelle-P-chateau-mai-juin-juillet.pdf"" target="""">cliquez ici pour télécharger l'affiche PDF</a>.<br>Les horaires du calculateur d'itinéraire tiennent compte des travaux.<br>Motif : travaux.</p> / <p>Période : à partir de 22h<br>Dates : du lundi 2 mai au vendredi 29 juillet, du lundi au vendredi<br>Le trafic est interrompu entre Château-Thierry et Paris Est.<br>Un service de bus de remplacement est mis en place, avec desserte des gares intermédiaires.<br>Pour plus d'informations, <a href=""https://www.transilien.com/sites/transilien/files/sentinelle-P-chateau-mai-juin-juillet.pdf"" target="""">cliquez ici pour télécharger l'affiche PDF</a>.<br>Les horaires du calculateur d'itinéraire tiennent compte des travaux.<br>Motif : travaux.</p> / Ligne P : Château-Th- Paris Est mai-juin-juillet";20220408T115004;Transilien Train Transilien P;441428d6-b721-11ec-94ba-005056a47b86;travaux
future;Incidents;30;perturbée;SIGNIFICANT_DELAYS;20220701T213000;20220702T020000;441428d6-b721-11ec-94ba-005056a47b86;" / Ligne P : Château-Th- Paris Est mai-juin-juillet / <p>Période : à partir de 22h<br>Dates : du lundi 2 mai au vendredi 29 juillet, du lundi au vendredi<br>Le trafic est interrompu entre Château-Thierry et Paris Est.<br>Un service de bus de remplacement est mis en place, avec desserte des gares intermédiaires.<br>Pour plus d'informations, <a href=""https://www.transilien.com/sites/transilien/files/sentinelle-P-chateau-mai-juin-juillet.pdf"" target="""">cliquez ici pour télécharger l'affiche PDF</a>.<br>Les horaires du calculateur d'itinéraire tiennent compte des travaux.<br>Motif : travaux.</p> / <p>Période : à partir de 22h<br>Dates : du lundi 2 mai au vendredi 29 juillet, du lundi au vendredi<br>Le trafic est interrompu entre Château-Thierry et Paris Est.<br>Un service de bus de remplacement est mis en place, avec desserte des gares intermédiaires.<br>Pour plus d'informations, <a href=""https://www.transilien.com/sites/transilien/files/sentinelle-P-chateau-mai-juin-juillet.pdf"" target="""">cliquez ici pour télécharger l'affiche PDF</a>.<br>Les horaires du calculateur d'itinéraire tiennent compte des travaux.<br>Motif : travaux.</p> / Ligne P : Château-Th- Paris Est mai-juin-juillet";20220408T115004;Transilien Train Transilien P;441428d6-b721-11ec-94ba-005056a47b86;travaux
future;Incidents;30;perturbée;SIGNIFICANT_DELAYS;20220630T213000;20220701T020000;441428d6-b721-11ec-94ba-005056a47b86;" / Ligne P : Château-Th- Paris Est mai-juin-juillet / <p>Période : à partir de 22h<br>Dates : du lundi 2 mai au vendredi 29 juillet, du lundi au vendredi<br>Le trafic est interrompu entre Château-Thierry et Paris Est.<br>Un service de bus de remplacement est mis en place, avec desserte des gares intermédiaires.<br>Pour plus d'informations, <a href=""https://www.transilien.com/sites/transilien/files/sentinelle-P-chateau-mai-juin-juillet.pdf"" target="""">cliquez ici pour télécharger l'affiche PDF</a>.<br>Les horaires du calculateur d'itinéraire tiennent compte des travaux.<br>Motif : travaux.</p> / <p>Période : à partir de 22h<br>Dates : du lundi 2 mai au vendredi 29 juillet, du lundi au vendredi<br>Le trafic est interrompu entre Château-Thierry et Paris Est.<br>Un service de bus de remplacement est mis en place, avec desserte des gares intermédiaires.<br>Pour plus d'informations, <a href=""https://www.transilien.com/sites/transilien/files/sentinelle-P-chateau-mai-juin-juillet.pdf"" target="""">cliquez ici pour télécharger l'affiche PDF</a>.<br>Les horaires du calculateur d'itinéraire tiennent compte des travaux.<br>Motif : travaux.</p> / Ligne P : Château-Th- Paris Est mai-juin-juillet";20220408T115004;Transilien Train Transilien P;441428d6-b721-11ec-94ba-005056a47b86;travaux
future;Incidents;30;perturbée;SIGNIFICANT_DELAYS;20220629T213000;20220630T020000;441428d6-b721-11ec-94ba-005056a47b86;" / Ligne P : Château-Th- Paris Est mai-juin-juillet / <p>Période : à partir de 22h<br>Dates : du lundi 2 mai au vendredi 29 juillet, du lundi au vendredi<br>Le trafic est interrompu entre Château-Thierry et Paris Est.<br>Un service de bus de remplacement est mis en place, avec desserte des gares intermédiaires.<br>Pour plus d'informations, <a href=""https://www.transilien.com/sites/transilien/files/sentinelle-P-chateau-mai-juin-juillet.pdf"" target="""">cliquez ici pour télécharger l'affiche PDF</a>.<br>Les horaires du calculateur d'itinéraire tiennent compte des travaux.<br>Motif : travaux.</p> / <p>Période : à partir de 22h<br>Dates : du lundi 2 mai au vendredi 29 juillet, du lundi au vendredi<br>Le trafic est interrompu entre Château-Thierry et Paris Est.<br>Un service de bus de remplacement est mis en place, avec desserte des gares intermédiaires.<br>Pour plus d'informations, <a href=""https://www.transilien.com/sites/transilien/files/sentinelle-P-chateau-mai-juin-juillet.pdf"" target="""">cliquez ici pour télécharger l'affiche PDF</a>.<br>Les horaires du calculateur d'itinéraire tiennent compte des travaux.<br>Motif : travaux.</p> / Ligne P : Château-Th- Paris Est mai-juin-juillet";20220408T115004;Transilien Train Transilien P;441428d6-b721-11ec-94ba-005056a47b86;travaux
future;Incidents;30;perturbée;SIGNIFICANT_DELAYS;20220628T213000;20220629T020000;441428d6-b721-11ec-94ba-005056a47b86;" / Ligne P : Château-Th- Paris Est mai-juin-juillet / <p>Période : à partir de 22h<br>Dates : du lundi 2 mai au vendredi 29 juillet, du lundi au vendredi<br>Le trafic est interrompu entre Château-Thierry et Paris Est.<br>Un service de bus de remplacement est mis en place, avec desserte des gares intermédiaires.<br>Pour plus d'informations, <a href=""https://www.transilien.com/sites/transilien/files/sentinelle-P-chateau-mai-juin-juillet.pdf"" target="""">cliquez ici pour télécharger l'affiche PDF</a>.<br>Les horaires du calculateur d'itinéraire tiennent compte des travaux.<br>Motif : travaux.</p> / <p>Période : à partir de 22h<br>Dates : du lundi 2 mai au vendredi 29 juillet, du lundi au vendredi<br>Le trafic est interrompu entre Château-Thierry et Paris Est.<br>Un service de bus de remplacement est mis en place, avec desserte des gares intermédiaires.<br>Pour plus d'informations, <a href=""https://www.transilien.com/sites/transilien/files/sentinelle-P-chateau-mai-juin-juillet.pdf"" target="""">cliquez ici pour télécharger l'affiche PDF</a>.<br>Les horaires du calculateur d'itinéraire tiennent compte des travaux.<br>Motif : travaux.</p> / Ligne P : Château-Th- Paris Est mai-juin-juillet";20220408T115004;Transilien Train Transilien P;441428d6-b721-11ec-94ba-005056a47b86;travaux
future;Incidents;30;perturbée;SIGNIFICANT_DELAYS;20220627T213000;20220628T020000;441428d6-b721-11ec-94ba-005056a47b86;" / Ligne P : Château-Th- Paris Est mai-juin-juillet / <p>Période : à partir de 22h<br>Dates : du lundi 2 mai au vendredi 29 juillet, du lundi au vendredi<br>Le trafic est interrompu entre Château-Thierry et Paris Est.<br>Un service de bus de remplacement est mis en place, avec desserte des gares intermédiaires.<br>Pour plus d'informations, <a href=""https://www.transilien.com/sites/transilien/files/sentinelle-P-chateau-mai-juin-juillet.pdf"" target="""">cliquez ici pour télécharger l'affiche PDF</a>.<br>Les horaires du calculateur d'itinéraire tiennent compte des travaux.<br>Motif : travaux.</p> / <p>Période : à partir de 22h<br>Dates : du lundi 2 mai au vendredi 29 juillet, du lundi au vendredi<br>Le trafic est interrompu entre Château-Thierry et Paris Est.<br>Un service de bus de remplacement est mis en place, avec desserte des gares intermédiaires.<br>Pour plus d'informations, <a href=""https://www.transilien.com/sites/transilien/files/sentinelle-P-chateau-mai-juin-juillet.pdf"" target="""">cliquez ici pour télécharger l'affiche PDF</a>.<br>Les horaires du calculateur d'itinéraire tiennent compte des travaux.<br>Motif : travaux.</p> / Ligne P : Château-Th- Paris Est mai-juin-juillet";20220408T115004;Transilien Train Transilien P;441428d6-b721-11ec-94ba-005056a47b86;travaux
future;Incidents;30;perturbée;SIGNIFICANT_DELAYS;20220624T213000;20220625T020000;441428d6-b721-11ec-94ba-005056a47b86;" / Ligne P : Château-Th- Paris Est mai-juin-juillet / <p>Période : à partir de 22h<br>Dates : du lundi 2 mai au vendredi 29 juillet, du lundi au vendredi<br>Le trafic est interrompu entre Château-Thierry et Paris Est.<br>Un service de bus de remplacement est mis en place, avec desserte des gares intermédiaires.<br>Pour plus d'informations, <a href=""https://www.transilien.com/sites/transilien/files/sentinelle-P-chateau-mai-juin-juillet.pdf"" target="""">cliquez ici pour télécharger l'affiche PDF</a>.<br>Les horaires du calculateur d'itinéraire tiennent compte des travaux.<br>Motif : travaux.</p> / <p>Période : à partir de 22h<br>Dates : du lundi 2 mai au vendredi 29 juillet, du lundi au vendredi<br>Le trafic est interrompu entre Château-Thierry et Paris Est.<br>Un service de bus de remplacement est mis en place, avec desserte des gares intermédiaires.<br>Pour plus d'informations, <a href=""https://www.transilien.com/sites/transilien/files/sentinelle-P-chateau-mai-juin-juillet.pdf"" target="""">cliquez ici pour télécharger l'affiche PDF</a>.<br>Les horaires du calculateur d'itinéraire tiennent compte des travaux.<br>Motif : travaux.</p> / Ligne P : Château-Th- Paris Est mai-juin-juillet";20220408T115004;Transilien Train Transilien P;441428d6-b721-11ec-94ba-005056a47b86;travaux
future;Incidents;30;perturbée;SIGNIFICANT_DELAYS;20220623T213000;20220624T020000;441428d6-b721-11ec-94ba-005056a47b86;" / Ligne P : Château-Th- Paris Est mai-juin-juillet / <p>Période : à partir de 22h<br>Dates : du lundi 2 mai au vendredi 29 juillet, du lundi au vendredi<br>Le trafic est interrompu entre Château-Thierry et Paris Est.<br>Un service de bus de remplacement est mis en place, avec desserte des gares intermédiaires.<br>Pour plus d'informations, <a href=""https://www.transilien.com/sites/transilien/files/sentinelle-P-chateau-mai-juin-juillet.pdf"" target="""">cliquez ici pour télécharger l'affiche PDF</a>.<br>Les horaires du calculateur d'itinéraire tiennent compte des travaux.<br>Motif : travaux.</p> / <p>Période : à partir de 22h<br>Dates : du lundi 2 mai au vendredi 29 juillet, du lundi au vendredi<br>Le trafic est interrompu entre Château-Thierry et Paris Est.<br>Un service de bus de remplacement est mis en place, avec desserte des gares intermédiaires.<br>Pour plus d'informations, <a href=""https://www.transilien.com/sites/transilien/files/sentinelle-P-chateau-mai-juin-juillet.pdf"" target="""">cliquez ici pour télécharger l'affiche PDF</a>.<br>Les horaires du calculateur d'itinéraire tiennent compte des travaux.<br>Motif : travaux.</p> / Ligne P : Château-Th- Paris Est mai-juin-juillet";20220408T115004;Transilien Train Transilien P;441428d6-b721-11ec-94ba-005056a47b86;travaux
future;Incidents;30;perturbée;SIGNIFICANT_DELAYS;20220622T213000;20220623T020000;441428d6-b721-11ec-94ba-005056a47b86;" / Ligne P : Château-Th- Paris Est mai-juin-juillet / <p>Période : à partir de 22h<br>Dates : du lundi 2 mai au vendredi 29 juillet, du lundi au vendredi<br>Le trafic est interrompu entre Château-Thierry et Paris Est.<br>Un service de bus de remplacement est mis en place, avec desserte des gares intermédiaires.<br>Pour plus d'informations, <a href=""https://www.transilien.com/sites/transilien/files/sentinelle-P-chateau-mai-juin-juillet.pdf"" target="""">cliquez ici pour télécharger l'affiche PDF</a>.<br>Les horaires du calculateur d'itinéraire tiennent compte des travaux.<br>Motif : travaux.</p> / <p>Période : à partir de 22h<br>Dates : du lundi 2 mai au vendredi 29 juillet, du lundi au vendredi<br>Le trafic est interrompu entre Château-Thierry et Paris Est.<br>Un service de bus de remplacement est mis en place, avec desserte des gares intermédiaires.<br>Pour plus d'informations, <a href=""https://www.transilien.com/sites/transilien/files/sentinelle-P-chateau-mai-juin-juillet.pdf"" target="""">cliquez ici pour télécharger l'affiche PDF</a>.<br>Les horaires du calculateur d'itinéraire tiennent compte des travaux.<br>Motif : travaux.</p> / Ligne P : Château-Th- Paris Est mai-juin-juillet";20220408T115004;Transilien Train Transilien P;441428d6-b721-11ec-94ba-005056a47b86;travaux
future;Incidents;30;perturbée;SIGNIFICANT_DELAYS;20220621T213000;20220622T020000;441428d6-b721-11ec-94ba-005056a47b86;" / Ligne P : Château-Th- Paris Est mai-juin-juillet / <p>Période : à partir de 22h<br>Dates : du lundi 2 mai au vendredi 29 juillet, du lundi au vendredi<br>Le trafic est interrompu entre Château-Thierry et Paris Est.<br>Un service de bus de remplacement est mis en place, avec desserte des gares intermédiaires.<br>Pour plus d'informations, <a href=""https://www.transilien.com/sites/transilien/files/sentinelle-P-chateau-mai-juin-juillet.pdf"" target="""">cliquez ici pour télécharger l'affiche PDF</a>.<br>Les horaires du calculateur d'itinéraire tiennent compte des travaux.<br>Motif : travaux.</p> / <p>Période : à partir de 22h<br>Dates : du lundi 2 mai au vendredi 29 juillet, du lundi au vendredi<br>Le trafic est interrompu entre Château-Thierry et Paris Est.<br>Un service de bus de remplacement est mis en place, avec desserte des gares intermédiaires.<br>Pour plus d'informations, <a href=""https://www.transilien.com/sites/transilien/files/sentinelle-P-chateau-mai-juin-juillet.pdf"" target="""">cliquez ici pour télécharger l'affiche PDF</a>.<br>Les horaires du calculateur d'itinéraire tiennent compte des travaux.<br>Motif : travaux.</p> / Ligne P : Château-Th- Paris Est mai-juin-juillet";20220408T115004;Transilien Train Transilien P;441428d6-b721-11ec-94ba-005056a47b86;travaux
future;Incidents;30;perturbée;SIGNIFICANT_DELAYS;20220620T213000;20220621T020000;441428d6-b721-11ec-94ba-005056a47b86;" / Ligne P : Château-Th- Paris Est mai-juin-juillet / <p>Période : à partir de 22h<br>Dates : du lundi 2 mai au vendredi 29 juillet, du lundi au vendredi<br>Le trafic est interrompu entre Château-Thierry et Paris Est.<br>Un service de bus de remplacement est mis en place, avec desserte des gares intermédiaires.<br>Pour plus d'informations, <a href=""https://www.transilien.com/sites/transilien/files/sentinelle-P-chateau-mai-juin-juillet.pdf"" target="""">cliquez ici pour télécharger l'affiche PDF</a>.<br>Les horaires du calculateur d'itinéraire tiennent compte des travaux.<br>Motif : travaux.</p> / <p>Période : à partir de 22h<br>Dates : du lundi 2 mai au vendredi 29 juillet, du lundi au vendredi<br>Le trafic est interrompu entre Château-Thierry et Paris Est.<br>Un service de bus de remplacement est mis en place, avec desserte des gares intermédiaires.<br>Pour plus d'informations, <a href=""https://www.transilien.com/sites/transilien/files/sentinelle-P-chateau-mai-juin-juillet.pdf"" target="""">cliquez ici pour télécharger l'affiche PDF</a>.<br>Les horaires du calculateur d'itinéraire tiennent compte des travaux.<br>Motif : travaux.</p> / Ligne P : Château-Th- Paris Est mai-juin-juillet";20220408T115004;Transilien Train Transilien P;441428d6-b721-11ec-94ba-005056a47b86;travaux
future;Incidents;30;perturbée;SIGNIFICANT_DELAYS;20220617T213000;20220618T020000;441428d6-b721-11ec-94ba-005056a47b86;" / Ligne P : Château-Th- Paris Est mai-juin-juillet / <p>Période : à partir de 22h<br>Dates : du lundi 2 mai au vendredi 29 juillet, du lundi au vendredi<br>Le trafic est interrompu entre Château-Thierry et Paris Est.<br>Un service de bus de remplacement est mis en place, avec desserte des gares intermédiaires.<br>Pour plus d'informations, <a href=""https://www.transilien.com/sites/transilien/files/sentinelle-P-chateau-mai-juin-juillet.pdf"" target="""">cliquez ici pour télécharger l'affiche PDF</a>.<br>Les horaires du calculateur d'itinéraire tiennent compte des travaux.<br>Motif : travaux.</p> / <p>Période : à partir de 22h<br>Dates : du lundi 2 mai au vendredi 29 juillet, du lundi au vendredi<br>Le trafic est interrompu entre Château-Thierry et Paris Est.<br>Un service de bus de remplacement est mis en place, avec desserte des gares intermédiaires.<br>Pour plus d'informations, <a href=""https://www.transilien.com/sites/transilien/files/sentinelle-P-chateau-mai-juin-juillet.pdf"" target="""">cliquez ici pour télécharger l'affiche PDF</a>.<br>Les horaires du calculateur d'itinéraire tiennent compte des travaux.<br>Motif : travaux.</p> / Ligne P : Château-Th- Paris Est mai-juin-juillet";20220408T115004;Transilien Train Transilien P;441428d6-b721-11ec-94ba-005056a47b86;travaux
future;Incidents;30;perturbée;SIGNIFICANT_DELAYS;20220616T213000;20220617T020000;441428d6-b721-11ec-94ba-005056a47b86;" / Ligne P : Château-Th- Paris Est mai-juin-juillet / <p>Période : à partir de 22h<br>Dates : du lundi 2 mai au vendredi 29 juillet, du lundi au vendredi<br>Le trafic est interrompu entre Château-Thierry et Paris Est.<br>Un service de bus de remplacement est mis en place, avec desserte des gares intermédiaires.<br>Pour plus d'informations, <a href=""https://www.transilien.com/sites/transilien/files/sentinelle-P-chateau-mai-juin-juillet.pdf"" target="""">cliquez ici pour télécharger l'affiche PDF</a>.<br>Les horaires du calculateur d'itinéraire tiennent compte des travaux.<br>Motif : travaux.</p> / <p>Période : à partir de 22h<br>Dates : du lundi 2 mai au vendredi 29 juillet, du lundi au vendredi<br>Le trafic est interrompu entre Château-Thierry et Paris Est.<br>Un service de bus de remplacement est mis en place, avec desserte des gares intermédiaires.<br>Pour plus d'informations, <a href=""https://www.transilien.com/sites/transilien/files/sentinelle-P-chateau-mai-juin-juillet.pdf"" target="""">cliquez ici pour télécharger l'affiche PDF</a>.<br>Les horaires du calculateur d'itinéraire tiennent compte des travaux.<br>Motif : travaux.</p> / Ligne P : Château-Th- Paris Est mai-juin-juillet";20220408T115004;Transilien Train Transilien P;441428d6-b721-11ec-94ba-005056a47b86;travaux
future;Incidents;30;perturbée;SIGNIFICANT_DELAYS;20220615T213000;20220616T020000;441428d6-b721-11ec-94ba-005056a47b86;" / Ligne P : Château-Th- Paris Est mai-juin-juillet / <p>Période : à partir de 22h<br>Dates : du lundi 2 mai au vendredi 29 juillet, du lundi au vendredi<br>Le trafic est interrompu entre Château-Thierry et Paris Est.<br>Un service de bus de remplacement est mis en place, avec desserte des gares intermédiaires.<br>Pour plus d'informations, <a href=""https://www.transilien.com/sites/transilien/files/sentinelle-P-chateau-mai-juin-juillet.pdf"" target="""">cliquez ici pour télécharger l'affiche PDF</a>.<br>Les horaires du calculateur d'itinéraire tiennent compte des travaux.<br>Motif : travaux.</p> / <p>Période : à partir de 22h<br>Dates : du lundi 2 mai au vendredi 29 juillet, du lundi au vendredi<br>Le trafic est interrompu entre Château-Thierry et Paris Est.<br>Un service de bus de remplacement est mis en place, avec desserte des gares intermédiaires.<br>Pour plus d'informations, <a href=""https://www.transilien.com/sites/transilien/files/sentinelle-P-chateau-mai-juin-juillet.pdf"" target="""">cliquez ici pour télécharger l'affiche PDF</a>.<br>Les horaires du calculateur d'itinéraire tiennent compte des travaux.<br>Motif : travaux.</p> / Ligne P : Château-Th- Paris Est mai-juin-juillet";20220408T115004;Transilien Train Transilien P;441428d6-b721-11ec-94ba-005056a47b86;travaux
future;Incidents;30;perturbée;SIGNIFICANT_DELAYS;20220614T213000;20220615T020000;441428d6-b721-11ec-94ba-005056a47b86;" / Ligne P : Château-Th- Paris Est mai-juin-juillet / <p>Période : à partir de 22h<br>Dates : du lundi 2 mai au vendredi 29 juillet, du lundi au vendredi<br>Le trafic est interrompu entre Château-Thierry et Paris Est.<br>Un service de bus de remplacement est mis en place, avec desserte des gares intermédiaires.<br>Pour plus d'informations, <a href=""https://www.transilien.com/sites/transilien/files/sentinelle-P-chateau-mai-juin-juillet.pdf"" target="""">cliquez ici pour télécharger l'affiche PDF</a>.<br>Les horaires du calculateur d'itinéraire tiennent compte des travaux.<br>Motif : travaux.</p> / <p>Période : à partir de 22h<br>Dates : du lundi 2 mai au vendredi 29 juillet, du lundi au vendredi<br>Le trafic est interrompu entre Château-Thierry et Paris Est.<br>Un service de bus de remplacement est mis en place, avec desserte des gares intermédiaires.<br>Pour plus d'informations, <a href=""https://www.transilien.com/sites/transilien/files/sentinelle-P-chateau-mai-juin-juillet.pdf"" target="""">cliquez ici pour télécharger l'affiche PDF</a>.<br>Les horaires du calculateur d'itinéraire tiennent compte des travaux.<br>Motif : travaux.</p> / Ligne P : Château-Th- Paris Est mai-juin-juillet";20220408T115004;Transilien Train Transilien P;441428d6-b721-11ec-94ba-005056a47b86;travaux
future;Incidents;30;perturbée;SIGNIFICANT_DELAYS;20220613T213000;20220614T020000;441428d6-b721-11ec-94ba-005056a47b86;" / Ligne P : Château-Th- Paris Est mai-juin-juillet / <p>Période : à partir de 22h<br>Dates : du lundi 2 mai au vendredi 29 juillet, du lundi au vendredi<br>Le trafic est interrompu entre Château-Thierry et Paris Est.<br>Un service de bus de remplacement est mis en place, avec desserte des gares intermédiaires.<br>Pour plus d'informations, <a href=""https://www.transilien.com/sites/transilien/files/sentinelle-P-chateau-mai-juin-juillet.pdf"" target="""">cliquez ici pour télécharger l'affiche PDF</a>.<br>Les horaires du calculateur d'itinéraire tiennent compte des travaux.<br>Motif : travaux.</p> / <p>Période : à partir de 22h<br>Dates : du lundi 2 mai au vendredi 29 juillet, du lundi au vendredi<br>Le trafic est interrompu entre Château-Thierry et Paris Est.<br>Un service de bus de remplacement est mis en place, avec desserte des gares intermédiaires.<br>Pour plus d'informations, <a href=""https://www.transilien.com/sites/transilien/files/sentinelle-P-chateau-mai-juin-juillet.pdf"" target="""">cliquez ici pour télécharger l'affiche PDF</a>.<br>Les horaires du calculateur d'itinéraire tiennent compte des travaux.<br>Motif : travaux.</p> / Ligne P : Château-Th- Paris Est mai-juin-juillet";20220408T115004;Transilien Train Transilien P;441428d6-b721-11ec-94ba-005056a47b86;travaux
future;Incidents;30;perturbée;SIGNIFICANT_DELAYS;20220610T213000;20220611T020000;441428d6-b721-11ec-94ba-005056a47b86;" / Ligne P : Château-Th- Paris Est mai-juin-juillet / <p>Période : à partir de 22h<br>Dates : du lundi 2 mai au vendredi 29 juillet, du lundi au vendredi<br>Le trafic est interrompu entre Château-Thierry et Paris Est.<br>Un service de bus de remplacement est mis en place, avec desserte des gares intermédiaires.<br>Pour plus d'informations, <a href=""https://www.transilien.com/sites/transilien/files/sentinelle-P-chateau-mai-juin-juillet.pdf"" target="""">cliquez ici pour télécharger l'affiche PDF</a>.<br>Les horaires du calculateur d'itinéraire tiennent compte des travaux.<br>Motif : travaux.</p> / <p>Période : à partir de 22h<br>Dates : du lundi 2 mai au vendredi 29 juillet, du lundi au vendredi<br>Le trafic est interrompu entre Château-Thierry et Paris Est.<br>Un service de bus de remplacement est mis en place, avec desserte des gares intermédiaires.<br>Pour plus d'informations, <a href=""https://www.transilien.com/sites/transilien/files/sentinelle-P-chateau-mai-juin-juillet.pdf"" target="""">cliquez ici pour télécharger l'affiche PDF</a>.<br>Les horaires du calculateur d'itinéraire tiennent compte des travaux.<br>Motif : travaux.</p> / Ligne P : Château-Th- Paris Est mai-juin-juillet";20220408T115004;Transilien Train Transilien P;441428d6-b721-11ec-94ba-005056a47b86;travaux
future;Incidents;30;perturbée;SIGNIFICANT_DELAYS;20220609T213000;20220610T020000;441428d6-b721-11ec-94ba-005056a47b86;" / Ligne P : Château-Th- Paris Est mai-juin-juillet / <p>Période : à partir de 22h<br>Dates : du lundi 2 mai au vendredi 29 juillet, du lundi au vendredi<br>Le trafic est interrompu entre Château-Thierry et Paris Est.<br>Un service de bus de remplacement est mis en place, avec desserte des gares intermédiaires.<br>Pour plus d'informations, <a href=""https://www.transilien.com/sites/transilien/files/sentinelle-P-chateau-mai-juin-juillet.pdf"" target="""">cliquez ici pour télécharger l'affiche PDF</a>.<br>Les horaires du calculateur d'itinéraire tiennent compte des travaux.<br>Motif : travaux.</p> / <p>Période : à partir de 22h<br>Dates : du lundi 2 mai au vendredi 29 juillet, du lundi au vendredi<br>Le trafic est interrompu entre Château-Thierry et Paris Est.<br>Un service de bus de remplacement est mis en place, avec desserte des gares intermédiaires.<br>Pour plus d'informations, <a href=""https://www.transilien.com/sites/transilien/files/sentinelle-P-chateau-mai-juin-juillet.pdf"" target="""">cliquez ici pour télécharger l'affiche PDF</a>.<br>Les horaires du calculateur d'itinéraire tiennent compte des travaux.<br>Motif : travaux.</p> / Ligne P : Château-Th- Paris Est mai-juin-juillet";20220408T115004;Transilien Train Transilien P;441428d6-b721-11ec-94ba-005056a47b86;travaux
future;Incidents;30;perturbée;SIGNIFICANT_DELAYS;20220608T213000;20220609T020000;441428d6-b721-11ec-94ba-005056a47b86;" / Ligne P : Château-Th- Paris Est mai-juin-juillet / <p>Période : à partir de 22h<br>Dates : du lundi 2 mai au vendredi 29 juillet, du lundi au vendredi<br>Le trafic est interrompu entre Château-Thierry et Paris Est.<br>Un service de bus de remplacement est mis en place, avec desserte des gares intermédiaires.<br>Pour plus d'informations, <a href=""https://www.transilien.com/sites/transilien/files/sentinelle-P-chateau-mai-juin-juillet.pdf"" target="""">cliquez ici pour télécharger l'affiche PDF</a>.<br>Les horaires du calculateur d'itinéraire tiennent compte des travaux.<br>Motif : travaux.</p> / <p>Période : à partir de 22h<br>Dates : du lundi 2 mai au vendredi 29 juillet, du lundi au vendredi<br>Le trafic est interrompu entre Château-Thierry et Paris Est.<br>Un service de bus de remplacement est mis en place, avec desserte des gares intermédiaires.<br>Pour plus d'informations, <a href=""https://www.transilien.com/sites/transilien/files/sentinelle-P-chateau-mai-juin-juillet.pdf"" target="""">cliquez ici pour télécharger l'affiche PDF</a>.<br>Les horaires du calculateur d'itinéraire tiennent compte des travaux.<br>Motif : travaux.</p> / Ligne P : Château-Th- Paris Est mai-juin-juillet";20220408T115004;Transilien Train Transilien P;441428d6-b721-11ec-94ba-005056a47b86;travaux
future;Incidents;30;perturbée;SIGNIFICANT_DELAYS;20220607T213000;20220608T020000;441428d6-b721-11ec-94ba-005056a47b86;" / Ligne P : Château-Th- Paris Est mai-juin-juillet / <p>Période : à partir de 22h<br>Dates : du lundi 2 mai au vendredi 29 juillet, du lundi au vendredi<br>Le trafic est interrompu entre Château-Thierry et Paris Est.<br>Un service de bus de remplacement est mis en place, avec desserte des gares intermédiaires.<br>Pour plus d'informations, <a href=""https://www.transilien.com/sites/transilien/files/sentinelle-P-chateau-mai-juin-juillet.pdf"" target="""">cliquez ici pour télécharger l'affiche PDF</a>.<br>Les horaires du calculateur d'itinéraire tiennent compte des travaux.<br>Motif : travaux.</p> / <p>Période : à partir de 22h<br>Dates : du lundi 2 mai au vendredi 29 juillet, du lundi au vendredi<br>Le trafic est interrompu entre Château-Thierry et Paris Est.<br>Un service de bus de remplacement est mis en place, avec desserte des gares intermédiaires.<br>Pour plus d'informations, <a href=""https://www.transilien.com/sites/transilien/files/sentinelle-P-chateau-mai-juin-juillet.pdf"" target="""">cliquez ici pour télécharger l'affiche PDF</a>.<br>Les horaires du calculateur d'itinéraire tiennent compte des travaux.<br>Motif : travaux.</p> / Ligne P : Château-Th- Paris Est mai-juin-juillet";20220408T115004;Transilien Train Transilien P;441428d6-b721-11ec-94ba-005056a47b86;travaux
future;Incidents;30;perturbée;SIGNIFICANT_DELAYS;20220606T213000;20220607T020000;441428d6-b721-11ec-94ba-005056a47b86;" / Ligne P : Château-Th- Paris Est mai-juin-juillet / <p>Période : à partir de 22h<br>Dates : du lundi 2 mai au vendredi 29 juillet, du lundi au vendredi<br>Le trafic est interrompu entre Château-Thierry et Paris Est.<br>Un service de bus de remplacement est mis en place, avec desserte des gares intermédiaires.<br>Pour plus d'informations, <a href=""https://www.transilien.com/sites/transilien/files/sentinelle-P-chateau-mai-juin-juillet.pdf"" target="""">cliquez ici pour télécharger l'affiche PDF</a>.<br>Les horaires du calculateur d'itinéraire tiennent compte des travaux.<br>Motif : travaux.</p> / <p>Période : à partir de 22h<br>Dates : du lundi 2 mai au vendredi 29 juillet, du lundi au vendredi<br>Le trafic est interrompu entre Château-Thierry et Paris Est.<br>Un service de bus de remplacement est mis en place, avec desserte des gares intermédiaires.<br>Pour plus d'informations, <a href=""https://www.transilien.com/sites/transilien/files/sentinelle-P-chateau-mai-juin-juillet.pdf"" target="""">cliquez ici pour télécharger l'affiche PDF</a>.<br>Les horaires du calculateur d'itinéraire tiennent compte des travaux.<br>Motif : travaux.</p> / Ligne P : Château-Th- Paris Est mai-juin-juillet";20220408T115004;Transilien Train Transilien P;441428d6-b721-11ec-94ba-005056a47b86;travaux
future;Incidents;30;perturbée;SIGNIFICANT_DELAYS;20220603T213000;20220604T020000;441428d6-b721-11ec-94ba-005056a47b86;" / Ligne P : Château-Th- Paris Est mai-juin-juillet / <p>Période : à partir de 22h<br>Dates : du lundi 2 mai au vendredi 29 juillet, du lundi au vendredi<br>Le trafic est interrompu entre Château-Thierry et Paris Est.<br>Un service de bus de remplacement est mis en place, avec desserte des gares intermédiaires.<br>Pour plus d'informations, <a href=""https://www.transilien.com/sites/transilien/files/sentinelle-P-chateau-mai-juin-juillet.pdf"" target="""">cliquez ici pour télécharger l'affiche PDF</a>.<br>Les horaires du calculateur d'itinéraire tiennent compte des travaux.<br>Motif : travaux.</p> / <p>Période : à partir de 22h<br>Dates : du lundi 2 mai au vendredi 29 juillet, du lundi au vendredi<br>Le trafic est interrompu entre Château-Thierry et Paris Est.<br>Un service de bus de remplacement est mis en place, avec desserte des gares intermédiaires.<br>Pour plus d'informations, <a href=""https://www.transilien.com/sites/transilien/files/sentinelle-P-chateau-mai-juin-juillet.pdf"" target="""">cliquez ici pour télécharger l'affiche PDF</a>.<br>Les horaires du calculateur d'itinéraire tiennent compte des travaux.<br>Motif : travaux.</p> / Ligne P : Château-Th- Paris Est mai-juin-juillet";20220408T115004;Transilien Train Transilien P;441428d6-b721-11ec-94ba-005056a47b86;travaux
future;Incidents;30;perturbée;SIGNIFICANT_DELAYS;20220602T213000;20220603T020000;441428d6-b721-11ec-94ba-005056a47b86;" / Ligne P : Château-Th- Paris Est mai-juin-juillet / <p>Période : à partir de 22h<br>Dates : du lundi 2 mai au vendredi 29 juillet, du lundi au vendredi<br>Le trafic est interrompu entre Château-Thierry et Paris Est.<br>Un service de bus de remplacement est mis en place, avec desserte des gares intermédiaires.<br>Pour plus d'informations, <a href=""https://www.transilien.com/sites/transilien/files/sentinelle-P-chateau-mai-juin-juillet.pdf"" target="""">cliquez ici pour télécharger l'affiche PDF</a>.<br>Les horaires du calculateur d'itinéraire tiennent compte des travaux.<br>Motif : travaux.</p> / <p>Période : à partir de 22h<br>Dates : du lundi 2 mai au vendredi 29 juillet, du lundi au vendredi<br>Le trafic est interrompu entre Château-Thierry et Paris Est.<br>Un service de bus de remplacement est mis en place, avec desserte des gares intermédiaires.<br>Pour plus d'informations, <a href=""https://www.transilien.com/sites/transilien/files/sentinelle-P-chateau-mai-juin-juillet.pdf"" target="""">cliquez ici pour télécharger l'affiche PDF</a>.<br>Les horaires du calculateur d'itinéraire tiennent compte des travaux.<br>Motif : travaux.</p> / Ligne P : Château-Th- Paris Est mai-juin-juillet";20220408T115004;Transilien Train Transilien P;441428d6-b721-11ec-94ba-005056a47b86;travaux
future;Incidents;30;perturbée;SIGNIFICANT_DELAYS;20220601T213000;20220602T020000;441428d6-b721-11ec-94ba-005056a47b86;" / Ligne P : Château-Th- Paris Est mai-juin-juillet / <p>Période : à partir de 22h<br>Dates : du lundi 2 mai au vendredi 29 juillet, du lundi au vendredi<br>Le trafic est interrompu entre Château-Thierry et Paris Est.<br>Un service de bus de remplacement est mis en place, avec desserte des gares intermédiaires.<br>Pour plus d'informations, <a href=""https://www.transilien.com/sites/transilien/files/sentinelle-P-chateau-mai-juin-juillet.pdf"" target="""">cliquez ici pour télécharger l'affiche PDF</a>.<br>Les horaires du calculateur d'itinéraire tiennent compte des travaux.<br>Motif : travaux.</p> / <p>Période : à partir de 22h<br>Dates : du lundi 2 mai au vendredi 29 juillet, du lundi au vendredi<br>Le trafic est interrompu entre Château-Thierry et Paris Est.<br>Un service de bus de remplacement est mis en place, avec desserte des gares intermédiaires.<br>Pour plus d'informations, <a href=""https://www.transilien.com/sites/transilien/files/sentinelle-P-chateau-mai-juin-juillet.pdf"" target="""">cliquez ici pour télécharger l'affiche PDF</a>.<br>Les horaires du calculateur d'itinéraire tiennent compte des travaux.<br>Motif : travaux.</p> / Ligne P : Château-Th- Paris Est mai-juin-juillet";20220408T115004;Transilien Train Transilien P;441428d6-b721-11ec-94ba-005056a47b86;travaux
future;Incidents;30;perturbée;SIGNIFICANT_DELAYS;20220531T213000;20220601T020000;441428d6-b721-11ec-94ba-005056a47b86;" / Ligne P : Château-Th- Paris Est mai-juin-juillet / <p>Période : à partir de 22h<br>Dates : du lundi 2 mai au vendredi 29 juillet, du lundi au vendredi<br>Le trafic est interrompu entre Château-Thierry et Paris Est.<br>Un service de bus de remplacement est mis en place, avec desserte des gares intermédiaires.<br>Pour plus d'informations, <a href=""https://www.transilien.com/sites/transilien/files/sentinelle-P-chateau-mai-juin-juillet.pdf"" target="""">cliquez ici pour télécharger l'affiche PDF</a>.<br>Les horaires du calculateur d'itinéraire tiennent compte des travaux.<br>Motif : travaux.</p> / <p>Période : à partir de 22h<br>Dates : du lundi 2 mai au vendredi 29 juillet, du lundi au vendredi<br>Le trafic est interrompu entre Château-Thierry et Paris Est.<br>Un service de bus de remplacement est mis en place, avec desserte des gares intermédiaires.<br>Pour plus d'informations, <a href=""https://www.transilien.com/sites/transilien/files/sentinelle-P-chateau-mai-juin-juillet.pdf"" target="""">cliquez ici pour télécharger l'affiche PDF</a>.<br>Les horaires du calculateur d'itinéraire tiennent compte des travaux.<br>Motif : travaux.</p> / Ligne P : Château-Th- Paris Est mai-juin-juillet";20220408T115004;Transilien Train Transilien P;441428d6-b721-11ec-94ba-005056a47b86;travaux
future;Incidents;30;perturbée;SIGNIFICANT_DELAYS;20220530T213000;20220531T020000;441428d6-b721-11ec-94ba-005056a47b86;" / Ligne P : Château-Th- Paris Est mai-juin-juillet / <p>Période : à partir de 22h<br>Dates : du lundi 2 mai au vendredi 29 juillet, du lundi au vendredi<br>Le trafic est interrompu entre Château-Thierry et Paris Est.<br>Un service de bus de remplacement est mis en place, avec desserte des gares intermédiaires.<br>Pour plus d'informations, <a href=""https://www.transilien.com/sites/transilien/files/sentinelle-P-chateau-mai-juin-juillet.pdf"" target="""">cliquez ici pour télécharger l'affiche PDF</a>.<br>Les horaires du calculateur d'itinéraire tiennent compte des travaux.<br>Motif : travaux.</p> / <p>Période : à partir de 22h<br>Dates : du lundi 2 mai au vendredi 29 juillet, du lundi au vendredi<br>Le trafic est interrompu entre Château-Thierry et Paris Est.<br>Un service de bus de remplacement est mis en place, avec desserte des gares intermédiaires.<br>Pour plus d'informations, <a href=""https://www.transilien.com/sites/transilien/files/sentinelle-P-chateau-mai-juin-juillet.pdf"" target="""">cliquez ici pour télécharger l'affiche PDF</a>.<br>Les horaires du calculateur d'itinéraire tiennent compte des travaux.<br>Motif : travaux.</p> / Ligne P : Château-Th- Paris Est mai-juin-juillet";20220408T115004;Transilien Train Transilien P;441428d6-b721-11ec-94ba-005056a47b86;travaux
future;Incidents;30;perturbée;SIGNIFICANT_DELAYS;20220527T213000;20220528T020000;441428d6-b721-11ec-94ba-005056a47b86;" / Ligne P : Château-Th- Paris Est mai-juin-juillet / <p>Période : à partir de 22h<br>Dates : du lundi 2 mai au vendredi 29 juillet, du lundi au vendredi<br>Le trafic est interrompu entre Château-Thierry et Paris Est.<br>Un service de bus de remplacement est mis en place, avec desserte des gares intermédiaires.<br>Pour plus d'informations, <a href=""https://www.transilien.com/sites/transilien/files/sentinelle-P-chateau-mai-juin-juillet.pdf"" target="""">cliquez ici pour télécharger l'affiche PDF</a>.<br>Les horaires du calculateur d'itinéraire tiennent compte des travaux.<br>Motif : travaux.</p> / <p>Période : à partir de 22h<br>Dates : du lundi 2 mai au vendredi 29 juillet, du lundi au vendredi<br>Le trafic est interrompu entre Château-Thierry et Paris Est.<br>Un service de bus de remplacement est mis en place, avec desserte des gares intermédiaires.<br>Pour plus d'informations, <a href=""https://www.transilien.com/sites/transilien/files/sentinelle-P-chateau-mai-juin-juillet.pdf"" target="""">cliquez ici pour télécharger l'affiche PDF</a>.<br>Les horaires du calculateur d'itinéraire tiennent compte des travaux.<br>Motif : travaux.</p> / Ligne P : Château-Th- Paris Est mai-juin-juillet";20220408T115004;Transilien Train Transilien P;441428d6-b721-11ec-94ba-005056a47b86;travaux
future;Incidents;30;perturbée;SIGNIFICANT_DELAYS;20220526T213000;20220527T020000;441428d6-b721-11ec-94ba-005056a47b86;" / Ligne P : Château-Th- Paris Est mai-juin-juillet / <p>Période : à partir de 22h<br>Dates : du lundi 2 mai au vendredi 29 juillet, du lundi au vendredi<br>Le trafic est interrompu entre Château-Thierry et Paris Est.<br>Un service de bus de remplacement est mis en place, avec desserte des gares intermédiaires.<br>Pour plus d'informations, <a href=""https://www.transilien.com/sites/transilien/files/sentinelle-P-chateau-mai-juin-juillet.pdf"" target="""">cliquez ici pour télécharger l'affiche PDF</a>.<br>Les horaires du calculateur d'itinéraire tiennent compte des travaux.<br>Motif : travaux.</p> / <p>Période : à partir de 22h<br>Dates : du lundi 2 mai au vendredi 29 juillet, du lundi au vendredi<br>Le trafic est interrompu entre Château-Thierry et Paris Est.<br>Un service de bus de remplacement est mis en place, avec desserte des gares intermédiaires.<br>Pour plus d'informations, <a href=""https://www.transilien.com/sites/transilien/files/sentinelle-P-chateau-mai-juin-juillet.pdf"" target="""">cliquez ici pour télécharger l'affiche PDF</a>.<br>Les horaires du calculateur d'itinéraire tiennent compte des travaux.<br>Motif : travaux.</p> / Ligne P : Château-Th- Paris Est mai-juin-juillet";20220408T115004;Transilien Train Transilien P;441428d6-b721-11ec-94ba-005056a47b86;travaux
future;Incidents;30;perturbée;SIGNIFICANT_DELAYS;20220525T213000;20220526T020000;441428d6-b721-11ec-94ba-005056a47b86;" / Ligne P : Château-Th- Paris Est mai-juin-juillet / <p>Période : à partir de 22h<br>Dates : du lundi 2 mai au vendredi 29 juillet, du lundi au vendredi<br>Le trafic est interrompu entre Château-Thierry et Paris Est.<br>Un service de bus de remplacement est mis en place, avec desserte des gares intermédiaires.<br>Pour plus d'informations, <a href=""https://www.transilien.com/sites/transilien/files/sentinelle-P-chateau-mai-juin-juillet.pdf"" target="""">cliquez ici pour télécharger l'affiche PDF</a>.<br>Les horaires du calculateur d'itinéraire tiennent compte des travaux.<br>Motif : travaux.</p> / <p>Période : à partir de 22h<br>Dates : du lundi 2 mai au vendredi 29 juillet, du lundi au vendredi<br>Le trafic est interrompu entre Château-Thierry et Paris Est.<br>Un service de bus de remplacement est mis en place, avec desserte des gares intermédiaires.<br>Pour plus d'informations, <a href=""https://www.transilien.com/sites/transilien/files/sentinelle-P-chateau-mai-juin-juillet.pdf"" target="""">cliquez ici pour télécharger l'affiche PDF</a>.<br>Les horaires du calculateur d'itinéraire tiennent compte des travaux.<br>Motif : travaux.</p> / Ligne P : Château-Th- Paris Est mai-juin-juillet";20220408T115004;Transilien Train Transilien P;441428d6-b721-11ec-94ba-005056a47b86;travaux
future;Incidents;30;perturbée;SIGNIFICANT_DELAYS;20220524T213000;20220525T020000;441428d6-b721-11ec-94ba-005056a47b86;" / Ligne P : Château-Th- Paris Est mai-juin-juillet / <p>Période : à partir de 22h<br>Dates : du lundi 2 mai au vendredi 29 juillet, du lundi au vendredi<br>Le trafic est interrompu entre Château-Thierry et Paris Est.<br>Un service de bus de remplacement est mis en place, avec desserte des gares intermédiaires.<br>Pour plus d'informations, <a href=""https://www.transilien.com/sites/transilien/files/sentinelle-P-chateau-mai-juin-juillet.pdf"" target="""">cliquez ici pour télécharger l'affiche PDF</a>.<br>Les horaires du calculateur d'itinéraire tiennent compte des travaux.<br>Motif : travaux.</p> / <p>Période : à partir de 22h<br>Dates : du lundi 2 mai au vendredi 29 juillet, du lundi au vendredi<br>Le trafic est interrompu entre Château-Thierry et Paris Est.<br>Un service de bus de remplacement est mis en place, avec desserte des gares intermédiaires.<br>Pour plus d'informations, <a href=""https://www.transilien.com/sites/transilien/files/sentinelle-P-chateau-mai-juin-juillet.pdf"" target="""">cliquez ici pour télécharger l'affiche PDF</a>.<br>Les horaires du calculateur d'itinéraire tiennent compte des travaux.<br>Motif : travaux.</p> / Ligne P : Château-Th- Paris Est mai-juin-juillet";20220408T115004;Transilien Train Transilien P;441428d6-b721-11ec-94ba-005056a47b86;travaux
future;Incidents;30;perturbée;SIGNIFICANT_DELAYS;20220523T213000;20220524T020000;441428d6-b721-11ec-94ba-005056a47b86;" / Ligne P : Château-Th- Paris Est mai-juin-juillet / <p>Période : à partir de 22h<br>Dates : du lundi 2 mai au vendredi 29 juillet, du lundi au vendredi<br>Le trafic est interrompu entre Château-Thierry et Paris Est.<br>Un service de bus de remplacement est mis en place, avec desserte des gares intermédiaires.<br>Pour plus d'informations, <a href=""https://www.transilien.com/sites/transilien/files/sentinelle-P-chateau-mai-juin-juillet.pdf"" target="""">cliquez ici pour télécharger l'affiche PDF</a>.<br>Les horaires du calculateur d'itinéraire tiennent compte des travaux.<br>Motif : travaux.</p> / <p>Période : à partir de 22h<br>Dates : du lundi 2 mai au vendredi 29 juillet, du lundi au vendredi<br>Le trafic est interrompu entre Château-Thierry et Paris Est.<br>Un service de bus de remplacement est mis en place, avec desserte des gares intermédiaires.<br>Pour plus d'informations, <a href=""https://www.transilien.com/sites/transilien/files/sentinelle-P-chateau-mai-juin-juillet.pdf"" target="""">cliquez ici pour télécharger l'affiche PDF</a>.<br>Les horaires du calculateur d'itinéraire tiennent compte des travaux.<br>Motif : travaux.</p> / Ligne P : Château-Th- Paris Est mai-juin-juillet";20220408T115004;Transilien Train Transilien P;441428d6-b721-11ec-94ba-005056a47b86;travaux
future;Incidents;30;perturbée;SIGNIFICANT_DELAYS;20220520T213000;20220521T020000;441428d6-b721-11ec-94ba-005056a47b86;" / Ligne P : Château-Th- Paris Est mai-juin-juillet / <p>Période : à partir de 22h<br>Dates : du lundi 2 mai au vendredi 29 juillet, du lundi au vendredi<br>Le trafic est interrompu entre Château-Thierry et Paris Est.<br>Un service de bus de remplacement est mis en place, avec desserte des gares intermédiaires.<br>Pour plus d'informations, <a href=""https://www.transilien.com/sites/transilien/files/sentinelle-P-chateau-mai-juin-juillet.pdf"" target="""">cliquez ici pour télécharger l'affiche PDF</a>.<br>Les horaires du calculateur d'itinéraire tiennent compte des travaux.<br>Motif : travaux.</p> / <p>Période : à partir de 22h<br>Dates : du lundi 2 mai au vendredi 29 juillet, du lundi au vendredi<br>Le trafic est interrompu entre Château-Thierry et Paris Est.<br>Un service de bus de remplacement est mis en place, avec desserte des gares intermédiaires.<br>Pour plus d'informations, <a href=""https://www.transilien.com/sites/transilien/files/sentinelle-P-chateau-mai-juin-juillet.pdf"" target="""">cliquez ici pour télécharger l'affiche PDF</a>.<br>Les horaires du calculateur d'itinéraire tiennent compte des travaux.<br>Motif : travaux.</p> / Ligne P : Château-Th- Paris Est mai-juin-juillet";20220408T115004;Transilien Train Transilien P;441428d6-b721-11ec-94ba-005056a47b86;travaux
future;Incidents;30;perturbée;SIGNIFICANT_DELAYS;20220519T213000;20220520T020000;441428d6-b721-11ec-94ba-005056a47b86;" / Ligne P : Château-Th- Paris Est mai-juin-juillet / <p>Période : à partir de 22h<br>Dates : du lundi 2 mai au vendredi 29 juillet, du lundi au vendredi<br>Le trafic est interrompu entre Château-Thierry et Paris Est.<br>Un service de bus de remplacement est mis en place, avec desserte des gares intermédiaires.<br>Pour plus d'informations, <a href=""https://www.transilien.com/sites/transilien/files/sentinelle-P-chateau-mai-juin-juillet.pdf"" target="""">cliquez ici pour télécharger l'affiche PDF</a>.<br>Les horaires du calculateur d'itinéraire tiennent compte des travaux.<br>Motif : travaux.</p> / <p>Période : à partir de 22h<br>Dates : du lundi 2 mai au vendredi 29 juillet, du lundi au vendredi<br>Le trafic est interrompu entre Château-Thierry et Paris Est.<br>Un service de bus de remplacement est mis en place, avec desserte des gares intermédiaires.<br>Pour plus d'informations, <a href=""https://www.transilien.com/sites/transilien/files/sentinelle-P-chateau-mai-juin-juillet.pdf"" target="""">cliquez ici pour télécharger l'affiche PDF</a>.<br>Les horaires du calculateur d'itinéraire tiennent compte des travaux.<br>Motif : travaux.</p> / Ligne P : Château-Th- Paris Est mai-juin-juillet";20220408T115004;Transilien Train Transilien P;441428d6-b721-11ec-94ba-005056a47b86;travaux
future;Incidents;30;perturbée;SIGNIFICANT_DELAYS;20220518T213000;20220519T020000;441428d6-b721-11ec-94ba-005056a47b86;" / Ligne P : Château-Th- Paris Est mai-juin-juillet / <p>Période : à partir de 22h<br>Dates : du lundi 2 mai au vendredi 29 juillet, du lundi au vendredi<br>Le trafic est interrompu entre Château-Thierry et Paris Est.<br>Un service de bus de remplacement est mis en place, avec desserte des gares intermédiaires.<br>Pour plus d'informations, <a href=""https://www.transilien.com/sites/transilien/files/sentinelle-P-chateau-mai-juin-juillet.pdf"" target="""">cliquez ici pour télécharger l'affiche PDF</a>.<br>Les horaires du calculateur d'itinéraire tiennent compte des travaux.<br>Motif : travaux.</p> / <p>Période : à partir de 22h<br>Dates : du lundi 2 mai au vendredi 29 juillet, du lundi au vendredi<br>Le trafic est interrompu entre Château-Thierry et Paris Est.<br>Un service de bus de remplacement est mis en place, avec desserte des gares intermédiaires.<br>Pour plus d'informations, <a href=""https://www.transilien.com/sites/transilien/files/sentinelle-P-chateau-mai-juin-juillet.pdf"" target="""">cliquez ici pour télécharger l'affiche PDF</a>.<br>Les horaires du calculateur d'itinéraire tiennent compte des travaux.<br>Motif : travaux.</p> / Ligne P : Château-Th- Paris Est mai-juin-juillet";20220408T115004;Transilien Train Transilien P;441428d6-b721-11ec-94ba-005056a47b86;travaux
future;Incidents;30;perturbée;SIGNIFICANT_DELAYS;20220517T213000;20220518T020000;441428d6-b721-11ec-94ba-005056a47b86;" / Ligne P : Château-Th- Paris Est mai-juin-juillet / <p>Période : à partir de 22h<br>Dates : du lundi 2 mai au vendredi 29 juillet, du lundi au vendredi<br>Le trafic est interrompu entre Château-Thierry et Paris Est.<br>Un service de bus de remplacement est mis en place, avec desserte des gares intermédiaires.<br>Pour plus d'informations, <a href=""https://www.transilien.com/sites/transilien/files/sentinelle-P-chateau-mai-juin-juillet.pdf"" target="""">cliquez ici pour télécharger l'affiche PDF</a>.<br>Les horaires du calculateur d'itinéraire tiennent compte des travaux.<br>Motif : travaux.</p> / <p>Période : à partir de 22h<br>Dates : du lundi 2 mai au vendredi 29 juillet, du lundi au vendredi<br>Le trafic est interrompu entre Château-Thierry et Paris Est.<br>Un service de bus de remplacement est mis en place, avec desserte des gares intermédiaires.<br>Pour plus d'informations, <a href=""https://www.transilien.com/sites/transilien/files/sentinelle-P-chateau-mai-juin-juillet.pdf"" target="""">cliquez ici pour télécharger l'affiche PDF</a>.<br>Les horaires du calculateur d'itinéraire tiennent compte des travaux.<br>Motif : travaux.</p> / Ligne P : Château-Th- Paris Est mai-juin-juillet";20220408T115004;Transilien Train Transilien P;441428d6-b721-11ec-94ba-005056a47b86;travaux
future;Incidents;30;perturbée;SIGNIFICANT_DELAYS;20220516T213000;20220517T020000;441428d6-b721-11ec-94ba-005056a47b86;" / Ligne P : Château-Th- Paris Est mai-juin-juillet / <p>Période : à partir de 22h<br>Dates : du lundi 2 mai au vendredi 29 juillet, du lundi au vendredi<br>Le trafic est interrompu entre Château-Thierry et Paris Est.<br>Un service de bus de remplacement est mis en place, avec desserte des gares intermédiaires.<br>Pour plus d'informations, <a href=""https://www.transilien.com/sites/transilien/files/sentinelle-P-chateau-mai-juin-juillet.pdf"" target="""">cliquez ici pour télécharger l'affiche PDF</a>.<br>Les horaires du calculateur d'itinéraire tiennent compte des travaux.<br>Motif : travaux.</p> / <p>Période : à partir de 22h<br>Dates : du lundi 2 mai au vendredi 29 juillet, du lundi au vendredi<br>Le trafic est interrompu entre Château-Thierry et Paris Est.<br>Un service de bus de remplacement est mis en place, avec desserte des gares intermédiaires.<br>Pour plus d'informations, <a href=""https://www.transilien.com/sites/transilien/files/sentinelle-P-chateau-mai-juin-juillet.pdf"" target="""">cliquez ici pour télécharger l'affiche PDF</a>.<br>Les horaires du calculateur d'itinéraire tiennent compte des travaux.<br>Motif : travaux.</p> / Ligne P : Château-Th- Paris Est mai-juin-juillet";20220408T115004;Transilien Train Transilien P;441428d6-b721-11ec-94ba-005056a47b86;travaux
future;Incidents;30;perturbée;SIGNIFICANT_DELAYS;20220513T213000;20220514T020000;441428d6-b721-11ec-94ba-005056a47b86;" / Ligne P : Château-Th- Paris Est mai-juin-juillet / <p>Période : à partir de 22h<br>Dates : du lundi 2 mai au vendredi 29 juillet, du lundi au vendredi<br>Le trafic est interrompu entre Château-Thierry et Paris Est.<br>Un service de bus de remplacement est mis en place, avec desserte des gares intermédiaires.<br>Pour plus d'informations, <a href=""https://www.transilien.com/sites/transilien/files/sentinelle-P-chateau-mai-juin-juillet.pdf"" target="""">cliquez ici pour télécharger l'affiche PDF</a>.<br>Les horaires du calculateur d'itinéraire tiennent compte des travaux.<br>Motif : travaux.</p> / <p>Période : à partir de 22h<br>Dates : du lundi 2 mai au vendredi 29 juillet, du lundi au vendredi<br>Le trafic est interrompu entre Château-Thierry et Paris Est.<br>Un service de bus de remplacement est mis en place, avec desserte des gares intermédiaires.<br>Pour plus d'informations, <a href=""https://www.transilien.com/sites/transilien/files/sentinelle-P-chateau-mai-juin-juillet.pdf"" target="""">cliquez ici pour télécharger l'affiche PDF</a>.<br>Les horaires du calculateur d'itinéraire tiennent compte des travaux.<br>Motif : travaux.</p> / Ligne P : Château-Th- Paris Est mai-juin-juillet";20220408T115004;Transilien Train Transilien P;441428d6-b721-11ec-94ba-005056a47b86;travaux
future;Incidents;30;perturbée;SIGNIFICANT_DELAYS;20220512T213000;20220513T020000;441428d6-b721-11ec-94ba-005056a47b86;" / Ligne P : Château-Th- Paris Est mai-juin-juillet / <p>Période : à partir de 22h<br>Dates : du lundi 2 mai au vendredi 29 juillet, du lundi au vendredi<br>Le trafic est interrompu entre Château-Thierry et Paris Est.<br>Un service de bus de remplacement est mis en place, avec desserte des gares intermédiaires.<br>Pour plus d'informations, <a href=""https://www.transilien.com/sites/transilien/files/sentinelle-P-chateau-mai-juin-juillet.pdf"" target="""">cliquez ici pour télécharger l'affiche PDF</a>.<br>Les horaires du calculateur d'itinéraire tiennent compte des travaux.<br>Motif : travaux.</p> / <p>Période : à partir de 22h<br>Dates : du lundi 2 mai au vendredi 29 juillet, du lundi au vendredi<br>Le trafic est interrompu entre Château-Thierry et Paris Est.<br>Un service de bus de remplacement est mis en place, avec desserte des gares intermédiaires.<br>Pour plus d'informations, <a href=""https://www.transilien.com/sites/transilien/files/sentinelle-P-chateau-mai-juin-juillet.pdf"" target="""">cliquez ici pour télécharger l'affiche PDF</a>.<br>Les horaires du calculateur d'itinéraire tiennent compte des travaux.<br>Motif : travaux.</p> / Ligne P : Château-Th- Paris Est mai-juin-juillet";20220408T115004;Transilien Train Transilien P;441428d6-b721-11ec-94ba-005056a47b86;travaux
future;Incidents;30;perturbée;SIGNIFICANT_DELAYS;20220511T213000;20220512T020000;441428d6-b721-11ec-94ba-005056a47b86;" / Ligne P : Château-Th- Paris Est mai-juin-juillet / <p>Période : à partir de 22h<br>Dates : du lundi 2 mai au vendredi 29 juillet, du lundi au vendredi<br>Le trafic est interrompu entre Château-Thierry et Paris Est.<br>Un service de bus de remplacement est mis en place, avec desserte des gares intermédiaires.<br>Pour plus d'informations, <a href=""https://www.transilien.com/sites/transilien/files/sentinelle-P-chateau-mai-juin-juillet.pdf"" target="""">cliquez ici pour télécharger l'affiche PDF</a>.<br>Les horaires du calculateur d'itinéraire tiennent compte des travaux.<br>Motif : travaux.</p> / <p>Période : à partir de 22h<br>Dates : du lundi 2 mai au vendredi 29 juillet, du lundi au vendredi<br>Le trafic est interrompu entre Château-Thierry et Paris Est.<br>Un service de bus de remplacement est mis en place, avec desserte des gares intermédiaires.<br>Pour plus d'informations, <a href=""https://www.transilien.com/sites/transilien/files/sentinelle-P-chateau-mai-juin-juillet.pdf"" target="""">cliquez ici pour télécharger l'affiche PDF</a>.<br>Les horaires du calculateur d'itinéraire tiennent compte des travaux.<br>Motif : travaux.</p> / Ligne P : Château-Th- Paris Est mai-juin-juillet";20220408T115004;Transilien Train Transilien P;441428d6-b721-11ec-94ba-005056a47b86;travaux
future;Incidents;30;perturbée;SIGNIFICANT_DELAYS;20220510T213000;20220511T020000;441428d6-b721-11ec-94ba-005056a47b86;" / Ligne P : Château-Th- Paris Est mai-juin-juillet / <p>Période : à partir de 22h<br>Dates : du lundi 2 mai au vendredi 29 juillet, du lundi au vendredi<br>Le trafic est interrompu entre Château-Thierry et Paris Est.<br>Un service de bus de remplacement est mis en place, avec desserte des gares intermédiaires.<br>Pour plus d'informations, <a href=""https://www.transilien.com/sites/transilien/files/sentinelle-P-chateau-mai-juin-juillet.pdf"" target="""">cliquez ici pour télécharger l'affiche PDF</a>.<br>Les horaires du calculateur d'itinéraire tiennent compte des travaux.<br>Motif : travaux.</p> / <p>Période : à partir de 22h<br>Dates : du lundi 2 mai au vendredi 29 juillet, du lundi au vendredi<br>Le trafic est interrompu entre Château-Thierry et Paris Est.<br>Un service de bus de remplacement est mis en place, avec desserte des gares intermédiaires.<br>Pour plus d'informations, <a href=""https://www.transilien.com/sites/transilien/files/sentinelle-P-chateau-mai-juin-juillet.pdf"" target="""">cliquez ici pour télécharger l'affiche PDF</a>.<br>Les horaires du calculateur d'itinéraire tiennent compte des travaux.<br>Motif : travaux.</p> / Ligne P : Château-Th- Paris Est mai-juin-juillet";20220408T115004;Transilien Train Transilien P;441428d6-b721-11ec-94ba-005056a47b86;travaux
future;Incidents;30;perturbée;SIGNIFICANT_DELAYS;20220509T213000;20220510T020000;441428d6-b721-11ec-94ba-005056a47b86;" / Ligne P : Château-Th- Paris Est mai-juin-juillet / <p>Période : à partir de 22h<br>Dates : du lundi 2 mai au vendredi 29 juillet, du lundi au vendredi<br>Le trafic est interrompu entre Château-Thierry et Paris Est.<br>Un service de bus de remplacement est mis en place, avec desserte des gares intermédiaires.<br>Pour plus d'informations, <a href=""https://www.transilien.com/sites/transilien/files/sentinelle-P-chateau-mai-juin-juillet.pdf"" target="""">cliquez ici pour télécharger l'affiche PDF</a>.<br>Les horaires du calculateur d'itinéraire tiennent compte des travaux.<br>Motif : travaux.</p> / <p>Période : à partir de 22h<br>Dates : du lundi 2 mai au vendredi 29 juillet, du lundi au vendredi<br>Le trafic est interrompu entre Château-Thierry et Paris Est.<br>Un service de bus de remplacement est mis en place, avec desserte des gares intermédiaires.<br>Pour plus d'informations, <a href=""https://www.transilien.com/sites/transilien/files/sentinelle-P-chateau-mai-juin-juillet.pdf"" target="""">cliquez ici pour télécharger l'affiche PDF</a>.<br>Les horaires du calculateur d'itinéraire tiennent compte des travaux.<br>Motif : travaux.</p> / Ligne P : Château-Th- Paris Est mai-juin-juillet";20220408T115004;Transilien Train Transilien P;441428d6-b721-11ec-94ba-005056a47b86;travaux
future;Incidents;30;perturbée;SIGNIFICANT_DELAYS;20220506T213000;20220507T020000;441428d6-b721-11ec-94ba-005056a47b86;" / Ligne P : Château-Th- Paris Est mai-juin-juillet / <p>Période : à partir de 22h<br>Dates : du lundi 2 mai au vendredi 29 juillet, du lundi au vendredi<br>Le trafic est interrompu entre Château-Thierry et Paris Est.<br>Un service de bus de remplacement est mis en place, avec desserte des gares intermédiaires.<br>Pour plus d'informations, <a href=""https://www.transilien.com/sites/transilien/files/sentinelle-P-chateau-mai-juin-juillet.pdf"" target="""">cliquez ici pour télécharger l'affiche PDF</a>.<br>Les horaires du calculateur d'itinéraire tiennent compte des travaux.<br>Motif : travaux.</p> / <p>Période : à partir de 22h<br>Dates : du lundi 2 mai au vendredi 29 juillet, du lundi au vendredi<br>Le trafic est interrompu entre Château-Thierry et Paris Est.<br>Un service de bus de remplacement est mis en place, avec desserte des gares intermédiaires.<br>Pour plus d'informations, <a href=""https://www.transilien.com/sites/transilien/files/sentinelle-P-chateau-mai-juin-juillet.pdf"" target="""">cliquez ici pour télécharger l'affiche PDF</a>.<br>Les horaires du calculateur d'itinéraire tiennent compte des travaux.<br>Motif : travaux.</p> / Ligne P : Château-Th- Paris Est mai-juin-juillet";20220408T115004;Transilien Train Transilien P;441428d6-b721-11ec-94ba-005056a47b86;travaux
future;Incidents;30;perturbée;SIGNIFICANT_DELAYS;20220505T213000;20220506T020000;441428d6-b721-11ec-94ba-005056a47b86;" / Ligne P : Château-Th- Paris Est mai-juin-juillet / <p>Période : à partir de 22h<br>Dates : du lundi 2 mai au vendredi 29 juillet, du lundi au vendredi<br>Le trafic est interrompu entre Château-Thierry et Paris Est.<br>Un service de bus de remplacement est mis en place, avec desserte des gares intermédiaires.<br>Pour plus d'informations, <a href=""https://www.transilien.com/sites/transilien/files/sentinelle-P-chateau-mai-juin-juillet.pdf"" target="""">cliquez ici pour télécharger l'affiche PDF</a>.<br>Les horaires du calculateur d'itinéraire tiennent compte des travaux.<br>Motif : travaux.</p> / <p>Période : à partir de 22h<br>Dates : du lundi 2 mai au vendredi 29 juillet, du lundi au vendredi<br>Le trafic est interrompu entre Château-Thierry et Paris Est.<br>Un service de bus de remplacement est mis en place, avec desserte des gares intermédiaires.<br>Pour plus d'informations, <a href=""https://www.transilien.com/sites/transilien/files/sentinelle-P-chateau-mai-juin-juillet.pdf"" target="""">cliquez ici pour télécharger l'affiche PDF</a>.<br>Les horaires du calculateur d'itinéraire tiennent compte des travaux.<br>Motif : travaux.</p> / Ligne P : Château-Th- Paris Est mai-juin-juillet";20220408T115004;Transilien Train Transilien P;441428d6-b721-11ec-94ba-005056a47b86;travaux
future;Incidents;30;perturbée;SIGNIFICANT_DELAYS;20220504T213000;20220505T020000;441428d6-b721-11ec-94ba-005056a47b86;" / Ligne P : Château-Th- Paris Est mai-juin-juillet / <p>Période : à partir de 22h<br>Dates : du lundi 2 mai au vendredi 29 juillet, du lundi au vendredi<br>Le trafic est interrompu entre Château-Thierry et Paris Est.<br>Un service de bus de remplacement est mis en place, avec desserte des gares intermédiaires.<br>Pour plus d'informations, <a href=""https://www.transilien.com/sites/transilien/files/sentinelle-P-chateau-mai-juin-juillet.pdf"" target="""">cliquez ici pour télécharger l'affiche PDF</a>.<br>Les horaires du calculateur d'itinéraire tiennent compte des travaux.<br>Motif : travaux.</p> / <p>Période : à partir de 22h<br>Dates : du lundi 2 mai au vendredi 29 juillet, du lundi au vendredi<br>Le trafic est interrompu entre Château-Thierry et Paris Est.<br>Un service de bus de remplacement est mis en place, avec desserte des gares intermédiaires.<br>Pour plus d'informations, <a href=""https://www.transilien.com/sites/transilien/files/sentinelle-P-chateau-mai-juin-juillet.pdf"" target="""">cliquez ici pour télécharger l'affiche PDF</a>.<br>Les horaires du calculateur d'itinéraire tiennent compte des travaux.<br>Motif : travaux.</p> / Ligne P : Château-Th- Paris Est mai-juin-juillet";20220408T115004;Transilien Train Transilien P;441428d6-b721-11ec-94ba-005056a47b86;travaux
future;Incidents;30;perturbée;SIGNIFICANT_DELAYS;20220503T213000;20220504T020000;441428d6-b721-11ec-94ba-005056a47b86;" / Ligne P : Château-Th- Paris Est mai-juin-juillet / <p>Période : à partir de 22h<br>Dates : du lundi 2 mai au vendredi 29 juillet, du lundi au vendredi<br>Le trafic est interrompu entre Château-Thierry et Paris Est.<br>Un service de bus de remplacement est mis en place, avec desserte des gares intermédiaires.<br>Pour plus d'informations, <a href=""https://www.transilien.com/sites/transilien/files/sentinelle-P-chateau-mai-juin-juillet.pdf"" target="""">cliquez ici pour télécharger l'affiche PDF</a>.<br>Les horaires du calculateur d'itinéraire tiennent compte des travaux.<br>Motif : travaux.</p> / <p>Période : à partir de 22h<br>Dates : du lundi 2 mai au vendredi 29 juillet, du lundi au vendredi<br>Le trafic est interrompu entre Château-Thierry et Paris Est.<br>Un service de bus de remplacement est mis en place, avec desserte des gares intermédiaires.<br>Pour plus d'informations, <a href=""https://www.transilien.com/sites/transilien/files/sentinelle-P-chateau-mai-juin-juillet.pdf"" target="""">cliquez ici pour télécharger l'affiche PDF</a>.<br>Les horaires du calculateur d'itinéraire tiennent compte des travaux.<br>Motif : travaux.</p> / Ligne P : Château-Th- Paris Est mai-juin-juillet";20220408T115004;Transilien Train Transilien P;441428d6-b721-11ec-94ba-005056a47b86;travaux
future;Incidents;30;perturbée;SIGNIFICANT_DELAYS;20220502T213000;20220503T020000;441428d6-b721-11ec-94ba-005056a47b86;" / Ligne P : Château-Th- Paris Est mai-juin-juillet / <p>Période : à partir de 22h<br>Dates : du lundi 2 mai au vendredi 29 juillet, du lundi au vendredi<br>Le trafic est interrompu entre Château-Thierry et Paris Est.<br>Un service de bus de remplacement est mis en place, avec desserte des gares intermédiaires.<br>Pour plus d'informations, <a href=""https://www.transilien.com/sites/transilien/files/sentinelle-P-chateau-mai-juin-juillet.pdf"" target="""">cliquez ici pour télécharger l'affiche PDF</a>.<br>Les horaires du calculateur d'itinéraire tiennent compte des travaux.<br>Motif : travaux.</p> / <p>Période : à partir de 22h<br>Dates : du lundi 2 mai au vendredi 29 juillet, du lundi au vendredi<br>Le trafic est interrompu entre Château-Thierry et Paris Est.<br>Un service de bus de remplacement est mis en place, avec desserte des gares intermédiaires.<br>Pour plus d'informations, <a href=""https://www.transilien.com/sites/transilien/files/sentinelle-P-chateau-mai-juin-juillet.pdf"" target="""">cliquez ici pour télécharger l'affiche PDF</a>.<br>Les horaires du calculateur d'itinéraire tiennent compte des travaux.<br>Motif : travaux.</p> / Ligne P : Château-Th- Paris Est mai-juin-juillet";20220408T115004;Transilien Train Transilien P;441428d6-b721-11ec-94ba-005056a47b86;travaux
future;Incidents;30;perturbée;SIGNIFICANT_DELAYS;20220729T213000;20220730T020000;441428d6-b721-11ec-94ba-005056a47b86;" / Ligne P : Château-Th- Paris Est mai-juin-juillet / <p>Période : à partir de 22h<br>Dates : du lundi 2 mai au vendredi 29 juillet, du lundi au vendredi<br>Le trafic est interrompu entre Château-Thierry et Paris Est.<br>Un service de bus de remplacement est mis en place, avec desserte des gares intermédiaires.<br>Pour plus d'informations, <a href=""https://www.transilien.com/sites/transilien/files/sentinelle-P-chateau-mai-juin-juillet.pdf"" target="""">cliquez ici pour télécharger l'affiche PDF</a>.<br>Les horaires du calculateur d'itinéraire tiennent compte des travaux.<br>Motif : travaux.</p> / <p>Période : à partir de 22h<br>Dates : du lundi 2 mai au vendredi 29 juillet, du lundi au vendredi<br>Le trafic est interrompu entre Château-Thierry et Paris Est.<br>Un service de bus de remplacement est mis en place, avec desserte des gares intermédiaires.<br>Pour plus d'informations, <a href=""https://www.transilien.com/sites/transilien/files/sentinelle-P-chateau-mai-juin-juillet.pdf"" target="""">cliquez ici pour télécharger l'affiche PDF</a>.<br>Les horaires du calculateur d'itinéraire tiennent compte des travaux.<br>Motif : travaux.</p> / Ligne P : Château-Th- Paris Est mai-juin-juillet";20220408T115004;Transilien Train Transilien P;441428d6-b721-11ec-94ba-005056a47b86;travaux
active;Incidents;30;perturbée;SIGNIFICANT_DELAYS;20220816T223000;20220817T030000;d90114ec-bcce-11ec-be82-005056a47b86;" / Ligne H : Paris Nord - Luzarches 03/01-16/12 / <p>Période : en soirée.<br>Dates : du lundi 03 janvier au vendredi 16 décembre 2022, sauf les week-ends.<br>Le trafic est interrompu entre Paris Gare du Nord et Luzarches.<br>Un service de bus de remplacement est mis en place, avec desserte des gares intermédiaires.<br><a href=""https://transilien.com/sites/transilien/files/sentinelle-20220103-h-pno-luz-0301-1612.pdf"" target=""""></a><a href=""https://www.transilien.com/sites/transilien/files/sentinelle-20220301-h-parisnord-luzarches-jusquau16decembre-sf21juin.pdf"" target=""""><br>Pour plus d'informations, cliquez ici pour télécharger l'affiche PDF</a><br>Les horaires du calculateur d'itinéraire tiennent compte des travaux.<br>Motif : travaux.</p> / Ligne H : Paris Nord - Luzarches 03/01-16/12";20220415T171513;Transilien Train Transilien H;d90114ec-bcce-11ec-be82-005056a47b86;travaux
active;Incidents;30;perturbée;SIGNIFICANT_DELAYS;20220811T223000;20220812T030000;d90114ec-bcce-11ec-be82-005056a47b86;" / Ligne H : Paris Nord - Luzarches 03/01-16/12 / <p>Période : en soirée.<br>Dates : du lundi 03 janvier au vendredi 16 décembre 2022, sauf les week-ends.<br>Le trafic est interrompu entre Paris Gare du Nord et Luzarches.<br>Un service de bus de remplacement est mis en place, avec desserte des gares intermédiaires.<br><a href=""https://transilien.com/sites/transilien/files/sentinelle-20220103-h-pno-luz-0301-1612.pdf"" target=""""></a><a href=""https://www.transilien.com/sites/transilien/files/sentinelle-20220301-h-parisnord-luzarches-jusquau16decembre-sf21juin.pdf"" target=""""><br>Pour plus d'informations, cliquez ici pour télécharger l'affiche PDF</a><br>Les horaires du calculateur d'itinéraire tiennent compte des travaux.<br>Motif : travaux.</p> / Ligne H : Paris Nord - Luzarches 03/01-16/12";20220415T171513;Transilien Train Transilien H;d90114ec-bcce-11ec-be82-005056a47b86;travaux
active;Incidents;30;perturbée;SIGNIFICANT_DELAYS;20220802T223000;20220803T030000;d90114ec-bcce-11ec-be82-005056a47b86;" / Ligne H : Paris Nord - Luzarches 03/01-16/12 / <p>Période : en soirée.<br>Dates : du lundi 03 janvier au vendredi 16 décembre 2022, sauf les week-ends.<br>Le trafic est interrompu entre Paris Gare du Nord et Luzarches.<br>Un service de bus de remplacement est mis en place, avec desserte des gares intermédiaires.<br><a href=""https://transilien.com/sites/transilien/files/sentinelle-20220103-h-pno-luz-0301-1612.pdf"" target=""""></a><a href=""https://www.transilien.com/sites/transilien/files/sentinelle-20220301-h-parisnord-luzarches-jusquau16decembre-sf21juin.pdf"" target=""""><br>Pour plus d'informations, cliquez ici pour télécharger l'affiche PDF</a><br>Les horaires du calculateur d'itinéraire tiennent compte des travaux.<br>Motif : travaux.</p> / Ligne H : Paris Nord - Luzarches 03/01-16/12";20220415T171513;Transilien Train Transilien H;d90114ec-bcce-11ec-be82-005056a47b86;travaux
active;Incidents;30;perturbée;SIGNIFICANT_DELAYS;20220128T223000;20220129T030000;d90114ec-bcce-11ec-be82-005056a47b86;" / Ligne H : Paris Nord - Luzarches 03/01-16/12 / <p>Période : en soirée.<br>Dates : du lundi 03 janvier au vendredi 16 décembre 2022, sauf les week-ends.<br>Le trafic est interrompu entre Paris Gare du Nord et Luzarches.<br>Un service de bus de remplacement est mis en place, avec desserte des gares intermédiaires.<br><a href=""https://transilien.com/sites/transilien/files/sentinelle-20220103-h-pno-luz-0301-1612.pdf"" target=""""></a><a href=""https://www.transilien.com/sites/transilien/files/sentinelle-20220301-h-parisnord-luzarches-jusquau16decembre-sf21juin.pdf"" target=""""><br>Pour plus d'informations, cliquez ici pour télécharger l'affiche PDF</a><br>Les horaires du calculateur d'itinéraire tiennent compte des travaux.<br>Motif : travaux.</p> / Ligne H : Paris Nord - Luzarches 03/01-16/12";20220415T171513;Transilien Train Transilien H;d90114ec-bcce-11ec-be82-005056a47b86;travaux
active;Incidents;30;perturbée;SIGNIFICANT_DELAYS;20220309T223000;20220310T030000;d90114ec-bcce-11ec-be82-005056a47b86;" / Ligne H : Paris Nord - Luzarches 03/01-16/12 / <p>Période : en soirée.<br>Dates : du lundi 03 janvier au vendredi 16 décembre 2022, sauf les week-ends.<br>Le trafic est interrompu entre Paris Gare du Nord et Luzarches.<br>Un service de bus de remplacement est mis en place, avec desserte des gares intermédiaires.<br><a href=""https://transilien.com/sites/transilien/files/sentinelle-20220103-h-pno-luz-0301-1612.pdf"" target=""""></a><a href=""https://www.transilien.com/sites/transilien/files/sentinelle-20220301-h-parisnord-luzarches-jusquau16decembre-sf21juin.pdf"" target=""""><br>Pour plus d'informations, cliquez ici pour télécharger l'affiche PDF</a><br>Les horaires du calculateur d'itinéraire tiennent compte des travaux.<br>Motif : travaux.</p> / Ligne H : Paris Nord - Luzarches 03/01-16/12";20220415T171513;Transilien Train Transilien H;d90114ec-bcce-11ec-be82-005056a47b86;travaux
active;Incidents;30;perturbée;SIGNIFICANT_DELAYS;20220210T223000;20220211T030000;d90114ec-bcce-11ec-be82-005056a47b86;" / Ligne H : Paris Nord - Luzarches 03/01-16/12 / <p>Période : en soirée.<br>Dates : du lundi 03 janvier au vendredi 16 décembre 2022, sauf les week-ends.<br>Le trafic est interrompu entre Paris Gare du Nord et Luzarches.<br>Un service de bus de remplacement est mis en place, avec desserte des gares intermédiaires.<br><a href=""https://transilien.com/sites/transilien/files/sentinelle-20220103-h-pno-luz-0301-1612.pdf"" target=""""></a><a href=""https://www.transilien.com/sites/transilien/files/sentinelle-20220301-h-parisnord-luzarches-jusquau16decembre-sf21juin.pdf"" target=""""><br>Pour plus d'informations, cliquez ici pour télécharger l'affiche PDF</a><br>Les horaires du calculateur d'itinéraire tiennent compte des travaux.<br>Motif : travaux.</p> / Ligne H : Paris Nord - Luzarches 03/01-16/12";20220415T171513;Transilien Train Transilien H;d90114ec-bcce-11ec-be82-005056a47b86;travaux
active;Incidents;30;perturbée;SIGNIFICANT_DELAYS;20220124T223000;20220125T030000;d90114ec-bcce-11ec-be82-005056a47b86;" / Ligne H : Paris Nord - Luzarches 03/01-16/12 / <p>Période : en soirée.<br>Dates : du lundi 03 janvier au vendredi 16 décembre 2022, sauf les week-ends.<br>Le trafic est interrompu entre Paris Gare du Nord et Luzarches.<br>Un service de bus de remplacement est mis en place, avec desserte des gares intermédiaires.<br><a href=""https://transilien.com/sites/transilien/files/sentinelle-20220103-h-pno-luz-0301-1612.pdf"" target=""""></a><a href=""https://www.transilien.com/sites/transilien/files/sentinelle-20220301-h-parisnord-luzarches-jusquau16decembre-sf21juin.pdf"" target=""""><br>Pour plus d'informations, cliquez ici pour télécharger l'affiche PDF</a><br>Les horaires du calculateur d'itinéraire tiennent compte des travaux.<br>Motif : travaux.</p> / Ligne H : Paris Nord - Luzarches 03/01-16/12";20220415T171513;Transilien Train Transilien H;d90114ec-bcce-11ec-be82-005056a47b86;travaux
active;Incidents;30;perturbée;SIGNIFICANT_DELAYS;20220301T223000;20220302T030000;d90114ec-bcce-11ec-be82-005056a47b86;" / Ligne H : Paris Nord - Luzarches 03/01-16/12 / <p>Période : en soirée.<br>Dates : du lundi 03 janvier au vendredi 16 décembre 2022, sauf les week-ends.<br>Le trafic est interrompu entre Paris Gare du Nord et Luzarches.<br>Un service de bus de remplacement est mis en place, avec desserte des gares intermédiaires.<br><a href=""https://transilien.com/sites/transilien/files/sentinelle-20220103-h-pno-luz-0301-1612.pdf"" target=""""></a><a href=""https://www.transilien.com/sites/transilien/files/sentinelle-20220301-h-parisnord-luzarches-jusquau16decembre-sf21juin.pdf"" target=""""><br>Pour plus d'informations, cliquez ici pour télécharger l'affiche PDF</a><br>Les horaires du calculateur d'itinéraire tiennent compte des travaux.<br>Motif : travaux.</p> / Ligne H : Paris Nord - Luzarches 03/01-16/12";20220415T171513;Transilien Train Transilien H;d90114ec-bcce-11ec-be82-005056a47b86;travaux
active;Incidents;30;perturbée;SIGNIFICANT_DELAYS;20220221T223000;20220222T030000;d90114ec-bcce-11ec-be82-005056a47b86;" / Ligne H : Paris Nord - Luzarches 03/01-16/12 / <p>Période : en soirée.<br>Dates : du lundi 03 janvier au vendredi 16 décembre 2022, sauf les week-ends.<br>Le trafic est interrompu entre Paris Gare du Nord et Luzarches.<br>Un service de bus de remplacement est mis en place, avec desserte des gares intermédiaires.<br><a href=""https://transilien.com/sites/transilien/files/sentinelle-20220103-h-pno-luz-0301-1612.pdf"" target=""""></a><a href=""https://www.transilien.com/sites/transilien/files/sentinelle-20220301-h-parisnord-luzarches-jusquau16decembre-sf21juin.pdf"" target=""""><br>Pour plus d'informations, cliquez ici pour télécharger l'affiche PDF</a><br>Les horaires du calculateur d'itinéraire tiennent compte des travaux.<br>Motif : travaux.</p> / Ligne H : Paris Nord - Luzarches 03/01-16/12";20220415T171513;Transilien Train Transilien H;d90114ec-bcce-11ec-be82-005056a47b86;travaux
active;Incidents;30;perturbée;SIGNIFICANT_DELAYS;20220121T223000;20220122T030000;d90114ec-bcce-11ec-be82-005056a47b86;" / Ligne H : Paris Nord - Luzarches 03/01-16/12 / <p>Période : en soirée.<br>Dates : du lundi 03 janvier au vendredi 16 décembre 2022, sauf les week-ends.<br>Le trafic est interrompu entre Paris Gare du Nord et Luzarches.<br>Un service de bus de remplacement est mis en place, avec desserte des gares intermédiaires.<br><a href=""https://transilien.com/sites/transilien/files/sentinelle-20220103-h-pno-luz-0301-1612.pdf"" target=""""></a><a href=""https://www.transilien.com/sites/transilien/files/sentinelle-20220301-h-parisnord-luzarches-jusquau16decembre-sf21juin.pdf"" target=""""><br>Pour plus d'informations, cliquez ici pour télécharger l'affiche PDF</a><br>Les horaires du calculateur d'itinéraire tiennent compte des travaux.<br>Motif : travaux.</p> / Ligne H : Paris Nord - Luzarches 03/01-16/12";20220415T171513;Transilien Train Transilien H;d90114ec-bcce-11ec-be82-005056a47b86;travaux
active;Incidents;30;perturbée;SIGNIFICANT_DELAYS;20220216T223000;20220217T030000;d90114ec-bcce-11ec-be82-005056a47b86;" / Ligne H : Paris Nord - Luzarches 03/01-16/12 / <p>Période : en soirée.<br>Dates : du lundi 03 janvier au vendredi 16 décembre 2022, sauf les week-ends.<br>Le trafic est interrompu entre Paris Gare du Nord et Luzarches.<br>Un service de bus de remplacement est mis en place, avec desserte des gares intermédiaires.<br><a href=""https://transilien.com/sites/transilien/files/sentinelle-20220103-h-pno-luz-0301-1612.pdf"" target=""""></a><a href=""https://www.transilien.com/sites/transilien/files/sentinelle-20220301-h-parisnord-luzarches-jusquau16decembre-sf21juin.pdf"" target=""""><br>Pour plus d'informations, cliquez ici pour télécharger l'affiche PDF</a><br>Les horaires du calculateur d'itinéraire tiennent compte des travaux.<br>Motif : travaux.</p> / Ligne H : Paris Nord - Luzarches 03/01-16/12";20220415T171513;Transilien Train Transilien H;d90114ec-bcce-11ec-be82-005056a47b86;travaux
active;Incidents;30;perturbée;SIGNIFICANT_DELAYS;20220628T223000;20220629T030000;d90114ec-bcce-11ec-be82-005056a47b86;" / Ligne H : Paris Nord - Luzarches 03/01-16/12 / <p>Période : en soirée.<br>Dates : du lundi 03 janvier au vendredi 16 décembre 2022, sauf les week-ends.<br>Le trafic est interrompu entre Paris Gare du Nord et Luzarches.<br>Un service de bus de remplacement est mis en place, avec desserte des gares intermédiaires.<br><a href=""https://transilien.com/sites/transilien/files/sentinelle-20220103-h-pno-luz-0301-1612.pdf"" target=""""></a><a href=""https://www.transilien.com/sites/transilien/files/sentinelle-20220301-h-parisnord-luzarches-jusquau16decembre-sf21juin.pdf"" target=""""><br>Pour plus d'informations, cliquez ici pour télécharger l'affiche PDF</a><br>Les horaires du calculateur d'itinéraire tiennent compte des travaux.<br>Motif : travaux.</p> / Ligne H : Paris Nord - Luzarches 03/01-16/12";20220415T171513;Transilien Train Transilien H;d90114ec-bcce-11ec-be82-005056a47b86;travaux
active;Incidents;30;perturbée;SIGNIFICANT_DELAYS;20220704T223000;20220705T030000;d90114ec-bcce-11ec-be82-005056a47b86;" / Ligne H : Paris Nord - Luzarches 03/01-16/12 / <p>Période : en soirée.<br>Dates : du lundi 03 janvier au vendredi 16 décembre 2022, sauf les week-ends.<br>Le trafic est interrompu entre Paris Gare du Nord et Luzarches.<br>Un service de bus de remplacement est mis en place, avec desserte des gares intermédiaires.<br><a href=""https://transilien.com/sites/transilien/files/sentinelle-20220103-h-pno-luz-0301-1612.pdf"" target=""""></a><a href=""https://www.transilien.com/sites/transilien/files/sentinelle-20220301-h-parisnord-luzarches-jusquau16decembre-sf21juin.pdf"" target=""""><br>Pour plus d'informations, cliquez ici pour télécharger l'affiche PDF</a><br>Les horaires du calculateur d'itinéraire tiennent compte des travaux.<br>Motif : travaux.</p> / Ligne H : Paris Nord - Luzarches 03/01-16/12";20220415T171513;Transilien Train Transilien H;d90114ec-bcce-11ec-be82-005056a47b86;travaux
active;Incidents;30;perturbée;SIGNIFICANT_DELAYS;20220315T223000;20220316T030000;d90114ec-bcce-11ec-be82-005056a47b86;" / Ligne H : Paris Nord - Luzarches 03/01-16/12 / <p>Période : en soirée.<br>Dates : du lundi 03 janvier au vendredi 16 décembre 2022, sauf les week-ends.<br>Le trafic est interrompu entre Paris Gare du Nord et Luzarches.<br>Un service de bus de remplacement est mis en place, avec desserte des gares intermédiaires.<br><a href=""https://transilien.com/sites/transilien/files/sentinelle-20220103-h-pno-luz-0301-1612.pdf"" target=""""></a><a href=""https://www.transilien.com/sites/transilien/files/sentinelle-20220301-h-parisnord-luzarches-jusquau16decembre-sf21juin.pdf"" target=""""><br>Pour plus d'informations, cliquez ici pour télécharger l'affiche PDF</a><br>Les horaires du calculateur d'itinéraire tiennent compte des travaux.<br>Motif : travaux.</p> / Ligne H : Paris Nord - Luzarches 03/01-16/12";20220415T171513;Transilien Train Transilien H;d90114ec-bcce-11ec-be82-005056a47b86;travaux
active;Incidents;30;perturbée;SIGNIFICANT_DELAYS;20220429T223000;20220430T030000;d90114ec-bcce-11ec-be82-005056a47b86;" / Ligne H : Paris Nord - Luzarches 03/01-16/12 / <p>Période : en soirée.<br>Dates : du lundi 03 janvier au vendredi 16 décembre 2022, sauf les week-ends.<br>Le trafic est interrompu entre Paris Gare du Nord et Luzarches.<br>Un service de bus de remplacement est mis en place, avec desserte des gares intermédiaires.<br><a href=""https://transilien.com/sites/transilien/files/sentinelle-20220103-h-pno-luz-0301-1612.pdf"" target=""""></a><a href=""https://www.transilien.com/sites/transilien/files/sentinelle-20220301-h-parisnord-luzarches-jusquau16decembre-sf21juin.pdf"" target=""""><br>Pour plus d'informations, cliquez ici pour télécharger l'affiche PDF</a><br>Les horaires du calculateur d'itinéraire tiennent compte des travaux.<br>Motif : travaux.</p> / Ligne H : Paris Nord - Luzarches 03/01-16/12";20220415T171513;Transilien Train Transilien H;d90114ec-bcce-11ec-be82-005056a47b86;travaux
active;Incidents;30;perturbée;SIGNIFICANT_DELAYS;20220503T223000;20220504T030000;d90114ec-bcce-11ec-be82-005056a47b86;" / Ligne H : Paris Nord - Luzarches 03/01-16/12 / <p>Période : en soirée.<br>Dates : du lundi 03 janvier au vendredi 16 décembre 2022, sauf les week-ends.<br>Le trafic est interrompu entre Paris Gare du Nord et Luzarches.<br>Un service de bus de remplacement est mis en place, avec desserte des gares intermédiaires.<br><a href=""https://transilien.com/sites/transilien/files/sentinelle-20220103-h-pno-luz-0301-1612.pdf"" target=""""></a><a href=""https://www.transilien.com/sites/transilien/files/sentinelle-20220301-h-parisnord-luzarches-jusquau16decembre-sf21juin.pdf"" target=""""><br>Pour plus d'informations, cliquez ici pour télécharger l'affiche PDF</a><br>Les horaires du calculateur d'itinéraire tiennent compte des travaux.<br>Motif : travaux.</p> / Ligne H : Paris Nord - Luzarches 03/01-16/12";20220415T171513;Transilien Train Transilien H;d90114ec-bcce-11ec-be82-005056a47b86;travaux
active;Incidents;30;perturbée;SIGNIFICANT_DELAYS;20220615T223000;20220616T030000;d90114ec-bcce-11ec-be82-005056a47b86;" / Ligne H : Paris Nord - Luzarches 03/01-16/12 / <p>Période : en soirée.<br>Dates : du lundi 03 janvier au vendredi 16 décembre 2022, sauf les week-ends.<br>Le trafic est interrompu entre Paris Gare du Nord et Luzarches.<br>Un service de bus de remplacement est mis en place, avec desserte des gares intermédiaires.<br><a href=""https://transilien.com/sites/transilien/files/sentinelle-20220103-h-pno-luz-0301-1612.pdf"" target=""""></a><a href=""https://www.transilien.com/sites/transilien/files/sentinelle-20220301-h-parisnord-luzarches-jusquau16decembre-sf21juin.pdf"" target=""""><br>Pour plus d'informations, cliquez ici pour télécharger l'affiche PDF</a><br>Les horaires du calculateur d'itinéraire tiennent compte des travaux.<br>Motif : travaux.</p> / Ligne H : Paris Nord - Luzarches 03/01-16/12";20220415T171513;Transilien Train Transilien H;d90114ec-bcce-11ec-be82-005056a47b86;travaux
active;Incidents;30;perturbée;SIGNIFICANT_DELAYS;20220527T223000;20220528T030000;d90114ec-bcce-11ec-be82-005056a47b86;" / Ligne H : Paris Nord - Luzarches 03/01-16/12 / <p>Période : en soirée.<br>Dates : du lundi 03 janvier au vendredi 16 décembre 2022, sauf les week-ends.<br>Le trafic est interrompu entre Paris Gare du Nord et Luzarches.<br>Un service de bus de remplacement est mis en place, avec desserte des gares intermédiaires.<br><a href=""https://transilien.com/sites/transilien/files/sentinelle-20220103-h-pno-luz-0301-1612.pdf"" target=""""></a><a href=""https://www.transilien.com/sites/transilien/files/sentinelle-20220301-h-parisnord-luzarches-jusquau16decembre-sf21juin.pdf"" target=""""><br>Pour plus d'informations, cliquez ici pour télécharger l'affiche PDF</a><br>Les horaires du calculateur d'itinéraire tiennent compte des travaux.<br>Motif : travaux.</p> / Ligne H : Paris Nord - Luzarches 03/01-16/12";20220415T171513;Transilien Train Transilien H;d90114ec-bcce-11ec-be82-005056a47b86;travaux
active;Incidents;30;perturbée;SIGNIFICANT_DELAYS;20220422T223000;20220423T030000;d90114ec-bcce-11ec-be82-005056a47b86;" / Ligne H : Paris Nord - Luzarches 03/01-16/12 / <p>Période : en soirée.<br>Dates : du lundi 03 janvier au vendredi 16 décembre 2022, sauf les week-ends.<br>Le trafic est interrompu entre Paris Gare du Nord et Luzarches.<br>Un service de bus de remplacement est mis en place, avec desserte des gares intermédiaires.<br><a href=""https://transilien.com/sites/transilien/files/sentinelle-20220103-h-pno-luz-0301-1612.pdf"" target=""""></a><a href=""https://www.transilien.com/sites/transilien/files/sentinelle-20220301-h-parisnord-luzarches-jusquau16decembre-sf21juin.pdf"" target=""""><br>Pour plus d'informations, cliquez ici pour télécharger l'affiche PDF</a><br>Les horaires du calculateur d'itinéraire tiennent compte des travaux.<br>Motif : travaux.</p> / Ligne H : Paris Nord - Luzarches 03/01-16/12";20220415T171513;Transilien Train Transilien H;d90114ec-bcce-11ec-be82-005056a47b86;travaux
active;Incidents;30;perturbée;SIGNIFICANT_DELAYS;20220610T223000;20220611T030000;d90114ec-bcce-11ec-be82-005056a47b86;" / Ligne H : Paris Nord - Luzarches 03/01-16/12 / <p>Période : en soirée.<br>Dates : du lundi 03 janvier au vendredi 16 décembre 2022, sauf les week-ends.<br>Le trafic est interrompu entre Paris Gare du Nord et Luzarches.<br>Un service de bus de remplacement est mis en place, avec desserte des gares intermédiaires.<br><a href=""https://transilien.com/sites/transilien/files/sentinelle-20220103-h-pno-luz-0301-1612.pdf"" target=""""></a><a href=""https://www.transilien.com/sites/transilien/files/sentinelle-20220301-h-parisnord-luzarches-jusquau16decembre-sf21juin.pdf"" target=""""><br>Pour plus d'informations, cliquez ici pour télécharger l'affiche PDF</a><br>Les horaires du calculateur d'itinéraire tiennent compte des travaux.<br>Motif : travaux.</p> / Ligne H : Paris Nord - Luzarches 03/01-16/12";20220415T171513;Transilien Train Transilien H;d90114ec-bcce-11ec-be82-005056a47b86;travaux
active;Incidents;30;perturbée;SIGNIFICANT_DELAYS;20220805T223000;20220806T030000;d90114ec-bcce-11ec-be82-005056a47b86;" / Ligne H : Paris Nord - Luzarches 03/01-16/12 / <p>Période : en soirée.<br>Dates : du lundi 03 janvier au vendredi 16 décembre 2022, sauf les week-ends.<br>Le trafic est interrompu entre Paris Gare du Nord et Luzarches.<br>Un service de bus de remplacement est mis en place, avec desserte des gares intermédiaires.<br><a href=""https://transilien.com/sites/transilien/files/sentinelle-20220103-h-pno-luz-0301-1612.pdf"" target=""""></a><a href=""https://www.transilien.com/sites/transilien/files/sentinelle-20220301-h-parisnord-luzarches-jusquau16decembre-sf21juin.pdf"" target=""""><br>Pour plus d'informations, cliquez ici pour télécharger l'affiche PDF</a><br>Les horaires du calculateur d'itinéraire tiennent compte des travaux.<br>Motif : travaux.</p> / Ligne H : Paris Nord - Luzarches 03/01-16/12";20220415T171513;Transilien Train Transilien H;d90114ec-bcce-11ec-be82-005056a47b86;travaux
active;Incidents;30;perturbée;SIGNIFICANT_DELAYS;20220601T223000;20220602T030000;d90114ec-bcce-11ec-be82-005056a47b86;" / Ligne H : Paris Nord - Luzarches 03/01-16/12 / <p>Période : en soirée.<br>Dates : du lundi 03 janvier au vendredi 16 décembre 2022, sauf les week-ends.<br>Le trafic est interrompu entre Paris Gare du Nord et Luzarches.<br>Un service de bus de remplacement est mis en place, avec desserte des gares intermédiaires.<br><a href=""https://transilien.com/sites/transilien/files/sentinelle-20220103-h-pno-luz-0301-1612.pdf"" target=""""></a><a href=""https://www.transilien.com/sites/transilien/files/sentinelle-20220301-h-parisnord-luzarches-jusquau16decembre-sf21juin.pdf"" target=""""><br>Pour plus d'informations, cliquez ici pour télécharger l'affiche PDF</a><br>Les horaires du calculateur d'itinéraire tiennent compte des travaux.<br>Motif : travaux.</p> / Ligne H : Paris Nord - Luzarches 03/01-16/12";20220415T171513;Transilien Train Transilien H;d90114ec-bcce-11ec-be82-005056a47b86;travaux
active;Incidents;30;perturbée;SIGNIFICANT_DELAYS;20220609T223000;20220610T030000;d90114ec-bcce-11ec-be82-005056a47b86;" / Ligne H : Paris Nord - Luzarches 03/01-16/12 / <p>Période : en soirée.<br>Dates : du lundi 03 janvier au vendredi 16 décembre 2022, sauf les week-ends.<br>Le trafic est interrompu entre Paris Gare du Nord et Luzarches.<br>Un service de bus de remplacement est mis en place, avec desserte des gares intermédiaires.<br><a href=""https://transilien.com/sites/transilien/files/sentinelle-20220103-h-pno-luz-0301-1612.pdf"" target=""""></a><a href=""https://www.transilien.com/sites/transilien/files/sentinelle-20220301-h-parisnord-luzarches-jusquau16decembre-sf21juin.pdf"" target=""""><br>Pour plus d'informations, cliquez ici pour télécharger l'affiche PDF</a><br>Les horaires du calculateur d'itinéraire tiennent compte des travaux.<br>Motif : travaux.</p> / Ligne H : Paris Nord - Luzarches 03/01-16/12";20220415T171513;Transilien Train Transilien H;d90114ec-bcce-11ec-be82-005056a47b86;travaux
active;Incidents;30;perturbée;SIGNIFICANT_DELAYS;20220930T223000;20221001T030000;d90114ec-bcce-11ec-be82-005056a47b86;" / Ligne H : Paris Nord - Luzarches 03/01-16/12 / <p>Période : en soirée.<br>Dates : du lundi 03 janvier au vendredi 16 décembre 2022, sauf les week-ends.<br>Le trafic est interrompu entre Paris Gare du Nord et Luzarches.<br>Un service de bus de remplacement est mis en place, avec desserte des gares intermédiaires.<br><a href=""https://transilien.com/sites/transilien/files/sentinelle-20220103-h-pno-luz-0301-1612.pdf"" target=""""></a><a href=""https://www.transilien.com/sites/transilien/files/sentinelle-20220301-h-parisnord-luzarches-jusquau16decembre-sf21juin.pdf"" target=""""><br>Pour plus d'informations, cliquez ici pour télécharger l'affiche PDF</a><br>Les horaires du calculateur d'itinéraire tiennent compte des travaux.<br>Motif : travaux.</p> / Ligne H : Paris Nord - Luzarches 03/01-16/12";20220415T171513;Transilien Train Transilien H;d90114ec-bcce-11ec-be82-005056a47b86;travaux
active;Incidents;30;perturbée;SIGNIFICANT_DELAYS;20220308T223000;20220309T030000;d90114ec-bcce-11ec-be82-005056a47b86;" / Ligne H : Paris Nord - Luzarches 03/01-16/12 / <p>Période : en soirée.<br>Dates : du lundi 03 janvier au vendredi 16 décembre 2022, sauf les week-ends.<br>Le trafic est interrompu entre Paris Gare du Nord et Luzarches.<br>Un service de bus de remplacement est mis en place, avec desserte des gares intermédiaires.<br><a href=""https://transilien.com/sites/transilien/files/sentinelle-20220103-h-pno-luz-0301-1612.pdf"" target=""""></a><a href=""https://www.transilien.com/sites/transilien/files/sentinelle-20220301-h-parisnord-luzarches-jusquau16decembre-sf21juin.pdf"" target=""""><br>Pour plus d'informations, cliquez ici pour télécharger l'affiche PDF</a><br>Les horaires du calculateur d'itinéraire tiennent compte des travaux.<br>Motif : travaux.</p> / Ligne H : Paris Nord - Luzarches 03/01-16/12";20220415T171513;Transilien Train Transilien H;d90114ec-bcce-11ec-be82-005056a47b86;travaux
active;Incidents;30;perturbée;SIGNIFICANT_DELAYS;20220926T223000;20220927T030000;d90114ec-bcce-11ec-be82-005056a47b86;" / Ligne H : Paris Nord - Luzarches 03/01-16/12 / <p>Période : en soirée.<br>Dates : du lundi 03 janvier au vendredi 16 décembre 2022, sauf les week-ends.<br>Le trafic est interrompu entre Paris Gare du Nord et Luzarches.<br>Un service de bus de remplacement est mis en place, avec desserte des gares intermédiaires.<br><a href=""https://transilien.com/sites/transilien/files/sentinelle-20220103-h-pno-luz-0301-1612.pdf"" target=""""></a><a href=""https://www.transilien.com/sites/transilien/files/sentinelle-20220301-h-parisnord-luzarches-jusquau16decembre-sf21juin.pdf"" target=""""><br>Pour plus d'informations, cliquez ici pour télécharger l'affiche PDF</a><br>Les horaires du calculateur d'itinéraire tiennent compte des travaux.<br>Motif : travaux.</p> / Ligne H : Paris Nord - Luzarches 03/01-16/12";20220415T171513;Transilien Train Transilien H;d90114ec-bcce-11ec-be82-005056a47b86;travaux
active;Incidents;30;perturbée;SIGNIFICANT_DELAYS;20220225T223000;20220226T030000;d90114ec-bcce-11ec-be82-005056a47b86;" / Ligne H : Paris Nord - Luzarches 03/01-16/12 / <p>Période : en soirée.<br>Dates : du lundi 03 janvier au vendredi 16 décembre 2022, sauf les week-ends.<br>Le trafic est interrompu entre Paris Gare du Nord et Luzarches.<br>Un service de bus de remplacement est mis en place, avec desserte des gares intermédiaires.<br><a href=""https://transilien.com/sites/transilien/files/sentinelle-20220103-h-pno-luz-0301-1612.pdf"" target=""""></a><a href=""https://www.transilien.com/sites/transilien/files/sentinelle-20220301-h-parisnord-luzarches-jusquau16decembre-sf21juin.pdf"" target=""""><br>Pour plus d'informations, cliquez ici pour télécharger l'affiche PDF</a><br>Les horaires du calculateur d'itinéraire tiennent compte des travaux.<br>Motif : travaux.</p> / Ligne H : Paris Nord - Luzarches 03/01-16/12";20220415T171513;Transilien Train Transilien H;d90114ec-bcce-11ec-be82-005056a47b86;travaux
active;Incidents;30;perturbée;SIGNIFICANT_DELAYS;20220621T223000;20220622T030000;d90114ec-bcce-11ec-be82-005056a47b86;" / Ligne H : Paris Nord - Luzarches 03/01-16/12 / <p>Période : en soirée.<br>Dates : du lundi 03 janvier au vendredi 16 décembre 2022, sauf les week-ends.<br>Le trafic est interrompu entre Paris Gare du Nord et Luzarches.<br>Un service de bus de remplacement est mis en place, avec desserte des gares intermédiaires.<br><a href=""https://transilien.com/sites/transilien/files/sentinelle-20220103-h-pno-luz-0301-1612.pdf"" target=""""></a><a href=""https://www.transilien.com/sites/transilien/files/sentinelle-20220301-h-parisnord-luzarches-jusquau16decembre-sf21juin.pdf"" target=""""><br>Pour plus d'informations, cliquez ici pour télécharger l'affiche PDF</a><br>Les horaires du calculateur d'itinéraire tiennent compte des travaux.<br>Motif : travaux.</p> / Ligne H : Paris Nord - Luzarches 03/01-16/12";20220415T171513;Transilien Train Transilien H;d90114ec-bcce-11ec-be82-005056a47b86;travaux
active;Incidents;30;perturbée;SIGNIFICANT_DELAYS;20220405T223000;20220406T030000;d90114ec-bcce-11ec-be82-005056a47b86;" / Ligne H : Paris Nord - Luzarches 03/01-16/12 / <p>Période : en soirée.<br>Dates : du lundi 03 janvier au vendredi 16 décembre 2022, sauf les week-ends.<br>Le trafic est interrompu entre Paris Gare du Nord et Luzarches.<br>Un service de bus de remplacement est mis en place, avec desserte des gares intermédiaires.<br><a href=""https://transilien.com/sites/transilien/files/sentinelle-20220103-h-pno-luz-0301-1612.pdf"" target=""""></a><a href=""https://www.transilien.com/sites/transilien/files/sentinelle-20220301-h-parisnord-luzarches-jusquau16decembre-sf21juin.pdf"" target=""""><br>Pour plus d'informations, cliquez ici pour télécharger l'affiche PDF</a><br>Les horaires du calculateur d'itinéraire tiennent compte des travaux.<br>Motif : travaux.</p> / Ligne H : Paris Nord - Luzarches 03/01-16/12";20220415T171513;Transilien Train Transilien H;d90114ec-bcce-11ec-be82-005056a47b86;travaux
active;Incidents;30;perturbée;SIGNIFICANT_DELAYS;20220707T223000;20220708T030000;d90114ec-bcce-11ec-be82-005056a47b86;" / Ligne H : Paris Nord - Luzarches 03/01-16/12 / <p>Période : en soirée.<br>Dates : du lundi 03 janvier au vendredi 16 décembre 2022, sauf les week-ends.<br>Le trafic est interrompu entre Paris Gare du Nord et Luzarches.<br>Un service de bus de remplacement est mis en place, avec desserte des gares intermédiaires.<br><a href=""https://transilien.com/sites/transilien/files/sentinelle-20220103-h-pno-luz-0301-1612.pdf"" target=""""></a><a href=""https://www.transilien.com/sites/transilien/files/sentinelle-20220301-h-parisnord-luzarches-jusquau16decembre-sf21juin.pdf"" target=""""><br>Pour plus d'informations, cliquez ici pour télécharger l'affiche PDF</a><br>Les horaires du calculateur d'itinéraire tiennent compte des travaux.<br>Motif : travaux.</p> / Ligne H : Paris Nord - Luzarches 03/01-16/12";20220415T171513;Transilien Train Transilien H;d90114ec-bcce-11ec-be82-005056a47b86;travaux
active;Incidents;30;perturbée;SIGNIFICANT_DELAYS;20220127T223000;20220128T030000;d90114ec-bcce-11ec-be82-005056a47b86;" / Ligne H : Paris Nord - Luzarches 03/01-16/12 / <p>Période : en soirée.<br>Dates : du lundi 03 janvier au vendredi 16 décembre 2022, sauf les week-ends.<br>Le trafic est interrompu entre Paris Gare du Nord et Luzarches.<br>Un service de bus de remplacement est mis en place, avec desserte des gares intermédiaires.<br><a href=""https://transilien.com/sites/transilien/files/sentinelle-20220103-h-pno-luz-0301-1612.pdf"" target=""""></a><a href=""https://www.transilien.com/sites/transilien/files/sentinelle-20220301-h-parisnord-luzarches-jusquau16decembre-sf21juin.pdf"" target=""""><br>Pour plus d'informations, cliquez ici pour télécharger l'affiche PDF</a><br>Les horaires du calculateur d'itinéraire tiennent compte des travaux.<br>Motif : travaux.</p> / Ligne H : Paris Nord - Luzarches 03/01-16/12";20220415T171513;Transilien Train Transilien H;d90114ec-bcce-11ec-be82-005056a47b86;travaux
active;Incidents;30;perturbée;SIGNIFICANT_DELAYS;20220504T223000;20220505T030000;d90114ec-bcce-11ec-be82-005056a47b86;" / Ligne H : Paris Nord - Luzarches 03/01-16/12 / <p>Période : en soirée.<br>Dates : du lundi 03 janvier au vendredi 16 décembre 2022, sauf les week-ends.<br>Le trafic est interrompu entre Paris Gare du Nord et Luzarches.<br>Un service de bus de remplacement est mis en place, avec desserte des gares intermédiaires.<br><a href=""https://transilien.com/sites/transilien/files/sentinelle-20220103-h-pno-luz-0301-1612.pdf"" target=""""></a><a href=""https://www.transilien.com/sites/transilien/files/sentinelle-20220301-h-parisnord-luzarches-jusquau16decembre-sf21juin.pdf"" target=""""><br>Pour plus d'informations, cliquez ici pour télécharger l'affiche PDF</a><br>Les horaires du calculateur d'itinéraire tiennent compte des travaux.<br>Motif : travaux.</p> / Ligne H : Paris Nord - Luzarches 03/01-16/12";20220415T171513;Transilien Train Transilien H;d90114ec-bcce-11ec-be82-005056a47b86;travaux
active;Incidents;30;perturbée;SIGNIFICANT_DELAYS;20220318T223000;20220319T030000;d90114ec-bcce-11ec-be82-005056a47b86;" / Ligne H : Paris Nord - Luzarches 03/01-16/12 / <p>Période : en soirée.<br>Dates : du lundi 03 janvier au vendredi 16 décembre 2022, sauf les week-ends.<br>Le trafic est interrompu entre Paris Gare du Nord et Luzarches.<br>Un service de bus de remplacement est mis en place, avec desserte des gares intermédiaires.<br><a href=""https://transilien.com/sites/transilien/files/sentinelle-20220103-h-pno-luz-0301-1612.pdf"" target=""""></a><a href=""https://www.transilien.com/sites/transilien/files/sentinelle-20220301-h-parisnord-luzarches-jusquau16decembre-sf21juin.pdf"" target=""""><br>Pour plus d'informations, cliquez ici pour télécharger l'affiche PDF</a><br>Les horaires du calculateur d'itinéraire tiennent compte des travaux.<br>Motif : travaux.</p> / Ligne H : Paris Nord - Luzarches 03/01-16/12";20220415T171513;Transilien Train Transilien H;d90114ec-bcce-11ec-be82-005056a47b86;travaux
active;Incidents;30;perturbée;SIGNIFICANT_DELAYS;20221005T223000;20221006T030000;d90114ec-bcce-11ec-be82-005056a47b86;" / Ligne H : Paris Nord - Luzarches 03/01-16/12 / <p>Période : en soirée.<br>Dates : du lundi 03 janvier au vendredi 16 décembre 2022, sauf les week-ends.<br>Le trafic est interrompu entre Paris Gare du Nord et Luzarches.<br>Un service de bus de remplacement est mis en place, avec desserte des gares intermédiaires.<br><a href=""https://transilien.com/sites/transilien/files/sentinelle-20220103-h-pno-luz-0301-1612.pdf"" target=""""></a><a href=""https://www.transilien.com/sites/transilien/files/sentinelle-20220301-h-parisnord-luzarches-jusquau16decembre-sf21juin.pdf"" target=""""><br>Pour plus d'informations, cliquez ici pour télécharger l'affiche PDF</a><br>Les horaires du calculateur d'itinéraire tiennent compte des travaux.<br>Motif : travaux.</p> / Ligne H : Paris Nord - Luzarches 03/01-16/12";20220415T171513;Transilien Train Transilien H;d90114ec-bcce-11ec-be82-005056a47b86;travaux
active;Incidents;30;perturbée;SIGNIFICANT_DELAYS;20220307T223000;20220308T030000;d90114ec-bcce-11ec-be82-005056a47b86;" / Ligne H : Paris Nord - Luzarches 03/01-16/12 / <p>Période : en soirée.<br>Dates : du lundi 03 janvier au vendredi 16 décembre 2022, sauf les week-ends.<br>Le trafic est interrompu entre Paris Gare du Nord et Luzarches.<br>Un service de bus de remplacement est mis en place, avec desserte des gares intermédiaires.<br><a href=""https://transilien.com/sites/transilien/files/sentinelle-20220103-h-pno-luz-0301-1612.pdf"" target=""""></a><a href=""https://www.transilien.com/sites/transilien/files/sentinelle-20220301-h-parisnord-luzarches-jusquau16decembre-sf21juin.pdf"" target=""""><br>Pour plus d'informations, cliquez ici pour télécharger l'affiche PDF</a><br>Les horaires du calculateur d'itinéraire tiennent compte des travaux.<br>Motif : travaux.</p> / Ligne H : Paris Nord - Luzarches 03/01-16/12";20220415T171513;Transilien Train Transilien H;d90114ec-bcce-11ec-be82-005056a47b86;travaux
active;Incidents;30;perturbée;SIGNIFICANT_DELAYS;20220314T223000;20220315T030000;d90114ec-bcce-11ec-be82-005056a47b86;" / Ligne H : Paris Nord - Luzarches 03/01-16/12 / <p>Période : en soirée.<br>Dates : du lundi 03 janvier au vendredi 16 décembre 2022, sauf les week-ends.<br>Le trafic est interrompu entre Paris Gare du Nord et Luzarches.<br>Un service de bus de remplacement est mis en place, avec desserte des gares intermédiaires.<br><a href=""https://transilien.com/sites/transilien/files/sentinelle-20220103-h-pno-luz-0301-1612.pdf"" target=""""></a><a href=""https://www.transilien.com/sites/transilien/files/sentinelle-20220301-h-parisnord-luzarches-jusquau16decembre-sf21juin.pdf"" target=""""><br>Pour plus d'informations, cliquez ici pour télécharger l'affiche PDF</a><br>Les horaires du calculateur d'itinéraire tiennent compte des travaux.<br>Motif : travaux.</p> / Ligne H : Paris Nord - Luzarches 03/01-16/12";20220415T171513;Transilien Train Transilien H;d90114ec-bcce-11ec-be82-005056a47b86;travaux
active;Incidents;30;perturbée;SIGNIFICANT_DELAYS;20220921T223000;20220922T030000;d90114ec-bcce-11ec-be82-005056a47b86;" / Ligne H : Paris Nord - Luzarches 03/01-16/12 / <p>Période : en soirée.<br>Dates : du lundi 03 janvier au vendredi 16 décembre 2022, sauf les week-ends.<br>Le trafic est interrompu entre Paris Gare du Nord et Luzarches.<br>Un service de bus de remplacement est mis en place, avec desserte des gares intermédiaires.<br><a href=""https://transilien.com/sites/transilien/files/sentinelle-20220103-h-pno-luz-0301-1612.pdf"" target=""""></a><a href=""https://www.transilien.com/sites/transilien/files/sentinelle-20220301-h-parisnord-luzarches-jusquau16decembre-sf21juin.pdf"" target=""""><br>Pour plus d'informations, cliquez ici pour télécharger l'affiche PDF</a><br>Les horaires du calculateur d'itinéraire tiennent compte des travaux.<br>Motif : travaux.</p> / Ligne H : Paris Nord - Luzarches 03/01-16/12";20220415T171513;Transilien Train Transilien H;d90114ec-bcce-11ec-be82-005056a47b86;travaux
active;Incidents;30;perturbée;SIGNIFICANT_DELAYS;20220324T223000;20220325T030000;d90114ec-bcce-11ec-be82-005056a47b86;" / Ligne H : Paris Nord - Luzarches 03/01-16/12 / <p>Période : en soirée.<br>Dates : du lundi 03 janvier au vendredi 16 décembre 2022, sauf les week-ends.<br>Le trafic est interrompu entre Paris Gare du Nord et Luzarches.<br>Un service de bus de remplacement est mis en place, avec desserte des gares intermédiaires.<br><a href=""https://transilien.com/sites/transilien/files/sentinelle-20220103-h-pno-luz-0301-1612.pdf"" target=""""></a><a href=""https://www.transilien.com/sites/transilien/files/sentinelle-20220301-h-parisnord-luzarches-jusquau16decembre-sf21juin.pdf"" target=""""><br>Pour plus d'informations, cliquez ici pour télécharger l'affiche PDF</a><br>Les horaires du calculateur d'itinéraire tiennent compte des travaux.<br>Motif : travaux.</p> / Ligne H : Paris Nord - Luzarches 03/01-16/12";20220415T171513;Transilien Train Transilien H;d90114ec-bcce-11ec-be82-005056a47b86;travaux
active;Incidents;30;perturbée;SIGNIFICANT_DELAYS;20220726T223000;20220727T030000;d90114ec-bcce-11ec-be82-005056a47b86;" / Ligne H : Paris Nord - Luzarches 03/01-16/12 / <p>Période : en soirée.<br>Dates : du lundi 03 janvier au vendredi 16 décembre 2022, sauf les week-ends.<br>Le trafic est interrompu entre Paris Gare du Nord et Luzarches.<br>Un service de bus de remplacement est mis en place, avec desserte des gares intermédiaires.<br><a href=""https://transilien.com/sites/transilien/files/sentinelle-20220103-h-pno-luz-0301-1612.pdf"" target=""""></a><a href=""https://www.transilien.com/sites/transilien/files/sentinelle-20220301-h-parisnord-luzarches-jusquau16decembre-sf21juin.pdf"" target=""""><br>Pour plus d'informations, cliquez ici pour télécharger l'affiche PDF</a><br>Les horaires du calculateur d'itinéraire tiennent compte des travaux.<br>Motif : travaux.</p> / Ligne H : Paris Nord - Luzarches 03/01-16/12";20220415T171513;Transilien Train Transilien H;d90114ec-bcce-11ec-be82-005056a47b86;travaux
active;Incidents;30;perturbée;SIGNIFICANT_DELAYS;20220401T223000;20220402T030000;d90114ec-bcce-11ec-be82-005056a47b86;" / Ligne H : Paris Nord - Luzarches 03/01-16/12 / <p>Période : en soirée.<br>Dates : du lundi 03 janvier au vendredi 16 décembre 2022, sauf les week-ends.<br>Le trafic est interrompu entre Paris Gare du Nord et Luzarches.<br>Un service de bus de remplacement est mis en place, avec desserte des gares intermédiaires.<br><a href=""https://transilien.com/sites/transilien/files/sentinelle-20220103-h-pno-luz-0301-1612.pdf"" target=""""></a><a href=""https://www.transilien.com/sites/transilien/files/sentinelle-20220301-h-parisnord-luzarches-jusquau16decembre-sf21juin.pdf"" target=""""><br>Pour plus d'informations, cliquez ici pour télécharger l'affiche PDF</a><br>Les horaires du calculateur d'itinéraire tiennent compte des travaux.<br>Motif : travaux.</p> / Ligne H : Paris Nord - Luzarches 03/01-16/12";20220415T171513;Transilien Train Transilien H;d90114ec-bcce-11ec-be82-005056a47b86;travaux
active;Incidents;30;perturbée;SIGNIFICANT_DELAYS;20220929T223000;20220930T030000;d90114ec-bcce-11ec-be82-005056a47b86;" / Ligne H : Paris Nord - Luzarches 03/01-16/12 / <p>Période : en soirée.<br>Dates : du lundi 03 janvier au vendredi 16 décembre 2022, sauf les week-ends.<br>Le trafic est interrompu entre Paris Gare du Nord et Luzarches.<br>Un service de bus de remplacement est mis en place, avec desserte des gares intermédiaires.<br><a href=""https://transilien.com/sites/transilien/files/sentinelle-20220103-h-pno-luz-0301-1612.pdf"" target=""""></a><a href=""https://www.transilien.com/sites/transilien/files/sentinelle-20220301-h-parisnord-luzarches-jusquau16decembre-sf21juin.pdf"" target=""""><br>Pour plus d'informations, cliquez ici pour télécharger l'affiche PDF</a><br>Les horaires du calculateur d'itinéraire tiennent compte des travaux.<br>Motif : travaux.</p> / Ligne H : Paris Nord - Luzarches 03/01-16/12";20220415T171513;Transilien Train Transilien H;d90114ec-bcce-11ec-be82-005056a47b86;travaux
active;Incidents;30;perturbée;SIGNIFICANT_DELAYS;20220406T223000;20220407T030000;d90114ec-bcce-11ec-be82-005056a47b86;" / Ligne H : Paris Nord - Luzarches 03/01-16/12 / <p>Période : en soirée.<br>Dates : du lundi 03 janvier au vendredi 16 décembre 2022, sauf les week-ends.<br>Le trafic est interrompu entre Paris Gare du Nord et Luzarches.<br>Un service de bus de remplacement est mis en place, avec desserte des gares intermédiaires.<br><a href=""https://transilien.com/sites/transilien/files/sentinelle-20220103-h-pno-luz-0301-1612.pdf"" target=""""></a><a href=""https://www.transilien.com/sites/transilien/files/sentinelle-20220301-h-parisnord-luzarches-jusquau16decembre-sf21juin.pdf"" target=""""><br>Pour plus d'informations, cliquez ici pour télécharger l'affiche PDF</a><br>Les horaires du calculateur d'itinéraire tiennent compte des travaux.<br>Motif : travaux.</p> / Ligne H : Paris Nord - Luzarches 03/01-16/12";20220415T171513;Transilien Train Transilien H;d90114ec-bcce-11ec-be82-005056a47b86;travaux
active;Incidents;30;perturbée;SIGNIFICANT_DELAYS;20220923T223000;20220924T030000;d90114ec-bcce-11ec-be82-005056a47b86;" / Ligne H : Paris Nord - Luzarches 03/01-16/12 / <p>Période : en soirée.<br>Dates : du lundi 03 janvier au vendredi 16 décembre 2022, sauf les week-ends.<br>Le trafic est interrompu entre Paris Gare du Nord et Luzarches.<br>Un service de bus de remplacement est mis en place, avec desserte des gares intermédiaires.<br><a href=""https://transilien.com/sites/transilien/files/sentinelle-20220103-h-pno-luz-0301-1612.pdf"" target=""""></a><a href=""https://www.transilien.com/sites/transilien/files/sentinelle-20220301-h-parisnord-luzarches-jusquau16decembre-sf21juin.pdf"" target=""""><br>Pour plus d'informations, cliquez ici pour télécharger l'affiche PDF</a><br>Les horaires du calculateur d'itinéraire tiennent compte des travaux.<br>Motif : travaux.</p> / Ligne H : Paris Nord - Luzarches 03/01-16/12";20220415T171513;Transilien Train Transilien H;d90114ec-bcce-11ec-be82-005056a47b86;travaux
active;Incidents;30;perturbée;SIGNIFICANT_DELAYS;20220808T223000;20220809T030000;d90114ec-bcce-11ec-be82-005056a47b86;" / Ligne H : Paris Nord - Luzarches 03/01-16/12 / <p>Période : en soirée.<br>Dates : du lundi 03 janvier au vendredi 16 décembre 2022, sauf les week-ends.<br>Le trafic est interrompu entre Paris Gare du Nord et Luzarches.<br>Un service de bus de remplacement est mis en place, avec desserte des gares intermédiaires.<br><a href=""https://transilien.com/sites/transilien/files/sentinelle-20220103-h-pno-luz-0301-1612.pdf"" target=""""></a><a href=""https://www.transilien.com/sites/transilien/files/sentinelle-20220301-h-parisnord-luzarches-jusquau16decembre-sf21juin.pdf"" target=""""><br>Pour plus d'informations, cliquez ici pour télécharger l'affiche PDF</a><br>Les horaires du calculateur d'itinéraire tiennent compte des travaux.<br>Motif : travaux.</p> / Ligne H : Paris Nord - Luzarches 03/01-16/12";20220415T171513;Transilien Train Transilien H;d90114ec-bcce-11ec-be82-005056a47b86;travaux
active;Incidents;30;perturbée;SIGNIFICANT_DELAYS;20220920T223000;20220921T030000;d90114ec-bcce-11ec-be82-005056a47b86;" / Ligne H : Paris Nord - Luzarches 03/01-16/12 / <p>Période : en soirée.<br>Dates : du lundi 03 janvier au vendredi 16 décembre 2022, sauf les week-ends.<br>Le trafic est interrompu entre Paris Gare du Nord et Luzarches.<br>Un service de bus de remplacement est mis en place, avec desserte des gares intermédiaires.<br><a href=""https://transilien.com/sites/transilien/files/sentinelle-20220103-h-pno-luz-0301-1612.pdf"" target=""""></a><a href=""https://www.transilien.com/sites/transilien/files/sentinelle-20220301-h-parisnord-luzarches-jusquau16decembre-sf21juin.pdf"" target=""""><br>Pour plus d'informations, cliquez ici pour télécharger l'affiche PDF</a><br>Les horaires du calculateur d'itinéraire tiennent compte des travaux.<br>Motif : travaux.</p> / Ligne H : Paris Nord - Luzarches 03/01-16/12";20220415T171513;Transilien Train Transilien H;d90114ec-bcce-11ec-be82-005056a47b86;travaux
active;Incidents;30;perturbée;SIGNIFICANT_DELAYS;20220822T223000;20220823T030000;d90114ec-bcce-11ec-be82-005056a47b86;" / Ligne H : Paris Nord - Luzarches 03/01-16/12 / <p>Période : en soirée.<br>Dates : du lundi 03 janvier au vendredi 16 décembre 2022, sauf les week-ends.<br>Le trafic est interrompu entre Paris Gare du Nord et Luzarches.<br>Un service de bus de remplacement est mis en place, avec desserte des gares intermédiaires.<br><a href=""https://transilien.com/sites/transilien/files/sentinelle-20220103-h-pno-luz-0301-1612.pdf"" target=""""></a><a href=""https://www.transilien.com/sites/transilien/files/sentinelle-20220301-h-parisnord-luzarches-jusquau16decembre-sf21juin.pdf"" target=""""><br>Pour plus d'informations, cliquez ici pour télécharger l'affiche PDF</a><br>Les horaires du calculateur d'itinéraire tiennent compte des travaux.<br>Motif : travaux.</p> / Ligne H : Paris Nord - Luzarches 03/01-16/12";20220415T171513;Transilien Train Transilien H;d90114ec-bcce-11ec-be82-005056a47b86;travaux
active;Incidents;30;perturbée;SIGNIFICANT_DELAYS;20220728T223000;20220729T030000;d90114ec-bcce-11ec-be82-005056a47b86;" / Ligne H : Paris Nord - Luzarches 03/01-16/12 / <p>Période : en soirée.<br>Dates : du lundi 03 janvier au vendredi 16 décembre 2022, sauf les week-ends.<br>Le trafic est interrompu entre Paris Gare du Nord et Luzarches.<br>Un service de bus de remplacement est mis en place, avec desserte des gares intermédiaires.<br><a href=""https://transilien.com/sites/transilien/files/sentinelle-20220103-h-pno-luz-0301-1612.pdf"" target=""""></a><a href=""https://www.transilien.com/sites/transilien/files/sentinelle-20220301-h-parisnord-luzarches-jusquau16decembre-sf21juin.pdf"" target=""""><br>Pour plus d'informations, cliquez ici pour télécharger l'affiche PDF</a><br>Les horaires du calculateur d'itinéraire tiennent compte des travaux.<br>Motif : travaux.</p> / Ligne H : Paris Nord - Luzarches 03/01-16/12";20220415T171513;Transilien Train Transilien H;d90114ec-bcce-11ec-be82-005056a47b86;travaux
active;Incidents;30;perturbée;SIGNIFICANT_DELAYS;20221006T223000;20221007T030000;d90114ec-bcce-11ec-be82-005056a47b86;" / Ligne H : Paris Nord - Luzarches 03/01-16/12 / <p>Période : en soirée.<br>Dates : du lundi 03 janvier au vendredi 16 décembre 2022, sauf les week-ends.<br>Le trafic est interrompu entre Paris Gare du Nord et Luzarches.<br>Un service de bus de remplacement est mis en place, avec desserte des gares intermédiaires.<br><a href=""https://transilien.com/sites/transilien/files/sentinelle-20220103-h-pno-luz-0301-1612.pdf"" target=""""></a><a href=""https://www.transilien.com/sites/transilien/files/sentinelle-20220301-h-parisnord-luzarches-jusquau16decembre-sf21juin.pdf"" target=""""><br>Pour plus d'informations, cliquez ici pour télécharger l'affiche PDF</a><br>Les horaires du calculateur d'itinéraire tiennent compte des travaux.<br>Motif : travaux.</p> / Ligne H : Paris Nord - Luzarches 03/01-16/12";20220415T171513;Transilien Train Transilien H;d90114ec-bcce-11ec-be82-005056a47b86;travaux
active;Incidents;30;perturbée;SIGNIFICANT_DELAYS;20220721T223000;20220722T030000;d90114ec-bcce-11ec-be82-005056a47b86;" / Ligne H : Paris Nord - Luzarches 03/01-16/12 / <p>Période : en soirée.<br>Dates : du lundi 03 janvier au vendredi 16 décembre 2022, sauf les week-ends.<br>Le trafic est interrompu entre Paris Gare du Nord et Luzarches.<br>Un service de bus de remplacement est mis en place, avec desserte des gares intermédiaires.<br><a href=""https://transilien.com/sites/transilien/files/sentinelle-20220103-h-pno-luz-0301-1612.pdf"" target=""""></a><a href=""https://www.transilien.com/sites/transilien/files/sentinelle-20220301-h-parisnord-luzarches-jusquau16decembre-sf21juin.pdf"" target=""""><br>Pour plus d'informations, cliquez ici pour télécharger l'affiche PDF</a><br>Les horaires du calculateur d'itinéraire tiennent compte des travaux.<br>Motif : travaux.</p> / Ligne H : Paris Nord - Luzarches 03/01-16/12";20220415T171513;Transilien Train Transilien H;d90114ec-bcce-11ec-be82-005056a47b86;travaux
active;Incidents;30;perturbée;SIGNIFICANT_DELAYS;20220302T223000;20220303T030000;d90114ec-bcce-11ec-be82-005056a47b86;" / Ligne H : Paris Nord - Luzarches 03/01-16/12 / <p>Période : en soirée.<br>Dates : du lundi 03 janvier au vendredi 16 décembre 2022, sauf les week-ends.<br>Le trafic est interrompu entre Paris Gare du Nord et Luzarches.<br>Un service de bus de remplacement est mis en place, avec desserte des gares intermédiaires.<br><a href=""https://transilien.com/sites/transilien/files/sentinelle-20220103-h-pno-luz-0301-1612.pdf"" target=""""></a><a href=""https://www.transilien.com/sites/transilien/files/sentinelle-20220301-h-parisnord-luzarches-jusquau16decembre-sf21juin.pdf"" target=""""><br>Pour plus d'informations, cliquez ici pour télécharger l'affiche PDF</a><br>Les horaires du calculateur d'itinéraire tiennent compte des travaux.<br>Motif : travaux.</p> / Ligne H : Paris Nord - Luzarches 03/01-16/12";20220415T171513;Transilien Train Transilien H;d90114ec-bcce-11ec-be82-005056a47b86;travaux
active;Incidents;30;perturbée;SIGNIFICANT_DELAYS;20220701T223000;20220702T030000;d90114ec-bcce-11ec-be82-005056a47b86;" / Ligne H : Paris Nord - Luzarches 03/01-16/12 / <p>Période : en soirée.<br>Dates : du lundi 03 janvier au vendredi 16 décembre 2022, sauf les week-ends.<br>Le trafic est interrompu entre Paris Gare du Nord et Luzarches.<br>Un service de bus de remplacement est mis en place, avec desserte des gares intermédiaires.<br><a href=""https://transilien.com/sites/transilien/files/sentinelle-20220103-h-pno-luz-0301-1612.pdf"" target=""""></a><a href=""https://www.transilien.com/sites/transilien/files/sentinelle-20220301-h-parisnord-luzarches-jusquau16decembre-sf21juin.pdf"" target=""""><br>Pour plus d'informations, cliquez ici pour télécharger l'affiche PDF</a><br>Les horaires du calculateur d'itinéraire tiennent compte des travaux.<br>Motif : travaux.</p> / Ligne H : Paris Nord - Luzarches 03/01-16/12";20220415T171513;Transilien Train Transilien H;d90114ec-bcce-11ec-be82-005056a47b86;travaux
active;Incidents;30;perturbée;SIGNIFICANT_DELAYS;20220303T223000;20220304T030000;d90114ec-bcce-11ec-be82-005056a47b86;" / Ligne H : Paris Nord - Luzarches 03/01-16/12 / <p>Période : en soirée.<br>Dates : du lundi 03 janvier au vendredi 16 décembre 2022, sauf les week-ends.<br>Le trafic est interrompu entre Paris Gare du Nord et Luzarches.<br>Un service de bus de remplacement est mis en place, avec desserte des gares intermédiaires.<br><a href=""https://transilien.com/sites/transilien/files/sentinelle-20220103-h-pno-luz-0301-1612.pdf"" target=""""></a><a href=""https://www.transilien.com/sites/transilien/files/sentinelle-20220301-h-parisnord-luzarches-jusquau16decembre-sf21juin.pdf"" target=""""><br>Pour plus d'informations, cliquez ici pour télécharger l'affiche PDF</a><br>Les horaires du calculateur d'itinéraire tiennent compte des travaux.<br>Motif : travaux.</p> / Ligne H : Paris Nord - Luzarches 03/01-16/12";20220415T171513;Transilien Train Transilien H;d90114ec-bcce-11ec-be82-005056a47b86;travaux
active;Incidents;30;perturbée;SIGNIFICANT_DELAYS;20220506T223000;20220507T030000;d90114ec-bcce-11ec-be82-005056a47b86;" / Ligne H : Paris Nord - Luzarches 03/01-16/12 / <p>Période : en soirée.<br>Dates : du lundi 03 janvier au vendredi 16 décembre 2022, sauf les week-ends.<br>Le trafic est interrompu entre Paris Gare du Nord et Luzarches.<br>Un service de bus de remplacement est mis en place, avec desserte des gares intermédiaires.<br><a href=""https://transilien.com/sites/transilien/files/sentinelle-20220103-h-pno-luz-0301-1612.pdf"" target=""""></a><a href=""https://www.transilien.com/sites/transilien/files/sentinelle-20220301-h-parisnord-luzarches-jusquau16decembre-sf21juin.pdf"" target=""""><br>Pour plus d'informations, cliquez ici pour télécharger l'affiche PDF</a><br>Les horaires du calculateur d'itinéraire tiennent compte des travaux.<br>Motif : travaux.</p> / Ligne H : Paris Nord - Luzarches 03/01-16/12";20220415T171513;Transilien Train Transilien H;d90114ec-bcce-11ec-be82-005056a47b86;travaux
active;Incidents;30;perturbée;SIGNIFICANT_DELAYS;20220518T223000;20220519T030000;d90114ec-bcce-11ec-be82-005056a47b86;" / Ligne H : Paris Nord - Luzarches 03/01-16/12 / <p>Période : en soirée.<br>Dates : du lundi 03 janvier au vendredi 16 décembre 2022, sauf les week-ends.<br>Le trafic est interrompu entre Paris Gare du Nord et Luzarches.<br>Un service de bus de remplacement est mis en place, avec desserte des gares intermédiaires.<br><a href=""https://transilien.com/sites/transilien/files/sentinelle-20220103-h-pno-luz-0301-1612.pdf"" target=""""></a><a href=""https://www.transilien.com/sites/transilien/files/sentinelle-20220301-h-parisnord-luzarches-jusquau16decembre-sf21juin.pdf"" target=""""><br>Pour plus d'informations, cliquez ici pour télécharger l'affiche PDF</a><br>Les horaires du calculateur d'itinéraire tiennent compte des travaux.<br>Motif : travaux.</p> / Ligne H : Paris Nord - Luzarches 03/01-16/12";20220415T171513;Transilien Train Transilien H;d90114ec-bcce-11ec-be82-005056a47b86;travaux
active;Incidents;30;perturbée;SIGNIFICANT_DELAYS;20220729T223000;20220730T030000;d90114ec-bcce-11ec-be82-005056a47b86;" / Ligne H : Paris Nord - Luzarches 03/01-16/12 / <p>Période : en soirée.<br>Dates : du lundi 03 janvier au vendredi 16 décembre 2022, sauf les week-ends.<br>Le trafic est interrompu entre Paris Gare du Nord et Luzarches.<br>Un service de bus de remplacement est mis en place, avec desserte des gares intermédiaires.<br><a href=""https://transilien.com/sites/transilien/files/sentinelle-20220103-h-pno-luz-0301-1612.pdf"" target=""""></a><a href=""https://www.transilien.com/sites/transilien/files/sentinelle-20220301-h-parisnord-luzarches-jusquau16decembre-sf21juin.pdf"" target=""""><br>Pour plus d'informations, cliquez ici pour télécharger l'affiche PDF</a><br>Les horaires du calculateur d'itinéraire tiennent compte des travaux.<br>Motif : travaux.</p> / Ligne H : Paris Nord - Luzarches 03/01-16/12";20220415T171513;Transilien Train Transilien H;d90114ec-bcce-11ec-be82-005056a47b86;travaux
active;Incidents;30;perturbée;SIGNIFICANT_DELAYS;20220516T223000;20220517T030000;d90114ec-bcce-11ec-be82-005056a47b86;" / Ligne H : Paris Nord - Luzarches 03/01-16/12 / <p>Période : en soirée.<br>Dates : du lundi 03 janvier au vendredi 16 décembre 2022, sauf les week-ends.<br>Le trafic est interrompu entre Paris Gare du Nord et Luzarches.<br>Un service de bus de remplacement est mis en place, avec desserte des gares intermédiaires.<br><a href=""https://transilien.com/sites/transilien/files/sentinelle-20220103-h-pno-luz-0301-1612.pdf"" target=""""></a><a href=""https://www.transilien.com/sites/transilien/files/sentinelle-20220301-h-parisnord-luzarches-jusquau16decembre-sf21juin.pdf"" target=""""><br>Pour plus d'informations, cliquez ici pour télécharger l'affiche PDF</a><br>Les horaires du calculateur d'itinéraire tiennent compte des travaux.<br>Motif : travaux.</p> / Ligne H : Paris Nord - Luzarches 03/01-16/12";20220415T171513;Transilien Train Transilien H;d90114ec-bcce-11ec-be82-005056a47b86;travaux
active;Incidents;30;perturbée;SIGNIFICANT_DELAYS;20220411T223000;20220412T030000;d90114ec-bcce-11ec-be82-005056a47b86;" / Ligne H : Paris Nord - Luzarches 03/01-16/12 / <p>Période : en soirée.<br>Dates : du lundi 03 janvier au vendredi 16 décembre 2022, sauf les week-ends.<br>Le trafic est interrompu entre Paris Gare du Nord et Luzarches.<br>Un service de bus de remplacement est mis en place, avec desserte des gares intermédiaires.<br><a href=""https://transilien.com/sites/transilien/files/sentinelle-20220103-h-pno-luz-0301-1612.pdf"" target=""""></a><a href=""https://www.transilien.com/sites/transilien/files/sentinelle-20220301-h-parisnord-luzarches-jusquau16decembre-sf21juin.pdf"" target=""""><br>Pour plus d'informations, cliquez ici pour télécharger l'affiche PDF</a><br>Les horaires du calculateur d'itinéraire tiennent compte des travaux.<br>Motif : travaux.</p> / Ligne H : Paris Nord - Luzarches 03/01-16/12";20220415T171513;Transilien Train Transilien H;d90114ec-bcce-11ec-be82-005056a47b86;travaux
active;Incidents;30;perturbée;SIGNIFICANT_DELAYS;20220809T223000;20220810T030000;d90114ec-bcce-11ec-be82-005056a47b86;" / Ligne H : Paris Nord - Luzarches 03/01-16/12 / <p>Période : en soirée.<br>Dates : du lundi 03 janvier au vendredi 16 décembre 2022, sauf les week-ends.<br>Le trafic est interrompu entre Paris Gare du Nord et Luzarches.<br>Un service de bus de remplacement est mis en place, avec desserte des gares intermédiaires.<br><a href=""https://transilien.com/sites/transilien/files/sentinelle-20220103-h-pno-luz-0301-1612.pdf"" target=""""></a><a href=""https://www.transilien.com/sites/transilien/files/sentinelle-20220301-h-parisnord-luzarches-jusquau16decembre-sf21juin.pdf"" target=""""><br>Pour plus d'informations, cliquez ici pour télécharger l'affiche PDF</a><br>Les horaires du calculateur d'itinéraire tiennent compte des travaux.<br>Motif : travaux.</p> / Ligne H : Paris Nord - Luzarches 03/01-16/12";20220415T171513;Transilien Train Transilien H;d90114ec-bcce-11ec-be82-005056a47b86;travaux
active;Incidents;30;perturbée;SIGNIFICANT_DELAYS;20220412T223000;20220413T030000;d90114ec-bcce-11ec-be82-005056a47b86;" / Ligne H : Paris Nord - Luzarches 03/01-16/12 / <p>Période : en soirée.<br>Dates : du lundi 03 janvier au vendredi 16 décembre 2022, sauf les week-ends.<br>Le trafic est interrompu entre Paris Gare du Nord et Luzarches.<br>Un service de bus de remplacement est mis en place, avec desserte des gares intermédiaires.<br><a href=""https://transilien.com/sites/transilien/files/sentinelle-20220103-h-pno-luz-0301-1612.pdf"" target=""""></a><a href=""https://www.transilien.com/sites/transilien/files/sentinelle-20220301-h-parisnord-luzarches-jusquau16decembre-sf21juin.pdf"" target=""""><br>Pour plus d'informations, cliquez ici pour télécharger l'affiche PDF</a><br>Les horaires du calculateur d'itinéraire tiennent compte des travaux.<br>Motif : travaux.</p> / Ligne H : Paris Nord - Luzarches 03/01-16/12";20220415T171513;Transilien Train Transilien H;d90114ec-bcce-11ec-be82-005056a47b86;travaux
active;Incidents;30;perturbée;SIGNIFICANT_DELAYS;20220819T223000;20220820T030000;d90114ec-bcce-11ec-be82-005056a47b86;" / Ligne H : Paris Nord - Luzarches 03/01-16/12 / <p>Période : en soirée.<br>Dates : du lundi 03 janvier au vendredi 16 décembre 2022, sauf les week-ends.<br>Le trafic est interrompu entre Paris Gare du Nord et Luzarches.<br>Un service de bus de remplacement est mis en place, avec desserte des gares intermédiaires.<br><a href=""https://transilien.com/sites/transilien/files/sentinelle-20220103-h-pno-luz-0301-1612.pdf"" target=""""></a><a href=""https://www.transilien.com/sites/transilien/files/sentinelle-20220301-h-parisnord-luzarches-jusquau16decembre-sf21juin.pdf"" target=""""><br>Pour plus d'informations, cliquez ici pour télécharger l'affiche PDF</a><br>Les horaires du calculateur d'itinéraire tiennent compte des travaux.<br>Motif : travaux.</p> / Ligne H : Paris Nord - Luzarches 03/01-16/12";20220415T171513;Transilien Train Transilien H;d90114ec-bcce-11ec-be82-005056a47b86;travaux
active;Incidents;30;perturbée;SIGNIFICANT_DELAYS;20220310T223000;20220311T030000;d90114ec-bcce-11ec-be82-005056a47b86;" / Ligne H : Paris Nord - Luzarches 03/01-16/12 / <p>Période : en soirée.<br>Dates : du lundi 03 janvier au vendredi 16 décembre 2022, sauf les week-ends.<br>Le trafic est interrompu entre Paris Gare du Nord et Luzarches.<br>Un service de bus de remplacement est mis en place, avec desserte des gares intermédiaires.<br><a href=""https://transilien.com/sites/transilien/files/sentinelle-20220103-h-pno-luz-0301-1612.pdf"" target=""""></a><a href=""https://www.transilien.com/sites/transilien/files/sentinelle-20220301-h-parisnord-luzarches-jusquau16decembre-sf21juin.pdf"" target=""""><br>Pour plus d'informations, cliquez ici pour télécharger l'affiche PDF</a><br>Les horaires du calculateur d'itinéraire tiennent compte des travaux.<br>Motif : travaux.</p> / Ligne H : Paris Nord - Luzarches 03/01-16/12";20220415T171513;Transilien Train Transilien H;d90114ec-bcce-11ec-be82-005056a47b86;travaux
active;Incidents;30;perturbée;SIGNIFICANT_DELAYS;20220804T223000;20220805T030000;d90114ec-bcce-11ec-be82-005056a47b86;" / Ligne H : Paris Nord - Luzarches 03/01-16/12 / <p>Période : en soirée.<br>Dates : du lundi 03 janvier au vendredi 16 décembre 2022, sauf les week-ends.<br>Le trafic est interrompu entre Paris Gare du Nord et Luzarches.<br>Un service de bus de remplacement est mis en place, avec desserte des gares intermédiaires.<br><a href=""https://transilien.com/sites/transilien/files/sentinelle-20220103-h-pno-luz-0301-1612.pdf"" target=""""></a><a href=""https://www.transilien.com/sites/transilien/files/sentinelle-20220301-h-parisnord-luzarches-jusquau16decembre-sf21juin.pdf"" target=""""><br>Pour plus d'informations, cliquez ici pour télécharger l'affiche PDF</a><br>Les horaires du calculateur d'itinéraire tiennent compte des travaux.<br>Motif : travaux.</p> / Ligne H : Paris Nord - Luzarches 03/01-16/12";20220415T171513;Transilien Train Transilien H;d90114ec-bcce-11ec-be82-005056a47b86;travaux
active;Incidents;30;perturbée;SIGNIFICANT_DELAYS;20220404T223000;20220405T030000;d90114ec-bcce-11ec-be82-005056a47b86;" / Ligne H : Paris Nord - Luzarches 03/01-16/12 / <p>Période : en soirée.<br>Dates : du lundi 03 janvier au vendredi 16 décembre 2022, sauf les week-ends.<br>Le trafic est interrompu entre Paris Gare du Nord et Luzarches.<br>Un service de bus de remplacement est mis en place, avec desserte des gares intermédiaires.<br><a href=""https://transilien.com/sites/transilien/files/sentinelle-20220103-h-pno-luz-0301-1612.pdf"" target=""""></a><a href=""https://www.transilien.com/sites/transilien/files/sentinelle-20220301-h-parisnord-luzarches-jusquau16decembre-sf21juin.pdf"" target=""""><br>Pour plus d'informations, cliquez ici pour télécharger l'affiche PDF</a><br>Les horaires du calculateur d'itinéraire tiennent compte des travaux.<br>Motif : travaux.</p> / Ligne H : Paris Nord - Luzarches 03/01-16/12";20220415T171513;Transilien Train Transilien H;d90114ec-bcce-11ec-be82-005056a47b86;travaux
active;Incidents;30;perturbée;SIGNIFICANT_DELAYS;20220907T223000;20220908T030000;d90114ec-bcce-11ec-be82-005056a47b86;" / Ligne H : Paris Nord - Luzarches 03/01-16/12 / <p>Période : en soirée.<br>Dates : du lundi 03 janvier au vendredi 16 décembre 2022, sauf les week-ends.<br>Le trafic est interrompu entre Paris Gare du Nord et Luzarches.<br>Un service de bus de remplacement est mis en place, avec desserte des gares intermédiaires.<br><a href=""https://transilien.com/sites/transilien/files/sentinelle-20220103-h-pno-luz-0301-1612.pdf"" target=""""></a><a href=""https://www.transilien.com/sites/transilien/files/sentinelle-20220301-h-parisnord-luzarches-jusquau16decembre-sf21juin.pdf"" target=""""><br>Pour plus d'informations, cliquez ici pour télécharger l'affiche PDF</a><br>Les horaires du calculateur d'itinéraire tiennent compte des travaux.<br>Motif : travaux.</p> / Ligne H : Paris Nord - Luzarches 03/01-16/12";20220415T171513;Transilien Train Transilien H;d90114ec-bcce-11ec-be82-005056a47b86;travaux
active;Incidents;30;perturbée;SIGNIFICANT_DELAYS;20220829T223000;20220830T030000;d90114ec-bcce-11ec-be82-005056a47b86;" / Ligne H : Paris Nord - Luzarches 03/01-16/12 / <p>Période : en soirée.<br>Dates : du lundi 03 janvier au vendredi 16 décembre 2022, sauf les week-ends.<br>Le trafic est interrompu entre Paris Gare du Nord et Luzarches.<br>Un service de bus de remplacement est mis en place, avec desserte des gares intermédiaires.<br><a href=""https://transilien.com/sites/transilien/files/sentinelle-20220103-h-pno-luz-0301-1612.pdf"" target=""""></a><a href=""https://www.transilien.com/sites/transilien/files/sentinelle-20220301-h-parisnord-luzarches-jusquau16decembre-sf21juin.pdf"" target=""""><br>Pour plus d'informations, cliquez ici pour télécharger l'affiche PDF</a><br>Les horaires du calculateur d'itinéraire tiennent compte des travaux.<br>Motif : travaux.</p> / Ligne H : Paris Nord - Luzarches 03/01-16/12";20220415T171513;Transilien Train Transilien H;d90114ec-bcce-11ec-be82-005056a47b86;travaux
active;Incidents;30;perturbée;SIGNIFICANT_DELAYS;20220120T223000;20220121T030000;d90114ec-bcce-11ec-be82-005056a47b86;" / Ligne H : Paris Nord - Luzarches 03/01-16/12 / <p>Période : en soirée.<br>Dates : du lundi 03 janvier au vendredi 16 décembre 2022, sauf les week-ends.<br>Le trafic est interrompu entre Paris Gare du Nord et Luzarches.<br>Un service de bus de remplacement est mis en place, avec desserte des gares intermédiaires.<br><a href=""https://transilien.com/sites/transilien/files/sentinelle-20220103-h-pno-luz-0301-1612.pdf"" target=""""></a><a href=""https://www.transilien.com/sites/transilien/files/sentinelle-20220301-h-parisnord-luzarches-jusquau16decembre-sf21juin.pdf"" target=""""><br>Pour plus d'informations, cliquez ici pour télécharger l'affiche PDF</a><br>Les horaires du calculateur d'itinéraire tiennent compte des travaux.<br>Motif : travaux.</p> / Ligne H : Paris Nord - Luzarches 03/01-16/12";20220415T171513;Transilien Train Transilien H;d90114ec-bcce-11ec-be82-005056a47b86;travaux
active;Incidents;30;perturbée;SIGNIFICANT_DELAYS;20220211T223000;20220212T030000;d90114ec-bcce-11ec-be82-005056a47b86;" / Ligne H : Paris Nord - Luzarches 03/01-16/12 / <p>Période : en soirée.<br>Dates : du lundi 03 janvier au vendredi 16 décembre 2022, sauf les week-ends.<br>Le trafic est interrompu entre Paris Gare du Nord et Luzarches.<br>Un service de bus de remplacement est mis en place, avec desserte des gares intermédiaires.<br><a href=""https://transilien.com/sites/transilien/files/sentinelle-20220103-h-pno-luz-0301-1612.pdf"" target=""""></a><a href=""https://www.transilien.com/sites/transilien/files/sentinelle-20220301-h-parisnord-luzarches-jusquau16decembre-sf21juin.pdf"" target=""""><br>Pour plus d'informations, cliquez ici pour télécharger l'affiche PDF</a><br>Les horaires du calculateur d'itinéraire tiennent compte des travaux.<br>Motif : travaux.</p> / Ligne H : Paris Nord - Luzarches 03/01-16/12";20220415T171513;Transilien Train Transilien H;d90114ec-bcce-11ec-be82-005056a47b86;travaux
active;Incidents;30;perturbée;SIGNIFICANT_DELAYS;20220916T223000;20220917T030000;d90114ec-bcce-11ec-be82-005056a47b86;" / Ligne H : Paris Nord - Luzarches 03/01-16/12 / <p>Période : en soirée.<br>Dates : du lundi 03 janvier au vendredi 16 décembre 2022, sauf les week-ends.<br>Le trafic est interrompu entre Paris Gare du Nord et Luzarches.<br>Un service de bus de remplacement est mis en place, avec desserte des gares intermédiaires.<br><a href=""https://transilien.com/sites/transilien/files/sentinelle-20220103-h-pno-luz-0301-1612.pdf"" target=""""></a><a href=""https://www.transilien.com/sites/transilien/files/sentinelle-20220301-h-parisnord-luzarches-jusquau16decembre-sf21juin.pdf"" target=""""><br>Pour plus d'informations, cliquez ici pour télécharger l'affiche PDF</a><br>Les horaires du calculateur d'itinéraire tiennent compte des travaux.<br>Motif : travaux.</p> / Ligne H : Paris Nord - Luzarches 03/01-16/12";20220415T171513;Transilien Train Transilien H;d90114ec-bcce-11ec-be82-005056a47b86;travaux
active;Incidents;30;perturbée;SIGNIFICANT_DELAYS;20220214T223000;20220215T030000;d90114ec-bcce-11ec-be82-005056a47b86;" / Ligne H : Paris Nord - Luzarches 03/01-16/12 / <p>Période : en soirée.<br>Dates : du lundi 03 janvier au vendredi 16 décembre 2022, sauf les week-ends.<br>Le trafic est interrompu entre Paris Gare du Nord et Luzarches.<br>Un service de bus de remplacement est mis en place, avec desserte des gares intermédiaires.<br><a href=""https://transilien.com/sites/transilien/files/sentinelle-20220103-h-pno-luz-0301-1612.pdf"" target=""""></a><a href=""https://www.transilien.com/sites/transilien/files/sentinelle-20220301-h-parisnord-luzarches-jusquau16decembre-sf21juin.pdf"" target=""""><br>Pour plus d'informations, cliquez ici pour télécharger l'affiche PDF</a><br>Les horaires du calculateur d'itinéraire tiennent compte des travaux.<br>Motif : travaux.</p> / Ligne H : Paris Nord - Luzarches 03/01-16/12";20220415T171513;Transilien Train Transilien H;d90114ec-bcce-11ec-be82-005056a47b86;travaux
active;Incidents;30;perturbée;SIGNIFICANT_DELAYS;20220824T223000;20220825T030000;d90114ec-bcce-11ec-be82-005056a47b86;" / Ligne H : Paris Nord - Luzarches 03/01-16/12 / <p>Période : en soirée.<br>Dates : du lundi 03 janvier au vendredi 16 décembre 2022, sauf les week-ends.<br>Le trafic est interrompu entre Paris Gare du Nord et Luzarches.<br>Un service de bus de remplacement est mis en place, avec desserte des gares intermédiaires.<br><a href=""https://transilien.com/sites/transilien/files/sentinelle-20220103-h-pno-luz-0301-1612.pdf"" target=""""></a><a href=""https://www.transilien.com/sites/transilien/files/sentinelle-20220301-h-parisnord-luzarches-jusquau16decembre-sf21juin.pdf"" target=""""><br>Pour plus d'informations, cliquez ici pour télécharger l'affiche PDF</a><br>Les horaires du calculateur d'itinéraire tiennent compte des travaux.<br>Motif : travaux.</p> / Ligne H : Paris Nord - Luzarches 03/01-16/12";20220415T171513;Transilien Train Transilien H;d90114ec-bcce-11ec-be82-005056a47b86;travaux
active;Incidents;30;perturbée;SIGNIFICANT_DELAYS;20220602T223000;20220603T030000;d90114ec-bcce-11ec-be82-005056a47b86;" / Ligne H : Paris Nord - Luzarches 03/01-16/12 / <p>Période : en soirée.<br>Dates : du lundi 03 janvier au vendredi 16 décembre 2022, sauf les week-ends.<br>Le trafic est interrompu entre Paris Gare du Nord et Luzarches.<br>Un service de bus de remplacement est mis en place, avec desserte des gares intermédiaires.<br><a href=""https://transilien.com/sites/transilien/files/sentinelle-20220103-h-pno-luz-0301-1612.pdf"" target=""""></a><a href=""https://www.transilien.com/sites/transilien/files/sentinelle-20220301-h-parisnord-luzarches-jusquau16decembre-sf21juin.pdf"" target=""""><br>Pour plus d'informations, cliquez ici pour télécharger l'affiche PDF</a><br>Les horaires du calculateur d'itinéraire tiennent compte des travaux.<br>Motif : travaux.</p> / Ligne H : Paris Nord - Luzarches 03/01-16/12";20220415T171513;Transilien Train Transilien H;d90114ec-bcce-11ec-be82-005056a47b86;travaux
active;Incidents;30;perturbée;SIGNIFICANT_DELAYS;20220107T223000;20220108T030000;d90114ec-bcce-11ec-be82-005056a47b86;" / Ligne H : Paris Nord - Luzarches 03/01-16/12 / <p>Période : en soirée.<br>Dates : du lundi 03 janvier au vendredi 16 décembre 2022, sauf les week-ends.<br>Le trafic est interrompu entre Paris Gare du Nord et Luzarches.<br>Un service de bus de remplacement est mis en place, avec desserte des gares intermédiaires.<br><a href=""https://transilien.com/sites/transilien/files/sentinelle-20220103-h-pno-luz-0301-1612.pdf"" target=""""></a><a href=""https://www.transilien.com/sites/transilien/files/sentinelle-20220301-h-parisnord-luzarches-jusquau16decembre-sf21juin.pdf"" target=""""><br>Pour plus d'informations, cliquez ici pour télécharger l'affiche PDF</a><br>Les horaires du calculateur d'itinéraire tiennent compte des travaux.<br>Motif : travaux.</p> / Ligne H : Paris Nord - Luzarches 03/01-16/12";20220415T171513;Transilien Train Transilien H;d90114ec-bcce-11ec-be82-005056a47b86;travaux
active;Incidents;30;perturbée;SIGNIFICANT_DELAYS;20220113T223000;20220114T030000;d90114ec-bcce-11ec-be82-005056a47b86;" / Ligne H : Paris Nord - Luzarches 03/01-16/12 / <p>Période : en soirée.<br>Dates : du lundi 03 janvier au vendredi 16 décembre 2022, sauf les week-ends.<br>Le trafic est interrompu entre Paris Gare du Nord et Luzarches.<br>Un service de bus de remplacement est mis en place, avec desserte des gares intermédiaires.<br><a href=""https://transilien.com/sites/transilien/files/sentinelle-20220103-h-pno-luz-0301-1612.pdf"" target=""""></a><a href=""https://www.transilien.com/sites/transilien/files/sentinelle-20220301-h-parisnord-luzarches-jusquau16decembre-sf21juin.pdf"" target=""""><br>Pour plus d'informations, cliquez ici pour télécharger l'affiche PDF</a><br>Les horaires du calculateur d'itinéraire tiennent compte des travaux.<br>Motif : travaux.</p> / Ligne H : Paris Nord - Luzarches 03/01-16/12";20220415T171513;Transilien Train Transilien H;d90114ec-bcce-11ec-be82-005056a47b86;travaux
active;Incidents;30;perturbée;SIGNIFICANT_DELAYS;20220708T223000;20220709T030000;d90114ec-bcce-11ec-be82-005056a47b86;" / Ligne H : Paris Nord - Luzarches 03/01-16/12 / <p>Période : en soirée.<br>Dates : du lundi 03 janvier au vendredi 16 décembre 2022, sauf les week-ends.<br>Le trafic est interrompu entre Paris Gare du Nord et Luzarches.<br>Un service de bus de remplacement est mis en place, avec desserte des gares intermédiaires.<br><a href=""https://transilien.com/sites/transilien/files/sentinelle-20220103-h-pno-luz-0301-1612.pdf"" target=""""></a><a href=""https://www.transilien.com/sites/transilien/files/sentinelle-20220301-h-parisnord-luzarches-jusquau16decembre-sf21juin.pdf"" target=""""><br>Pour plus d'informations, cliquez ici pour télécharger l'affiche PDF</a><br>Les horaires du calculateur d'itinéraire tiennent compte des travaux.<br>Motif : travaux.</p> / Ligne H : Paris Nord - Luzarches 03/01-16/12";20220415T171513;Transilien Train Transilien H;d90114ec-bcce-11ec-be82-005056a47b86;travaux
active;Incidents;30;perturbée;SIGNIFICANT_DELAYS;20220407T223000;20220408T030000;d90114ec-bcce-11ec-be82-005056a47b86;" / Ligne H : Paris Nord - Luzarches 03/01-16/12 / <p>Période : en soirée.<br>Dates : du lundi 03 janvier au vendredi 16 décembre 2022, sauf les week-ends.<br>Le trafic est interrompu entre Paris Gare du Nord et Luzarches.<br>Un service de bus de remplacement est mis en place, avec desserte des gares intermédiaires.<br><a href=""https://transilien.com/sites/transilien/files/sentinelle-20220103-h-pno-luz-0301-1612.pdf"" target=""""></a><a href=""https://www.transilien.com/sites/transilien/files/sentinelle-20220301-h-parisnord-luzarches-jusquau16decembre-sf21juin.pdf"" target=""""><br>Pour plus d'informations, cliquez ici pour télécharger l'affiche PDF</a><br>Les horaires du calculateur d'itinéraire tiennent compte des travaux.<br>Motif : travaux.</p> / Ligne H : Paris Nord - Luzarches 03/01-16/12";20220415T171513;Transilien Train Transilien H;d90114ec-bcce-11ec-be82-005056a47b86;travaux
active;Incidents;30;perturbée;SIGNIFICANT_DELAYS;20220719T223000;20220720T030000;d90114ec-bcce-11ec-be82-005056a47b86;" / Ligne H : Paris Nord - Luzarches 03/01-16/12 / <p>Période : en soirée.<br>Dates : du lundi 03 janvier au vendredi 16 décembre 2022, sauf les week-ends.<br>Le trafic est interrompu entre Paris Gare du Nord et Luzarches.<br>Un service de bus de remplacement est mis en place, avec desserte des gares intermédiaires.<br><a href=""https://transilien.com/sites/transilien/files/sentinelle-20220103-h-pno-luz-0301-1612.pdf"" target=""""></a><a href=""https://www.transilien.com/sites/transilien/files/sentinelle-20220301-h-parisnord-luzarches-jusquau16decembre-sf21juin.pdf"" target=""""><br>Pour plus d'informations, cliquez ici pour télécharger l'affiche PDF</a><br>Les horaires du calculateur d'itinéraire tiennent compte des travaux.<br>Motif : travaux.</p> / Ligne H : Paris Nord - Luzarches 03/01-16/12";20220415T171513;Transilien Train Transilien H;d90114ec-bcce-11ec-be82-005056a47b86;travaux
active;Incidents;30;perturbée;SIGNIFICANT_DELAYS;20220826T223000;20220827T030000;d90114ec-bcce-11ec-be82-005056a47b86;" / Ligne H : Paris Nord - Luzarches 03/01-16/12 / <p>Période : en soirée.<br>Dates : du lundi 03 janvier au vendredi 16 décembre 2022, sauf les week-ends.<br>Le trafic est interrompu entre Paris Gare du Nord et Luzarches.<br>Un service de bus de remplacement est mis en place, avec desserte des gares intermédiaires.<br><a href=""https://transilien.com/sites/transilien/files/sentinelle-20220103-h-pno-luz-0301-1612.pdf"" target=""""></a><a href=""https://www.transilien.com/sites/transilien/files/sentinelle-20220301-h-parisnord-luzarches-jusquau16decembre-sf21juin.pdf"" target=""""><br>Pour plus d'informations, cliquez ici pour télécharger l'affiche PDF</a><br>Les horaires du calculateur d'itinéraire tiennent compte des travaux.<br>Motif : travaux.</p> / Ligne H : Paris Nord - Luzarches 03/01-16/12";20220415T171513;Transilien Train Transilien H;d90114ec-bcce-11ec-be82-005056a47b86;travaux
active;Incidents;30;perturbée;SIGNIFICANT_DELAYS;20220204T223000;20220205T030000;d90114ec-bcce-11ec-be82-005056a47b86;" / Ligne H : Paris Nord - Luzarches 03/01-16/12 / <p>Période : en soirée.<br>Dates : du lundi 03 janvier au vendredi 16 décembre 2022, sauf les week-ends.<br>Le trafic est interrompu entre Paris Gare du Nord et Luzarches.<br>Un service de bus de remplacement est mis en place, avec desserte des gares intermédiaires.<br><a href=""https://transilien.com/sites/transilien/files/sentinelle-20220103-h-pno-luz-0301-1612.pdf"" target=""""></a><a href=""https://www.transilien.com/sites/transilien/files/sentinelle-20220301-h-parisnord-luzarches-jusquau16decembre-sf21juin.pdf"" target=""""><br>Pour plus d'informations, cliquez ici pour télécharger l'affiche PDF</a><br>Les horaires du calculateur d'itinéraire tiennent compte des travaux.<br>Motif : travaux.</p> / Ligne H : Paris Nord - Luzarches 03/01-16/12";20220415T171513;Transilien Train Transilien H;d90114ec-bcce-11ec-be82-005056a47b86;travaux
active;Incidents;30;perturbée;SIGNIFICANT_DELAYS;20220408T223000;20220409T030000;d90114ec-bcce-11ec-be82-005056a47b86;" / Ligne H : Paris Nord - Luzarches 03/01-16/12 / <p>Période : en soirée.<br>Dates : du lundi 03 janvier au vendredi 16 décembre 2022, sauf les week-ends.<br>Le trafic est interrompu entre Paris Gare du Nord et Luzarches.<br>Un service de bus de remplacement est mis en place, avec desserte des gares intermédiaires.<br><a href=""https://transilien.com/sites/transilien/files/sentinelle-20220103-h-pno-luz-0301-1612.pdf"" target=""""></a><a href=""https://www.transilien.com/sites/transilien/files/sentinelle-20220301-h-parisnord-luzarches-jusquau16decembre-sf21juin.pdf"" target=""""><br>Pour plus d'informations, cliquez ici pour télécharger l'affiche PDF</a><br>Les horaires du calculateur d'itinéraire tiennent compte des travaux.<br>Motif : travaux.</p> / Ligne H : Paris Nord - Luzarches 03/01-16/12";20220415T171513;Transilien Train Transilien H;d90114ec-bcce-11ec-be82-005056a47b86;travaux
active;Incidents;30;perturbée;SIGNIFICANT_DELAYS;20220608T223000;20220609T030000;d90114ec-bcce-11ec-be82-005056a47b86;" / Ligne H : Paris Nord - Luzarches 03/01-16/12 / <p>Période : en soirée.<br>Dates : du lundi 03 janvier au vendredi 16 décembre 2022, sauf les week-ends.<br>Le trafic est interrompu entre Paris Gare du Nord et Luzarches.<br>Un service de bus de remplacement est mis en place, avec desserte des gares intermédiaires.<br><a href=""https://transilien.com/sites/transilien/files/sentinelle-20220103-h-pno-luz-0301-1612.pdf"" target=""""></a><a href=""https://www.transilien.com/sites/transilien/files/sentinelle-20220301-h-parisnord-luzarches-jusquau16decembre-sf21juin.pdf"" target=""""><br>Pour plus d'informations, cliquez ici pour télécharger l'affiche PDF</a><br>Les horaires du calculateur d'itinéraire tiennent compte des travaux.<br>Motif : travaux.</p> / Ligne H : Paris Nord - Luzarches 03/01-16/12";20220415T171513;Transilien Train Transilien H;d90114ec-bcce-11ec-be82-005056a47b86;travaux
active;Incidents;30;perturbée;SIGNIFICANT_DELAYS;20220530T223000;20220531T030000;d90114ec-bcce-11ec-be82-005056a47b86;" / Ligne H : Paris Nord - Luzarches 03/01-16/12 / <p>Période : en soirée.<br>Dates : du lundi 03 janvier au vendredi 16 décembre 2022, sauf les week-ends.<br>Le trafic est interrompu entre Paris Gare du Nord et Luzarches.<br>Un service de bus de remplacement est mis en place, avec desserte des gares intermédiaires.<br><a href=""https://transilien.com/sites/transilien/files/sentinelle-20220103-h-pno-luz-0301-1612.pdf"" target=""""></a><a href=""https://www.transilien.com/sites/transilien/files/sentinelle-20220301-h-parisnord-luzarches-jusquau16decembre-sf21juin.pdf"" target=""""><br>Pour plus d'informations, cliquez ici pour télécharger l'affiche PDF</a><br>Les horaires du calculateur d'itinéraire tiennent compte des travaux.<br>Motif : travaux.</p> / Ligne H : Paris Nord - Luzarches 03/01-16/12";20220415T171513;Transilien Train Transilien H;d90114ec-bcce-11ec-be82-005056a47b86;travaux
active;Incidents;30;perturbée;SIGNIFICANT_DELAYS;20220114T223000;20220115T030000;d90114ec-bcce-11ec-be82-005056a47b86;" / Ligne H : Paris Nord - Luzarches 03/01-16/12 / <p>Période : en soirée.<br>Dates : du lundi 03 janvier au vendredi 16 décembre 2022, sauf les week-ends.<br>Le trafic est interrompu entre Paris Gare du Nord et Luzarches.<br>Un service de bus de remplacement est mis en place, avec desserte des gares intermédiaires.<br><a href=""https://transilien.com/sites/transilien/files/sentinelle-20220103-h-pno-luz-0301-1612.pdf"" target=""""></a><a href=""https://www.transilien.com/sites/transilien/files/sentinelle-20220301-h-parisnord-luzarches-jusquau16decembre-sf21juin.pdf"" target=""""><br>Pour plus d'informations, cliquez ici pour télécharger l'affiche PDF</a><br>Les horaires du calculateur d'itinéraire tiennent compte des travaux.<br>Motif : travaux.</p> / Ligne H : Paris Nord - Luzarches 03/01-16/12";20220415T171513;Transilien Train Transilien H;d90114ec-bcce-11ec-be82-005056a47b86;travaux
active;Incidents;30;perturbée;SIGNIFICANT_DELAYS;20220126T223000;20220127T030000;d90114ec-bcce-11ec-be82-005056a47b86;" / Ligne H : Paris Nord - Luzarches 03/01-16/12 / <p>Période : en soirée.<br>Dates : du lundi 03 janvier au vendredi 16 décembre 2022, sauf les week-ends.<br>Le trafic est interrompu entre Paris Gare du Nord et Luzarches.<br>Un service de bus de remplacement est mis en place, avec desserte des gares intermédiaires.<br><a href=""https://transilien.com/sites/transilien/files/sentinelle-20220103-h-pno-luz-0301-1612.pdf"" target=""""></a><a href=""https://www.transilien.com/sites/transilien/files/sentinelle-20220301-h-parisnord-luzarches-jusquau16decembre-sf21juin.pdf"" target=""""><br>Pour plus d'informations, cliquez ici pour télécharger l'affiche PDF</a><br>Les horaires du calculateur d'itinéraire tiennent compte des travaux.<br>Motif : travaux.</p> / Ligne H : Paris Nord - Luzarches 03/01-16/12";20220415T171513;Transilien Train Transilien H;d90114ec-bcce-11ec-be82-005056a47b86;travaux
active;Incidents;30;perturbée;SIGNIFICANT_DELAYS;20220316T223000;20220317T030000;d90114ec-bcce-11ec-be82-005056a47b86;" / Ligne H : Paris Nord - Luzarches 03/01-16/12 / <p>Période : en soirée.<br>Dates : du lundi 03 janvier au vendredi 16 décembre 2022, sauf les week-ends.<br>Le trafic est interrompu entre Paris Gare du Nord et Luzarches.<br>Un service de bus de remplacement est mis en place, avec desserte des gares intermédiaires.<br><a href=""https://transilien.com/sites/transilien/files/sentinelle-20220103-h-pno-luz-0301-1612.pdf"" target=""""></a><a href=""https://www.transilien.com/sites/transilien/files/sentinelle-20220301-h-parisnord-luzarches-jusquau16decembre-sf21juin.pdf"" target=""""><br>Pour plus d'informations, cliquez ici pour télécharger l'affiche PDF</a><br>Les horaires du calculateur d'itinéraire tiennent compte des travaux.<br>Motif : travaux.</p> / Ligne H : Paris Nord - Luzarches 03/01-16/12";20220415T171513;Transilien Train Transilien H;d90114ec-bcce-11ec-be82-005056a47b86;travaux
active;Incidents;30;perturbée;SIGNIFICANT_DELAYS;20220714T223000;20220715T030000;d90114ec-bcce-11ec-be82-005056a47b86;" / Ligne H : Paris Nord - Luzarches 03/01-16/12 / <p>Période : en soirée.<br>Dates : du lundi 03 janvier au vendredi 16 décembre 2022, sauf les week-ends.<br>Le trafic est interrompu entre Paris Gare du Nord et Luzarches.<br>Un service de bus de remplacement est mis en place, avec desserte des gares intermédiaires.<br><a href=""https://transilien.com/sites/transilien/files/sentinelle-20220103-h-pno-luz-0301-1612.pdf"" target=""""></a><a href=""https://www.transilien.com/sites/transilien/files/sentinelle-20220301-h-parisnord-luzarches-jusquau16decembre-sf21juin.pdf"" target=""""><br>Pour plus d'informations, cliquez ici pour télécharger l'affiche PDF</a><br>Les horaires du calculateur d'itinéraire tiennent compte des travaux.<br>Motif : travaux.</p> / Ligne H : Paris Nord - Luzarches 03/01-16/12";20220415T171513;Transilien Train Transilien H;d90114ec-bcce-11ec-be82-005056a47b86;travaux
active;Incidents;30;perturbée;SIGNIFICANT_DELAYS;20220614T223000;20220615T030000;d90114ec-bcce-11ec-be82-005056a47b86;" / Ligne H : Paris Nord - Luzarches 03/01-16/12 / <p>Période : en soirée.<br>Dates : du lundi 03 janvier au vendredi 16 décembre 2022, sauf les week-ends.<br>Le trafic est interrompu entre Paris Gare du Nord et Luzarches.<br>Un service de bus de remplacement est mis en place, avec desserte des gares intermédiaires.<br><a href=""https://transilien.com/sites/transilien/files/sentinelle-20220103-h-pno-luz-0301-1612.pdf"" target=""""></a><a href=""https://www.transilien.com/sites/transilien/files/sentinelle-20220301-h-parisnord-luzarches-jusquau16decembre-sf21juin.pdf"" target=""""><br>Pour plus d'informations, cliquez ici pour télécharger l'affiche PDF</a><br>Les horaires du calculateur d'itinéraire tiennent compte des travaux.<br>Motif : travaux.</p> / Ligne H : Paris Nord - Luzarches 03/01-16/12";20220415T171513;Transilien Train Transilien H;d90114ec-bcce-11ec-be82-005056a47b86;travaux
active;Incidents;30;perturbée;SIGNIFICANT_DELAYS;20220705T223000;20220706T030000;d90114ec-bcce-11ec-be82-005056a47b86;" / Ligne H : Paris Nord - Luzarches 03/01-16/12 / <p>Période : en soirée.<br>Dates : du lundi 03 janvier au vendredi 16 décembre 2022, sauf les week-ends.<br>Le trafic est interrompu entre Paris Gare du Nord et Luzarches.<br>Un service de bus de remplacement est mis en place, avec desserte des gares intermédiaires.<br><a href=""https://transilien.com/sites/transilien/files/sentinelle-20220103-h-pno-luz-0301-1612.pdf"" target=""""></a><a href=""https://www.transilien.com/sites/transilien/files/sentinelle-20220301-h-parisnord-luzarches-jusquau16decembre-sf21juin.pdf"" target=""""><br>Pour plus d'informations, cliquez ici pour télécharger l'affiche PDF</a><br>Les horaires du calculateur d'itinéraire tiennent compte des travaux.<br>Motif : travaux.</p> / Ligne H : Paris Nord - Luzarches 03/01-16/12";20220415T171513;Transilien Train Transilien H;d90114ec-bcce-11ec-be82-005056a47b86;travaux
active;Incidents;30;perturbée;SIGNIFICANT_DELAYS;20220110T223000;20220111T030000;d90114ec-bcce-11ec-be82-005056a47b86;" / Ligne H : Paris Nord - Luzarches 03/01-16/12 / <p>Période : en soirée.<br>Dates : du lundi 03 janvier au vendredi 16 décembre 2022, sauf les week-ends.<br>Le trafic est interrompu entre Paris Gare du Nord et Luzarches.<br>Un service de bus de remplacement est mis en place, avec desserte des gares intermédiaires.<br><a href=""https://transilien.com/sites/transilien/files/sentinelle-20220103-h-pno-luz-0301-1612.pdf"" target=""""></a><a href=""https://www.transilien.com/sites/transilien/files/sentinelle-20220301-h-parisnord-luzarches-jusquau16decembre-sf21juin.pdf"" target=""""><br>Pour plus d'informations, cliquez ici pour télécharger l'affiche PDF</a><br>Les horaires du calculateur d'itinéraire tiennent compte des travaux.<br>Motif : travaux.</p> / Ligne H : Paris Nord - Luzarches 03/01-16/12";20220415T171513;Transilien Train Transilien H;d90114ec-bcce-11ec-be82-005056a47b86;travaux
active;Incidents;30;perturbée;SIGNIFICANT_DELAYS;20220328T223000;20220329T030000;d90114ec-bcce-11ec-be82-005056a47b86;" / Ligne H : Paris Nord - Luzarches 03/01-16/12 / <p>Période : en soirée.<br>Dates : du lundi 03 janvier au vendredi 16 décembre 2022, sauf les week-ends.<br>Le trafic est interrompu entre Paris Gare du Nord et Luzarches.<br>Un service de bus de remplacement est mis en place, avec desserte des gares intermédiaires.<br><a href=""https://transilien.com/sites/transilien/files/sentinelle-20220103-h-pno-luz-0301-1612.pdf"" target=""""></a><a href=""https://www.transilien.com/sites/transilien/files/sentinelle-20220301-h-parisnord-luzarches-jusquau16decembre-sf21juin.pdf"" target=""""><br>Pour plus d'informations, cliquez ici pour télécharger l'affiche PDF</a><br>Les horaires du calculateur d'itinéraire tiennent compte des travaux.<br>Motif : travaux.</p> / Ligne H : Paris Nord - Luzarches 03/01-16/12";20220415T171513;Transilien Train Transilien H;d90114ec-bcce-11ec-be82-005056a47b86;travaux
active;Incidents;30;perturbée;SIGNIFICANT_DELAYS;20220505T223000;20220506T030000;d90114ec-bcce-11ec-be82-005056a47b86;" / Ligne H : Paris Nord - Luzarches 03/01-16/12 / <p>Période : en soirée.<br>Dates : du lundi 03 janvier au vendredi 16 décembre 2022, sauf les week-ends.<br>Le trafic est interrompu entre Paris Gare du Nord et Luzarches.<br>Un service de bus de remplacement est mis en place, avec desserte des gares intermédiaires.<br><a href=""https://transilien.com/sites/transilien/files/sentinelle-20220103-h-pno-luz-0301-1612.pdf"" target=""""></a><a href=""https://www.transilien.com/sites/transilien/files/sentinelle-20220301-h-parisnord-luzarches-jusquau16decembre-sf21juin.pdf"" target=""""><br>Pour plus d'informations, cliquez ici pour télécharger l'affiche PDF</a><br>Les horaires du calculateur d'itinéraire tiennent compte des travaux.<br>Motif : travaux.</p> / Ligne H : Paris Nord - Luzarches 03/01-16/12";20220415T171513;Transilien Train Transilien H;d90114ec-bcce-11ec-be82-005056a47b86;travaux
active;Incidents;30;perturbée;SIGNIFICANT_DELAYS;20220519T223000;20220520T030000;d90114ec-bcce-11ec-be82-005056a47b86;" / Ligne H : Paris Nord - Luzarches 03/01-16/12 / <p>Période : en soirée.<br>Dates : du lundi 03 janvier au vendredi 16 décembre 2022, sauf les week-ends.<br>Le trafic est interrompu entre Paris Gare du Nord et Luzarches.<br>Un service de bus de remplacement est mis en place, avec desserte des gares intermédiaires.<br><a href=""https://transilien.com/sites/transilien/files/sentinelle-20220103-h-pno-luz-0301-1612.pdf"" target=""""></a><a href=""https://www.transilien.com/sites/transilien/files/sentinelle-20220301-h-parisnord-luzarches-jusquau16decembre-sf21juin.pdf"" target=""""><br>Pour plus d'informations, cliquez ici pour télécharger l'affiche PDF</a><br>Les horaires du calculateur d'itinéraire tiennent compte des travaux.<br>Motif : travaux.</p> / Ligne H : Paris Nord - Luzarches 03/01-16/12";20220415T171513;Transilien Train Transilien H;d90114ec-bcce-11ec-be82-005056a47b86;travaux
active;Incidents;30;perturbée;SIGNIFICANT_DELAYS;20220627T223000;20220628T030000;d90114ec-bcce-11ec-be82-005056a47b86;" / Ligne H : Paris Nord - Luzarches 03/01-16/12 / <p>Période : en soirée.<br>Dates : du lundi 03 janvier au vendredi 16 décembre 2022, sauf les week-ends.<br>Le trafic est interrompu entre Paris Gare du Nord et Luzarches.<br>Un service de bus de remplacement est mis en place, avec desserte des gares intermédiaires.<br><a href=""https://transilien.com/sites/transilien/files/sentinelle-20220103-h-pno-luz-0301-1612.pdf"" target=""""></a><a href=""https://www.transilien.com/sites/transilien/files/sentinelle-20220301-h-parisnord-luzarches-jusquau16decembre-sf21juin.pdf"" target=""""><br>Pour plus d'informations, cliquez ici pour télécharger l'affiche PDF</a><br>Les horaires du calculateur d'itinéraire tiennent compte des travaux.<br>Motif : travaux.</p> / Ligne H : Paris Nord - Luzarches 03/01-16/12";20220415T171513;Transilien Train Transilien H;d90114ec-bcce-11ec-be82-005056a47b86;travaux
active;Incidents;30;perturbée;SIGNIFICANT_DELAYS;20220803T223000;20220804T030000;d90114ec-bcce-11ec-be82-005056a47b86;" / Ligne H : Paris Nord - Luzarches 03/01-16/12 / <p>Période : en soirée.<br>Dates : du lundi 03 janvier au vendredi 16 décembre 2022, sauf les week-ends.<br>Le trafic est interrompu entre Paris Gare du Nord et Luzarches.<br>Un service de bus de remplacement est mis en place, avec desserte des gares intermédiaires.<br><a href=""https://transilien.com/sites/transilien/files/sentinelle-20220103-h-pno-luz-0301-1612.pdf"" target=""""></a><a href=""https://www.transilien.com/sites/transilien/files/sentinelle-20220301-h-parisnord-luzarches-jusquau16decembre-sf21juin.pdf"" target=""""><br>Pour plus d'informations, cliquez ici pour télécharger l'affiche PDF</a><br>Les horaires du calculateur d'itinéraire tiennent compte des travaux.<br>Motif : travaux.</p> / Ligne H : Paris Nord - Luzarches 03/01-16/12";20220415T171513;Transilien Train Transilien H;d90114ec-bcce-11ec-be82-005056a47b86;travaux
active;Incidents;30;perturbée;SIGNIFICANT_DELAYS;20220825T223000;20220826T030000;d90114ec-bcce-11ec-be82-005056a47b86;" / Ligne H : Paris Nord - Luzarches 03/01-16/12 / <p>Période : en soirée.<br>Dates : du lundi 03 janvier au vendredi 16 décembre 2022, sauf les week-ends.<br>Le trafic est interrompu entre Paris Gare du Nord et Luzarches.<br>Un service de bus de remplacement est mis en place, avec desserte des gares intermédiaires.<br><a href=""https://transilien.com/sites/transilien/files/sentinelle-20220103-h-pno-luz-0301-1612.pdf"" target=""""></a><a href=""https://www.transilien.com/sites/transilien/files/sentinelle-20220301-h-parisnord-luzarches-jusquau16decembre-sf21juin.pdf"" target=""""><br>Pour plus d'informations, cliquez ici pour télécharger l'affiche PDF</a><br>Les horaires du calculateur d'itinéraire tiennent compte des travaux.<br>Motif : travaux.</p> / Ligne H : Paris Nord - Luzarches 03/01-16/12";20220415T171513;Transilien Train Transilien H;d90114ec-bcce-11ec-be82-005056a47b86;travaux
active;Incidents;30;perturbée;SIGNIFICANT_DELAYS;20220317T223000;20220318T030000;d90114ec-bcce-11ec-be82-005056a47b86;" / Ligne H : Paris Nord - Luzarches 03/01-16/12 / <p>Période : en soirée.<br>Dates : du lundi 03 janvier au vendredi 16 décembre 2022, sauf les week-ends.<br>Le trafic est interrompu entre Paris Gare du Nord et Luzarches.<br>Un service de bus de remplacement est mis en place, avec desserte des gares intermédiaires.<br><a href=""https://transilien.com/sites/transilien/files/sentinelle-20220103-h-pno-luz-0301-1612.pdf"" target=""""></a><a href=""https://www.transilien.com/sites/transilien/files/sentinelle-20220301-h-parisnord-luzarches-jusquau16decembre-sf21juin.pdf"" target=""""><br>Pour plus d'informations, cliquez ici pour télécharger l'affiche PDF</a><br>Les horaires du calculateur d'itinéraire tiennent compte des travaux.<br>Motif : travaux.</p> / Ligne H : Paris Nord - Luzarches 03/01-16/12";20220415T171513;Transilien Train Transilien H;d90114ec-bcce-11ec-be82-005056a47b86;travaux
active;Incidents;30;perturbée;SIGNIFICANT_DELAYS;20220624T223000;20220625T030000;d90114ec-bcce-11ec-be82-005056a47b86;" / Ligne H : Paris Nord - Luzarches 03/01-16/12 / <p>Période : en soirée.<br>Dates : du lundi 03 janvier au vendredi 16 décembre 2022, sauf les week-ends.<br>Le trafic est interrompu entre Paris Gare du Nord et Luzarches.<br>Un service de bus de remplacement est mis en place, avec desserte des gares intermédiaires.<br><a href=""https://transilien.com/sites/transilien/files/sentinelle-20220103-h-pno-luz-0301-1612.pdf"" target=""""></a><a href=""https://www.transilien.com/sites/transilien/files/sentinelle-20220301-h-parisnord-luzarches-jusquau16decembre-sf21juin.pdf"" target=""""><br>Pour plus d'informations, cliquez ici pour télécharger l'affiche PDF</a><br>Les horaires du calculateur d'itinéraire tiennent compte des travaux.<br>Motif : travaux.</p> / Ligne H : Paris Nord - Luzarches 03/01-16/12";20220415T171513;Transilien Train Transilien H;d90114ec-bcce-11ec-be82-005056a47b86;travaux
active;Incidents;30;perturbée;SIGNIFICANT_DELAYS;20220725T223000;20220726T030000;d90114ec-bcce-11ec-be82-005056a47b86;" / Ligne H : Paris Nord - Luzarches 03/01-16/12 / <p>Période : en soirée.<br>Dates : du lundi 03 janvier au vendredi 16 décembre 2022, sauf les week-ends.<br>Le trafic est interrompu entre Paris Gare du Nord et Luzarches.<br>Un service de bus de remplacement est mis en place, avec desserte des gares intermédiaires.<br><a href=""https://transilien.com/sites/transilien/files/sentinelle-20220103-h-pno-luz-0301-1612.pdf"" target=""""></a><a href=""https://www.transilien.com/sites/transilien/files/sentinelle-20220301-h-parisnord-luzarches-jusquau16decembre-sf21juin.pdf"" target=""""><br>Pour plus d'informations, cliquez ici pour télécharger l'affiche PDF</a><br>Les horaires du calculateur d'itinéraire tiennent compte des travaux.<br>Motif : travaux.</p> / Ligne H : Paris Nord - Luzarches 03/01-16/12";20220415T171513;Transilien Train Transilien H;d90114ec-bcce-11ec-be82-005056a47b86;travaux
active;Incidents;30;perturbée;SIGNIFICANT_DELAYS;20220623T223000;20220624T030000;d90114ec-bcce-11ec-be82-005056a47b86;" / Ligne H : Paris Nord - Luzarches 03/01-16/12 / <p>Période : en soirée.<br>Dates : du lundi 03 janvier au vendredi 16 décembre 2022, sauf les week-ends.<br>Le trafic est interrompu entre Paris Gare du Nord et Luzarches.<br>Un service de bus de remplacement est mis en place, avec desserte des gares intermédiaires.<br><a href=""https://transilien.com/sites/transilien/files/sentinelle-20220103-h-pno-luz-0301-1612.pdf"" target=""""></a><a href=""https://www.transilien.com/sites/transilien/files/sentinelle-20220301-h-parisnord-luzarches-jusquau16decembre-sf21juin.pdf"" target=""""><br>Pour plus d'informations, cliquez ici pour télécharger l'affiche PDF</a><br>Les horaires du calculateur d'itinéraire tiennent compte des travaux.<br>Motif : travaux.</p> / Ligne H : Paris Nord - Luzarches 03/01-16/12";20220415T171513;Transilien Train Transilien H;d90114ec-bcce-11ec-be82-005056a47b86;travaux
active;Incidents;30;perturbée;SIGNIFICANT_DELAYS;20220901T223000;20220902T030000;d90114ec-bcce-11ec-be82-005056a47b86;" / Ligne H : Paris Nord - Luzarches 03/01-16/12 / <p>Période : en soirée.<br>Dates : du lundi 03 janvier au vendredi 16 décembre 2022, sauf les week-ends.<br>Le trafic est interrompu entre Paris Gare du Nord et Luzarches.<br>Un service de bus de remplacement est mis en place, avec desserte des gares intermédiaires.<br><a href=""https://transilien.com/sites/transilien/files/sentinelle-20220103-h-pno-luz-0301-1612.pdf"" target=""""></a><a href=""https://www.transilien.com/sites/transilien/files/sentinelle-20220301-h-parisnord-luzarches-jusquau16decembre-sf21juin.pdf"" target=""""><br>Pour plus d'informations, cliquez ici pour télécharger l'affiche PDF</a><br>Les horaires du calculateur d'itinéraire tiennent compte des travaux.<br>Motif : travaux.</p> / Ligne H : Paris Nord - Luzarches 03/01-16/12";20220415T171513;Transilien Train Transilien H;d90114ec-bcce-11ec-be82-005056a47b86;travaux
active;Incidents;30;perturbée;SIGNIFICANT_DELAYS;20221004T223000;20221005T030000;d90114ec-bcce-11ec-be82-005056a47b86;" / Ligne H : Paris Nord - Luzarches 03/01-16/12 / <p>Période : en soirée.<br>Dates : du lundi 03 janvier au vendredi 16 décembre 2022, sauf les week-ends.<br>Le trafic est interrompu entre Paris Gare du Nord et Luzarches.<br>Un service de bus de remplacement est mis en place, avec desserte des gares intermédiaires.<br><a href=""https://transilien.com/sites/transilien/files/sentinelle-20220103-h-pno-luz-0301-1612.pdf"" target=""""></a><a href=""https://www.transilien.com/sites/transilien/files/sentinelle-20220301-h-parisnord-luzarches-jusquau16decembre-sf21juin.pdf"" target=""""><br>Pour plus d'informations, cliquez ici pour télécharger l'affiche PDF</a><br>Les horaires du calculateur d'itinéraire tiennent compte des travaux.<br>Motif : travaux.</p> / Ligne H : Paris Nord - Luzarches 03/01-16/12";20220415T171513;Transilien Train Transilien H;d90114ec-bcce-11ec-be82-005056a47b86;travaux
active;Incidents;30;perturbée;SIGNIFICANT_DELAYS;20220106T223000;20220107T030000;d90114ec-bcce-11ec-be82-005056a47b86;" / Ligne H : Paris Nord - Luzarches 03/01-16/12 / <p>Période : en soirée.<br>Dates : du lundi 03 janvier au vendredi 16 décembre 2022, sauf les week-ends.<br>Le trafic est interrompu entre Paris Gare du Nord et Luzarches.<br>Un service de bus de remplacement est mis en place, avec desserte des gares intermédiaires.<br><a href=""https://transilien.com/sites/transilien/files/sentinelle-20220103-h-pno-luz-0301-1612.pdf"" target=""""></a><a href=""https://www.transilien.com/sites/transilien/files/sentinelle-20220301-h-parisnord-luzarches-jusquau16decembre-sf21juin.pdf"" target=""""><br>Pour plus d'informations, cliquez ici pour télécharger l'affiche PDF</a><br>Les horaires du calculateur d'itinéraire tiennent compte des travaux.<br>Motif : travaux.</p> / Ligne H : Paris Nord - Luzarches 03/01-16/12";20220415T171513;Transilien Train Transilien H;d90114ec-bcce-11ec-be82-005056a47b86;travaux
active;Incidents;30;perturbée;SIGNIFICANT_DELAYS;20220414T223000;20220415T030000;d90114ec-bcce-11ec-be82-005056a47b86;" / Ligne H : Paris Nord - Luzarches 03/01-16/12 / <p>Période : en soirée.<br>Dates : du lundi 03 janvier au vendredi 16 décembre 2022, sauf les week-ends.<br>Le trafic est interrompu entre Paris Gare du Nord et Luzarches.<br>Un service de bus de remplacement est mis en place, avec desserte des gares intermédiaires.<br><a href=""https://transilien.com/sites/transilien/files/sentinelle-20220103-h-pno-luz-0301-1612.pdf"" target=""""></a><a href=""https://www.transilien.com/sites/transilien/files/sentinelle-20220301-h-parisnord-luzarches-jusquau16decembre-sf21juin.pdf"" target=""""><br>Pour plus d'informations, cliquez ici pour télécharger l'affiche PDF</a><br>Les horaires du calculateur d'itinéraire tiennent compte des travaux.<br>Motif : travaux.</p> / Ligne H : Paris Nord - Luzarches 03/01-16/12";20220415T171513;Transilien Train Transilien H;d90114ec-bcce-11ec-be82-005056a47b86;travaux
active;Incidents;30;perturbée;SIGNIFICANT_DELAYS;20220325T223000;20220326T030000;d90114ec-bcce-11ec-be82-005056a47b86;" / Ligne H : Paris Nord - Luzarches 03/01-16/12 / <p>Période : en soirée.<br>Dates : du lundi 03 janvier au vendredi 16 décembre 2022, sauf les week-ends.<br>Le trafic est interrompu entre Paris Gare du Nord et Luzarches.<br>Un service de bus de remplacement est mis en place, avec desserte des gares intermédiaires.<br><a href=""https://transilien.com/sites/transilien/files/sentinelle-20220103-h-pno-luz-0301-1612.pdf"" target=""""></a><a href=""https://www.transilien.com/sites/transilien/files/sentinelle-20220301-h-parisnord-luzarches-jusquau16decembre-sf21juin.pdf"" target=""""><br>Pour plus d'informations, cliquez ici pour télécharger l'affiche PDF</a><br>Les horaires du calculateur d'itinéraire tiennent compte des travaux.<br>Motif : travaux.</p> / Ligne H : Paris Nord - Luzarches 03/01-16/12";20220415T171513;Transilien Train Transilien H;d90114ec-bcce-11ec-be82-005056a47b86;travaux
active;Incidents;30;perturbée;SIGNIFICANT_DELAYS;20220630T223000;20220701T030000;d90114ec-bcce-11ec-be82-005056a47b86;" / Ligne H : Paris Nord - Luzarches 03/01-16/12 / <p>Période : en soirée.<br>Dates : du lundi 03 janvier au vendredi 16 décembre 2022, sauf les week-ends.<br>Le trafic est interrompu entre Paris Gare du Nord et Luzarches.<br>Un service de bus de remplacement est mis en place, avec desserte des gares intermédiaires.<br><a href=""https://transilien.com/sites/transilien/files/sentinelle-20220103-h-pno-luz-0301-1612.pdf"" target=""""></a><a href=""https://www.transilien.com/sites/transilien/files/sentinelle-20220301-h-parisnord-luzarches-jusquau16decembre-sf21juin.pdf"" target=""""><br>Pour plus d'informations, cliquez ici pour télécharger l'affiche PDF</a><br>Les horaires du calculateur d'itinéraire tiennent compte des travaux.<br>Motif : travaux.</p> / Ligne H : Paris Nord - Luzarches 03/01-16/12";20220415T171513;Transilien Train Transilien H;d90114ec-bcce-11ec-be82-005056a47b86;travaux
active;Incidents;30;perturbée;SIGNIFICANT_DELAYS;20221003T223000;20221004T030000;d90114ec-bcce-11ec-be82-005056a47b86;" / Ligne H : Paris Nord - Luzarches 03/01-16/12 / <p>Période : en soirée.<br>Dates : du lundi 03 janvier au vendredi 16 décembre 2022, sauf les week-ends.<br>Le trafic est interrompu entre Paris Gare du Nord et Luzarches.<br>Un service de bus de remplacement est mis en place, avec desserte des gares intermédiaires.<br><a href=""https://transilien.com/sites/transilien/files/sentinelle-20220103-h-pno-luz-0301-1612.pdf"" target=""""></a><a href=""https://www.transilien.com/sites/transilien/files/sentinelle-20220301-h-parisnord-luzarches-jusquau16decembre-sf21juin.pdf"" target=""""><br>Pour plus d'informations, cliquez ici pour télécharger l'affiche PDF</a><br>Les horaires du calculateur d'itinéraire tiennent compte des travaux.<br>Motif : travaux.</p> / Ligne H : Paris Nord - Luzarches 03/01-16/12";20220415T171513;Transilien Train Transilien H;d90114ec-bcce-11ec-be82-005056a47b86;travaux
active;Incidents;30;perturbée;SIGNIFICANT_DELAYS;20220905T223000;20220906T030000;d90114ec-bcce-11ec-be82-005056a47b86;" / Ligne H : Paris Nord - Luzarches 03/01-16/12 / <p>Période : en soirée.<br>Dates : du lundi 03 janvier au vendredi 16 décembre 2022, sauf les week-ends.<br>Le trafic est interrompu entre Paris Gare du Nord et Luzarches.<br>Un service de bus de remplacement est mis en place, avec desserte des gares intermédiaires.<br><a href=""https://transilien.com/sites/transilien/files/sentinelle-20220103-h-pno-luz-0301-1612.pdf"" target=""""></a><a href=""https://www.transilien.com/sites/transilien/files/sentinelle-20220301-h-parisnord-luzarches-jusquau16decembre-sf21juin.pdf"" target=""""><br>Pour plus d'informations, cliquez ici pour télécharger l'affiche PDF</a><br>Les horaires du calculateur d'itinéraire tiennent compte des travaux.<br>Motif : travaux.</p> / Ligne H : Paris Nord - Luzarches 03/01-16/12";20220415T171513;Transilien Train Transilien H;d90114ec-bcce-11ec-be82-005056a47b86;travaux
active;Incidents;30;perturbée;SIGNIFICANT_DELAYS;20220613T223000;20220614T030000;d90114ec-bcce-11ec-be82-005056a47b86;" / Ligne H : Paris Nord - Luzarches 03/01-16/12 / <p>Période : en soirée.<br>Dates : du lundi 03 janvier au vendredi 16 décembre 2022, sauf les week-ends.<br>Le trafic est interrompu entre Paris Gare du Nord et Luzarches.<br>Un service de bus de remplacement est mis en place, avec desserte des gares intermédiaires.<br><a href=""https://transilien.com/sites/transilien/files/sentinelle-20220103-h-pno-luz-0301-1612.pdf"" target=""""></a><a href=""https://www.transilien.com/sites/transilien/files/sentinelle-20220301-h-parisnord-luzarches-jusquau16decembre-sf21juin.pdf"" target=""""><br>Pour plus d'informations, cliquez ici pour télécharger l'affiche PDF</a><br>Les horaires du calculateur d'itinéraire tiennent compte des travaux.<br>Motif : travaux.</p> / Ligne H : Paris Nord - Luzarches 03/01-16/12";20220415T171513;Transilien Train Transilien H;d90114ec-bcce-11ec-be82-005056a47b86;travaux
active;Incidents;30;perturbée;SIGNIFICANT_DELAYS;20220830T223000;20220831T030000;d90114ec-bcce-11ec-be82-005056a47b86;" / Ligne H : Paris Nord - Luzarches 03/01-16/12 / <p>Période : en soirée.<br>Dates : du lundi 03 janvier au vendredi 16 décembre 2022, sauf les week-ends.<br>Le trafic est interrompu entre Paris Gare du Nord et Luzarches.<br>Un service de bus de remplacement est mis en place, avec desserte des gares intermédiaires.<br><a href=""https://transilien.com/sites/transilien/files/sentinelle-20220103-h-pno-luz-0301-1612.pdf"" target=""""></a><a href=""https://www.transilien.com/sites/transilien/files/sentinelle-20220301-h-parisnord-luzarches-jusquau16decembre-sf21juin.pdf"" target=""""><br>Pour plus d'informations, cliquez ici pour télécharger l'affiche PDF</a><br>Les horaires du calculateur d'itinéraire tiennent compte des travaux.<br>Motif : travaux.</p> / Ligne H : Paris Nord - Luzarches 03/01-16/12";20220415T171513;Transilien Train Transilien H;d90114ec-bcce-11ec-be82-005056a47b86;travaux
active;Incidents;30;perturbée;SIGNIFICANT_DELAYS;20220329T223000;20220330T030000;d90114ec-bcce-11ec-be82-005056a47b86;" / Ligne H : Paris Nord - Luzarches 03/01-16/12 / <p>Période : en soirée.<br>Dates : du lundi 03 janvier au vendredi 16 décembre 2022, sauf les week-ends.<br>Le trafic est interrompu entre Paris Gare du Nord et Luzarches.<br>Un service de bus de remplacement est mis en place, avec desserte des gares intermédiaires.<br><a href=""https://transilien.com/sites/transilien/files/sentinelle-20220103-h-pno-luz-0301-1612.pdf"" target=""""></a><a href=""https://www.transilien.com/sites/transilien/files/sentinelle-20220301-h-parisnord-luzarches-jusquau16decembre-sf21juin.pdf"" target=""""><br>Pour plus d'informations, cliquez ici pour télécharger l'affiche PDF</a><br>Les horaires du calculateur d'itinéraire tiennent compte des travaux.<br>Motif : travaux.</p> / Ligne H : Paris Nord - Luzarches 03/01-16/12";20220415T171513;Transilien Train Transilien H;d90114ec-bcce-11ec-be82-005056a47b86;travaux
active;Incidents;30;perturbée;SIGNIFICANT_DELAYS;20220201T223000;20220202T030000;d90114ec-bcce-11ec-be82-005056a47b86;" / Ligne H : Paris Nord - Luzarches 03/01-16/12 / <p>Période : en soirée.<br>Dates : du lundi 03 janvier au vendredi 16 décembre 2022, sauf les week-ends.<br>Le trafic est interrompu entre Paris Gare du Nord et Luzarches.<br>Un service de bus de remplacement est mis en place, avec desserte des gares intermédiaires.<br><a href=""https://transilien.com/sites/transilien/files/sentinelle-20220103-h-pno-luz-0301-1612.pdf"" target=""""></a><a href=""https://www.transilien.com/sites/transilien/files/sentinelle-20220301-h-parisnord-luzarches-jusquau16decembre-sf21juin.pdf"" target=""""><br>Pour plus d'informations, cliquez ici pour télécharger l'affiche PDF</a><br>Les horaires du calculateur d'itinéraire tiennent compte des travaux.<br>Motif : travaux.</p> / Ligne H : Paris Nord - Luzarches 03/01-16/12";20220415T171513;Transilien Train Transilien H;d90114ec-bcce-11ec-be82-005056a47b86;travaux
active;Incidents;30;perturbée;SIGNIFICANT_DELAYS;20220520T223000;20220521T030000;d90114ec-bcce-11ec-be82-005056a47b86;" / Ligne H : Paris Nord - Luzarches 03/01-16/12 / <p>Période : en soirée.<br>Dates : du lundi 03 janvier au vendredi 16 décembre 2022, sauf les week-ends.<br>Le trafic est interrompu entre Paris Gare du Nord et Luzarches.<br>Un service de bus de remplacement est mis en place, avec desserte des gares intermédiaires.<br><a href=""https://transilien.com/sites/transilien/files/sentinelle-20220103-h-pno-luz-0301-1612.pdf"" target=""""></a><a href=""https://www.transilien.com/sites/transilien/files/sentinelle-20220301-h-parisnord-luzarches-jusquau16decembre-sf21juin.pdf"" target=""""><br>Pour plus d'informations, cliquez ici pour télécharger l'affiche PDF</a><br>Les horaires du calculateur d'itinéraire tiennent compte des travaux.<br>Motif : travaux.</p> / Ligne H : Paris Nord - Luzarches 03/01-16/12";20220415T171513;Transilien Train Transilien H;d90114ec-bcce-11ec-be82-005056a47b86;travaux
active;Incidents;30;perturbée;SIGNIFICANT_DELAYS;20220531T223000;20220601T030000;d90114ec-bcce-11ec-be82-005056a47b86;" / Ligne H : Paris Nord - Luzarches 03/01-16/12 / <p>Période : en soirée.<br>Dates : du lundi 03 janvier au vendredi 16 décembre 2022, sauf les week-ends.<br>Le trafic est interrompu entre Paris Gare du Nord et Luzarches.<br>Un service de bus de remplacement est mis en place, avec desserte des gares intermédiaires.<br><a href=""https://transilien.com/sites/transilien/files/sentinelle-20220103-h-pno-luz-0301-1612.pdf"" target=""""></a><a href=""https://www.transilien.com/sites/transilien/files/sentinelle-20220301-h-parisnord-luzarches-jusquau16decembre-sf21juin.pdf"" target=""""><br>Pour plus d'informations, cliquez ici pour télécharger l'affiche PDF</a><br>Les horaires du calculateur d'itinéraire tiennent compte des travaux.<br>Motif : travaux.</p> / Ligne H : Paris Nord - Luzarches 03/01-16/12";20220415T171513;Transilien Train Transilien H;d90114ec-bcce-11ec-be82-005056a47b86;travaux
active;Incidents;30;perturbée;SIGNIFICANT_DELAYS;20220330T223000;20220331T030000;d90114ec-bcce-11ec-be82-005056a47b86;" / Ligne H : Paris Nord - Luzarches 03/01-16/12 / <p>Période : en soirée.<br>Dates : du lundi 03 janvier au vendredi 16 décembre 2022, sauf les week-ends.<br>Le trafic est interrompu entre Paris Gare du Nord et Luzarches.<br>Un service de bus de remplacement est mis en place, avec desserte des gares intermédiaires.<br><a href=""https://transilien.com/sites/transilien/files/sentinelle-20220103-h-pno-luz-0301-1612.pdf"" target=""""></a><a href=""https://www.transilien.com/sites/transilien/files/sentinelle-20220301-h-parisnord-luzarches-jusquau16decembre-sf21juin.pdf"" target=""""><br>Pour plus d'informations, cliquez ici pour télécharger l'affiche PDF</a><br>Les horaires du calculateur d'itinéraire tiennent compte des travaux.<br>Motif : travaux.</p> / Ligne H : Paris Nord - Luzarches 03/01-16/12";20220415T171513;Transilien Train Transilien H;d90114ec-bcce-11ec-be82-005056a47b86;travaux
active;Incidents;30;perturbée;SIGNIFICANT_DELAYS;20220311T223000;20220312T030000;d90114ec-bcce-11ec-be82-005056a47b86;" / Ligne H : Paris Nord - Luzarches 03/01-16/12 / <p>Période : en soirée.<br>Dates : du lundi 03 janvier au vendredi 16 décembre 2022, sauf les week-ends.<br>Le trafic est interrompu entre Paris Gare du Nord et Luzarches.<br>Un service de bus de remplacement est mis en place, avec desserte des gares intermédiaires.<br><a href=""https://transilien.com/sites/transilien/files/sentinelle-20220103-h-pno-luz-0301-1612.pdf"" target=""""></a><a href=""https://www.transilien.com/sites/transilien/files/sentinelle-20220301-h-parisnord-luzarches-jusquau16decembre-sf21juin.pdf"" target=""""><br>Pour plus d'informations, cliquez ici pour télécharger l'affiche PDF</a><br>Les horaires du calculateur d'itinéraire tiennent compte des travaux.<br>Motif : travaux.</p> / Ligne H : Paris Nord - Luzarches 03/01-16/12";20220415T171513;Transilien Train Transilien H;d90114ec-bcce-11ec-be82-005056a47b86;travaux
active;Incidents;30;perturbée;SIGNIFICANT_DELAYS;20220812T223000;20220813T030000;d90114ec-bcce-11ec-be82-005056a47b86;" / Ligne H : Paris Nord - Luzarches 03/01-16/12 / <p>Période : en soirée.<br>Dates : du lundi 03 janvier au vendredi 16 décembre 2022, sauf les week-ends.<br>Le trafic est interrompu entre Paris Gare du Nord et Luzarches.<br>Un service de bus de remplacement est mis en place, avec desserte des gares intermédiaires.<br><a href=""https://transilien.com/sites/transilien/files/sentinelle-20220103-h-pno-luz-0301-1612.pdf"" target=""""></a><a href=""https://www.transilien.com/sites/transilien/files/sentinelle-20220301-h-parisnord-luzarches-jusquau16decembre-sf21juin.pdf"" target=""""><br>Pour plus d'informations, cliquez ici pour télécharger l'affiche PDF</a><br>Les horaires du calculateur d'itinéraire tiennent compte des travaux.<br>Motif : travaux.</p> / Ligne H : Paris Nord - Luzarches 03/01-16/12";20220415T171513;Transilien Train Transilien H;d90114ec-bcce-11ec-be82-005056a47b86;travaux
active;Incidents;30;perturbée;SIGNIFICANT_DELAYS;20220927T223000;20220928T030000;d90114ec-bcce-11ec-be82-005056a47b86;" / Ligne H : Paris Nord - Luzarches 03/01-16/12 / <p>Période : en soirée.<br>Dates : du lundi 03 janvier au vendredi 16 décembre 2022, sauf les week-ends.<br>Le trafic est interrompu entre Paris Gare du Nord et Luzarches.<br>Un service de bus de remplacement est mis en place, avec desserte des gares intermédiaires.<br><a href=""https://transilien.com/sites/transilien/files/sentinelle-20220103-h-pno-luz-0301-1612.pdf"" target=""""></a><a href=""https://www.transilien.com/sites/transilien/files/sentinelle-20220301-h-parisnord-luzarches-jusquau16decembre-sf21juin.pdf"" target=""""><br>Pour plus d'informations, cliquez ici pour télécharger l'affiche PDF</a><br>Les horaires du calculateur d'itinéraire tiennent compte des travaux.<br>Motif : travaux.</p> / Ligne H : Paris Nord - Luzarches 03/01-16/12";20220415T171513;Transilien Train Transilien H;d90114ec-bcce-11ec-be82-005056a47b86;travaux
active;Incidents;30;perturbée;SIGNIFICANT_DELAYS;20220125T223000;20220126T030000;d90114ec-bcce-11ec-be82-005056a47b86;" / Ligne H : Paris Nord - Luzarches 03/01-16/12 / <p>Période : en soirée.<br>Dates : du lundi 03 janvier au vendredi 16 décembre 2022, sauf les week-ends.<br>Le trafic est interrompu entre Paris Gare du Nord et Luzarches.<br>Un service de bus de remplacement est mis en place, avec desserte des gares intermédiaires.<br><a href=""https://transilien.com/sites/transilien/files/sentinelle-20220103-h-pno-luz-0301-1612.pdf"" target=""""></a><a href=""https://www.transilien.com/sites/transilien/files/sentinelle-20220301-h-parisnord-luzarches-jusquau16decembre-sf21juin.pdf"" target=""""><br>Pour plus d'informations, cliquez ici pour télécharger l'affiche PDF</a><br>Les horaires du calculateur d'itinéraire tiennent compte des travaux.<br>Motif : travaux.</p> / Ligne H : Paris Nord - Luzarches 03/01-16/12";20220415T171513;Transilien Train Transilien H;d90114ec-bcce-11ec-be82-005056a47b86;travaux
active;Incidents;30;perturbée;SIGNIFICANT_DELAYS;20220914T223000;20220915T030000;d90114ec-bcce-11ec-be82-005056a47b86;" / Ligne H : Paris Nord - Luzarches 03/01-16/12 / <p>Période : en soirée.<br>Dates : du lundi 03 janvier au vendredi 16 décembre 2022, sauf les week-ends.<br>Le trafic est interrompu entre Paris Gare du Nord et Luzarches.<br>Un service de bus de remplacement est mis en place, avec desserte des gares intermédiaires.<br><a href=""https://transilien.com/sites/transilien/files/sentinelle-20220103-h-pno-luz-0301-1612.pdf"" target=""""></a><a href=""https://www.transilien.com/sites/transilien/files/sentinelle-20220301-h-parisnord-luzarches-jusquau16decembre-sf21juin.pdf"" target=""""><br>Pour plus d'informations, cliquez ici pour télécharger l'affiche PDF</a><br>Les horaires du calculateur d'itinéraire tiennent compte des travaux.<br>Motif : travaux.</p> / Ligne H : Paris Nord - Luzarches 03/01-16/12";20220415T171513;Transilien Train Transilien H;d90114ec-bcce-11ec-be82-005056a47b86;travaux
active;Incidents;30;perturbée;SIGNIFICANT_DELAYS;20220912T223000;20220913T030000;d90114ec-bcce-11ec-be82-005056a47b86;" / Ligne H : Paris Nord - Luzarches 03/01-16/12 / <p>Période : en soirée.<br>Dates : du lundi 03 janvier au vendredi 16 décembre 2022, sauf les week-ends.<br>Le trafic est interrompu entre Paris Gare du Nord et Luzarches.<br>Un service de bus de remplacement est mis en place, avec desserte des gares intermédiaires.<br><a href=""https://transilien.com/sites/transilien/files/sentinelle-20220103-h-pno-luz-0301-1612.pdf"" target=""""></a><a href=""https://www.transilien.com/sites/transilien/files/sentinelle-20220301-h-parisnord-luzarches-jusquau16decembre-sf21juin.pdf"" target=""""><br>Pour plus d'informations, cliquez ici pour télécharger l'affiche PDF</a><br>Les horaires du calculateur d'itinéraire tiennent compte des travaux.<br>Motif : travaux.</p> / Ligne H : Paris Nord - Luzarches 03/01-16/12";20220415T171513;Transilien Train Transilien H;d90114ec-bcce-11ec-be82-005056a47b86;travaux
active;Incidents;30;perturbée;SIGNIFICANT_DELAYS;20220103T223000;20220104T030000;d90114ec-bcce-11ec-be82-005056a47b86;" / Ligne H : Paris Nord - Luzarches 03/01-16/12 / <p>Période : en soirée.<br>Dates : du lundi 03 janvier au vendredi 16 décembre 2022, sauf les week-ends.<br>Le trafic est interrompu entre Paris Gare du Nord et Luzarches.<br>Un service de bus de remplacement est mis en place, avec desserte des gares intermédiaires.<br><a href=""https://transilien.com/sites/transilien/files/sentinelle-20220103-h-pno-luz-0301-1612.pdf"" target=""""></a><a href=""https://www.transilien.com/sites/transilien/files/sentinelle-20220301-h-parisnord-luzarches-jusquau16decembre-sf21juin.pdf"" target=""""><br>Pour plus d'informations, cliquez ici pour télécharger l'affiche PDF</a><br>Les horaires du calculateur d'itinéraire tiennent compte des travaux.<br>Motif : travaux.</p> / Ligne H : Paris Nord - Luzarches 03/01-16/12";20220415T171513;Transilien Train Transilien H;d90114ec-bcce-11ec-be82-005056a47b86;travaux
active;Incidents;30;perturbée;SIGNIFICANT_DELAYS;20220517T223000;20220518T030000;d90114ec-bcce-11ec-be82-005056a47b86;" / Ligne H : Paris Nord - Luzarches 03/01-16/12 / <p>Période : en soirée.<br>Dates : du lundi 03 janvier au vendredi 16 décembre 2022, sauf les week-ends.<br>Le trafic est interrompu entre Paris Gare du Nord et Luzarches.<br>Un service de bus de remplacement est mis en place, avec desserte des gares intermédiaires.<br><a href=""https://transilien.com/sites/transilien/files/sentinelle-20220103-h-pno-luz-0301-1612.pdf"" target=""""></a><a href=""https://www.transilien.com/sites/transilien/files/sentinelle-20220301-h-parisnord-luzarches-jusquau16decembre-sf21juin.pdf"" target=""""><br>Pour plus d'informations, cliquez ici pour télécharger l'affiche PDF</a><br>Les horaires du calculateur d'itinéraire tiennent compte des travaux.<br>Motif : travaux.</p> / Ligne H : Paris Nord - Luzarches 03/01-16/12";20220415T171513;Transilien Train Transilien H;d90114ec-bcce-11ec-be82-005056a47b86;travaux
active;Incidents;30;perturbée;SIGNIFICANT_DELAYS;20220222T223000;20220223T030000;d90114ec-bcce-11ec-be82-005056a47b86;" / Ligne H : Paris Nord - Luzarches 03/01-16/12 / <p>Période : en soirée.<br>Dates : du lundi 03 janvier au vendredi 16 décembre 2022, sauf les week-ends.<br>Le trafic est interrompu entre Paris Gare du Nord et Luzarches.<br>Un service de bus de remplacement est mis en place, avec desserte des gares intermédiaires.<br><a href=""https://transilien.com/sites/transilien/files/sentinelle-20220103-h-pno-luz-0301-1612.pdf"" target=""""></a><a href=""https://www.transilien.com/sites/transilien/files/sentinelle-20220301-h-parisnord-luzarches-jusquau16decembre-sf21juin.pdf"" target=""""><br>Pour plus d'informations, cliquez ici pour télécharger l'affiche PDF</a><br>Les horaires du calculateur d'itinéraire tiennent compte des travaux.<br>Motif : travaux.</p> / Ligne H : Paris Nord - Luzarches 03/01-16/12";20220415T171513;Transilien Train Transilien H;d90114ec-bcce-11ec-be82-005056a47b86;travaux
active;Incidents;30;perturbée;SIGNIFICANT_DELAYS;20220526T223000;20220527T030000;d90114ec-bcce-11ec-be82-005056a47b86;" / Ligne H : Paris Nord - Luzarches 03/01-16/12 / <p>Période : en soirée.<br>Dates : du lundi 03 janvier au vendredi 16 décembre 2022, sauf les week-ends.<br>Le trafic est interrompu entre Paris Gare du Nord et Luzarches.<br>Un service de bus de remplacement est mis en place, avec desserte des gares intermédiaires.<br><a href=""https://transilien.com/sites/transilien/files/sentinelle-20220103-h-pno-luz-0301-1612.pdf"" target=""""></a><a href=""https://www.transilien.com/sites/transilien/files/sentinelle-20220301-h-parisnord-luzarches-jusquau16decembre-sf21juin.pdf"" target=""""><br>Pour plus d'informations, cliquez ici pour télécharger l'affiche PDF</a><br>Les horaires du calculateur d'itinéraire tiennent compte des travaux.<br>Motif : travaux.</p> / Ligne H : Paris Nord - Luzarches 03/01-16/12";20220415T171513;Transilien Train Transilien H;d90114ec-bcce-11ec-be82-005056a47b86;travaux
active;Incidents;30;perturbée;SIGNIFICANT_DELAYS;20220509T223000;20220510T030000;d90114ec-bcce-11ec-be82-005056a47b86;" / Ligne H : Paris Nord - Luzarches 03/01-16/12 / <p>Période : en soirée.<br>Dates : du lundi 03 janvier au vendredi 16 décembre 2022, sauf les week-ends.<br>Le trafic est interrompu entre Paris Gare du Nord et Luzarches.<br>Un service de bus de remplacement est mis en place, avec desserte des gares intermédiaires.<br><a href=""https://transilien.com/sites/transilien/files/sentinelle-20220103-h-pno-luz-0301-1612.pdf"" target=""""></a><a href=""https://www.transilien.com/sites/transilien/files/sentinelle-20220301-h-parisnord-luzarches-jusquau16decembre-sf21juin.pdf"" target=""""><br>Pour plus d'informations, cliquez ici pour télécharger l'affiche PDF</a><br>Les horaires du calculateur d'itinéraire tiennent compte des travaux.<br>Motif : travaux.</p> / Ligne H : Paris Nord - Luzarches 03/01-16/12";20220415T171513;Transilien Train Transilien H;d90114ec-bcce-11ec-be82-005056a47b86;travaux
active;Incidents;30;perturbée;SIGNIFICANT_DELAYS;20220620T223000;20220621T030000;d90114ec-bcce-11ec-be82-005056a47b86;" / Ligne H : Paris Nord - Luzarches 03/01-16/12 / <p>Période : en soirée.<br>Dates : du lundi 03 janvier au vendredi 16 décembre 2022, sauf les week-ends.<br>Le trafic est interrompu entre Paris Gare du Nord et Luzarches.<br>Un service de bus de remplacement est mis en place, avec desserte des gares intermédiaires.<br><a href=""https://transilien.com/sites/transilien/files/sentinelle-20220103-h-pno-luz-0301-1612.pdf"" target=""""></a><a href=""https://www.transilien.com/sites/transilien/files/sentinelle-20220301-h-parisnord-luzarches-jusquau16decembre-sf21juin.pdf"" target=""""><br>Pour plus d'informations, cliquez ici pour télécharger l'affiche PDF</a><br>Les horaires du calculateur d'itinéraire tiennent compte des travaux.<br>Motif : travaux.</p> / Ligne H : Paris Nord - Luzarches 03/01-16/12";20220415T171513;Transilien Train Transilien H;d90114ec-bcce-11ec-be82-005056a47b86;travaux
active;Incidents;30;perturbée;SIGNIFICANT_DELAYS;20220908T223000;20220909T030000;d90114ec-bcce-11ec-be82-005056a47b86;" / Ligne H : Paris Nord - Luzarches 03/01-16/12 / <p>Période : en soirée.<br>Dates : du lundi 03 janvier au vendredi 16 décembre 2022, sauf les week-ends.<br>Le trafic est interrompu entre Paris Gare du Nord et Luzarches.<br>Un service de bus de remplacement est mis en place, avec desserte des gares intermédiaires.<br><a href=""https://transilien.com/sites/transilien/files/sentinelle-20220103-h-pno-luz-0301-1612.pdf"" target=""""></a><a href=""https://www.transilien.com/sites/transilien/files/sentinelle-20220301-h-parisnord-luzarches-jusquau16decembre-sf21juin.pdf"" target=""""><br>Pour plus d'informations, cliquez ici pour télécharger l'affiche PDF</a><br>Les horaires du calculateur d'itinéraire tiennent compte des travaux.<br>Motif : travaux.</p> / Ligne H : Paris Nord - Luzarches 03/01-16/12";20220415T171513;Transilien Train Transilien H;d90114ec-bcce-11ec-be82-005056a47b86;travaux
active;Incidents;30;perturbée;SIGNIFICANT_DELAYS;20220415T223000;20220416T030000;d90114ec-bcce-11ec-be82-005056a47b86;" / Ligne H : Paris Nord - Luzarches 03/01-16/12 / <p>Période : en soirée.<br>Dates : du lundi 03 janvier au vendredi 16 décembre 2022, sauf les week-ends.<br>Le trafic est interrompu entre Paris Gare du Nord et Luzarches.<br>Un service de bus de remplacement est mis en place, avec desserte des gares intermédiaires.<br><a href=""https://transilien.com/sites/transilien/files/sentinelle-20220103-h-pno-luz-0301-1612.pdf"" target=""""></a><a href=""https://www.transilien.com/sites/transilien/files/sentinelle-20220301-h-parisnord-luzarches-jusquau16decembre-sf21juin.pdf"" target=""""><br>Pour plus d'informations, cliquez ici pour télécharger l'affiche PDF</a><br>Les horaires du calculateur d'itinéraire tiennent compte des travaux.<br>Motif : travaux.</p> / Ligne H : Paris Nord - Luzarches 03/01-16/12";20220415T171513;Transilien Train Transilien H;d90114ec-bcce-11ec-be82-005056a47b86;travaux
active;Incidents;30;perturbée;SIGNIFICANT_DELAYS;20220112T223000;20220113T030000;d90114ec-bcce-11ec-be82-005056a47b86;" / Ligne H : Paris Nord - Luzarches 03/01-16/12 / <p>Période : en soirée.<br>Dates : du lundi 03 janvier au vendredi 16 décembre 2022, sauf les week-ends.<br>Le trafic est interrompu entre Paris Gare du Nord et Luzarches.<br>Un service de bus de remplacement est mis en place, avec desserte des gares intermédiaires.<br><a href=""https://transilien.com/sites/transilien/files/sentinelle-20220103-h-pno-luz-0301-1612.pdf"" target=""""></a><a href=""https://www.transilien.com/sites/transilien/files/sentinelle-20220301-h-parisnord-luzarches-jusquau16decembre-sf21juin.pdf"" target=""""><br>Pour plus d'informations, cliquez ici pour télécharger l'affiche PDF</a><br>Les horaires du calculateur d'itinéraire tiennent compte des travaux.<br>Motif : travaux.</p> / Ligne H : Paris Nord - Luzarches 03/01-16/12";20220415T171513;Transilien Train Transilien H;d90114ec-bcce-11ec-be82-005056a47b86;travaux
active;Incidents;30;perturbée;SIGNIFICANT_DELAYS;20220617T223000;20220618T030000;d90114ec-bcce-11ec-be82-005056a47b86;" / Ligne H : Paris Nord - Luzarches 03/01-16/12 / <p>Période : en soirée.<br>Dates : du lundi 03 janvier au vendredi 16 décembre 2022, sauf les week-ends.<br>Le trafic est interrompu entre Paris Gare du Nord et Luzarches.<br>Un service de bus de remplacement est mis en place, avec desserte des gares intermédiaires.<br><a href=""https://transilien.com/sites/transilien/files/sentinelle-20220103-h-pno-luz-0301-1612.pdf"" target=""""></a><a href=""https://www.transilien.com/sites/transilien/files/sentinelle-20220301-h-parisnord-luzarches-jusquau16decembre-sf21juin.pdf"" target=""""><br>Pour plus d'informations, cliquez ici pour télécharger l'affiche PDF</a><br>Les horaires du calculateur d'itinéraire tiennent compte des travaux.<br>Motif : travaux.</p> / Ligne H : Paris Nord - Luzarches 03/01-16/12";20220415T171513;Transilien Train Transilien H;d90114ec-bcce-11ec-be82-005056a47b86;travaux
active;Incidents;30;perturbée;SIGNIFICANT_DELAYS;20220801T223000;20220802T030000;d90114ec-bcce-11ec-be82-005056a47b86;" / Ligne H : Paris Nord - Luzarches 03/01-16/12 / <p>Période : en soirée.<br>Dates : du lundi 03 janvier au vendredi 16 décembre 2022, sauf les week-ends.<br>Le trafic est interrompu entre Paris Gare du Nord et Luzarches.<br>Un service de bus de remplacement est mis en place, avec desserte des gares intermédiaires.<br><a href=""https://transilien.com/sites/transilien/files/sentinelle-20220103-h-pno-luz-0301-1612.pdf"" target=""""></a><a href=""https://www.transilien.com/sites/transilien/files/sentinelle-20220301-h-parisnord-luzarches-jusquau16decembre-sf21juin.pdf"" target=""""><br>Pour plus d'informations, cliquez ici pour télécharger l'affiche PDF</a><br>Les horaires du calculateur d'itinéraire tiennent compte des travaux.<br>Motif : travaux.</p> / Ligne H : Paris Nord - Luzarches 03/01-16/12";20220415T171513;Transilien Train Transilien H;d90114ec-bcce-11ec-be82-005056a47b86;travaux
active;Incidents;30;perturbée;SIGNIFICANT_DELAYS;20220207T223000;20220208T030000;d90114ec-bcce-11ec-be82-005056a47b86;" / Ligne H : Paris Nord - Luzarches 03/01-16/12 / <p>Période : en soirée.<br>Dates : du lundi 03 janvier au vendredi 16 décembre 2022, sauf les week-ends.<br>Le trafic est interrompu entre Paris Gare du Nord et Luzarches.<br>Un service de bus de remplacement est mis en place, avec desserte des gares intermédiaires.<br><a href=""https://transilien.com/sites/transilien/files/sentinelle-20220103-h-pno-luz-0301-1612.pdf"" target=""""></a><a href=""https://www.transilien.com/sites/transilien/files/sentinelle-20220301-h-parisnord-luzarches-jusquau16decembre-sf21juin.pdf"" target=""""><br>Pour plus d'informations, cliquez ici pour télécharger l'affiche PDF</a><br>Les horaires du calculateur d'itinéraire tiennent compte des travaux.<br>Motif : travaux.</p> / Ligne H : Paris Nord - Luzarches 03/01-16/12";20220415T171513;Transilien Train Transilien H;d90114ec-bcce-11ec-be82-005056a47b86;travaux
active;Incidents;30;perturbée;SIGNIFICANT_DELAYS;20220104T223000;20220105T030000;d90114ec-bcce-11ec-be82-005056a47b86;" / Ligne H : Paris Nord - Luzarches 03/01-16/12 / <p>Période : en soirée.<br>Dates : du lundi 03 janvier au vendredi 16 décembre 2022, sauf les week-ends.<br>Le trafic est interrompu entre Paris Gare du Nord et Luzarches.<br>Un service de bus de remplacement est mis en place, avec desserte des gares intermédiaires.<br><a href=""https://transilien.com/sites/transilien/files/sentinelle-20220103-h-pno-luz-0301-1612.pdf"" target=""""></a><a href=""https://www.transilien.com/sites/transilien/files/sentinelle-20220301-h-parisnord-luzarches-jusquau16decembre-sf21juin.pdf"" target=""""><br>Pour plus d'informations, cliquez ici pour télécharger l'affiche PDF</a><br>Les horaires du calculateur d'itinéraire tiennent compte des travaux.<br>Motif : travaux.</p> / Ligne H : Paris Nord - Luzarches 03/01-16/12";20220415T171513;Transilien Train Transilien H;d90114ec-bcce-11ec-be82-005056a47b86;travaux
active;Incidents;30;perturbée;SIGNIFICANT_DELAYS;20220713T223000;20220714T030000;d90114ec-bcce-11ec-be82-005056a47b86;" / Ligne H : Paris Nord - Luzarches 03/01-16/12 / <p>Période : en soirée.<br>Dates : du lundi 03 janvier au vendredi 16 décembre 2022, sauf les week-ends.<br>Le trafic est interrompu entre Paris Gare du Nord et Luzarches.<br>Un service de bus de remplacement est mis en place, avec desserte des gares intermédiaires.<br><a href=""https://transilien.com/sites/transilien/files/sentinelle-20220103-h-pno-luz-0301-1612.pdf"" target=""""></a><a href=""https://www.transilien.com/sites/transilien/files/sentinelle-20220301-h-parisnord-luzarches-jusquau16decembre-sf21juin.pdf"" target=""""><br>Pour plus d'informations, cliquez ici pour télécharger l'affiche PDF</a><br>Les horaires du calculateur d'itinéraire tiennent compte des travaux.<br>Motif : travaux.</p> / Ligne H : Paris Nord - Luzarches 03/01-16/12";20220415T171513;Transilien Train Transilien H;d90114ec-bcce-11ec-be82-005056a47b86;travaux
active;Incidents;30;perturbée;SIGNIFICANT_DELAYS;20220913T223000;20220914T030000;d90114ec-bcce-11ec-be82-005056a47b86;" / Ligne H : Paris Nord - Luzarches 03/01-16/12 / <p>Période : en soirée.<br>Dates : du lundi 03 janvier au vendredi 16 décembre 2022, sauf les week-ends.<br>Le trafic est interrompu entre Paris Gare du Nord et Luzarches.<br>Un service de bus de remplacement est mis en place, avec desserte des gares intermédiaires.<br><a href=""https://transilien.com/sites/transilien/files/sentinelle-20220103-h-pno-luz-0301-1612.pdf"" target=""""></a><a href=""https://www.transilien.com/sites/transilien/files/sentinelle-20220301-h-parisnord-luzarches-jusquau16decembre-sf21juin.pdf"" target=""""><br>Pour plus d'informations, cliquez ici pour télécharger l'affiche PDF</a><br>Les horaires du calculateur d'itinéraire tiennent compte des travaux.<br>Motif : travaux.</p> / Ligne H : Paris Nord - Luzarches 03/01-16/12";20220415T171513;Transilien Train Transilien H;d90114ec-bcce-11ec-be82-005056a47b86;travaux
active;Incidents;30;perturbée;SIGNIFICANT_DELAYS;20220105T223000;20220106T030000;d90114ec-bcce-11ec-be82-005056a47b86;" / Ligne H : Paris Nord - Luzarches 03/01-16/12 / <p>Période : en soirée.<br>Dates : du lundi 03 janvier au vendredi 16 décembre 2022, sauf les week-ends.<br>Le trafic est interrompu entre Paris Gare du Nord et Luzarches.<br>Un service de bus de remplacement est mis en place, avec desserte des gares intermédiaires.<br><a href=""https://transilien.com/sites/transilien/files/sentinelle-20220103-h-pno-luz-0301-1612.pdf"" target=""""></a><a href=""https://www.transilien.com/sites/transilien/files/sentinelle-20220301-h-parisnord-luzarches-jusquau16decembre-sf21juin.pdf"" target=""""><br>Pour plus d'informations, cliquez ici pour télécharger l'affiche PDF</a><br>Les horaires du calculateur d'itinéraire tiennent compte des travaux.<br>Motif : travaux.</p> / Ligne H : Paris Nord - Luzarches 03/01-16/12";20220415T171513;Transilien Train Transilien H;d90114ec-bcce-11ec-be82-005056a47b86;travaux
active;Incidents;30;perturbée;SIGNIFICANT_DELAYS;20220418T223000;20220419T030000;d90114ec-bcce-11ec-be82-005056a47b86;" / Ligne H : Paris Nord - Luzarches 03/01-16/12 / <p>Période : en soirée.<br>Dates : du lundi 03 janvier au vendredi 16 décembre 2022, sauf les week-ends.<br>Le trafic est interrompu entre Paris Gare du Nord et Luzarches.<br>Un service de bus de remplacement est mis en place, avec desserte des gares intermédiaires.<br><a href=""https://transilien.com/sites/transilien/files/sentinelle-20220103-h-pno-luz-0301-1612.pdf"" target=""""></a><a href=""https://www.transilien.com/sites/transilien/files/sentinelle-20220301-h-parisnord-luzarches-jusquau16decembre-sf21juin.pdf"" target=""""><br>Pour plus d'informations, cliquez ici pour télécharger l'affiche PDF</a><br>Les horaires du calculateur d'itinéraire tiennent compte des travaux.<br>Motif : travaux.</p> / Ligne H : Paris Nord - Luzarches 03/01-16/12";20220415T171513;Transilien Train Transilien H;d90114ec-bcce-11ec-be82-005056a47b86;travaux
active;Incidents;30;perturbée;SIGNIFICANT_DELAYS;20220815T223000;20220816T030000;d90114ec-bcce-11ec-be82-005056a47b86;" / Ligne H : Paris Nord - Luzarches 03/01-16/12 / <p>Période : en soirée.<br>Dates : du lundi 03 janvier au vendredi 16 décembre 2022, sauf les week-ends.<br>Le trafic est interrompu entre Paris Gare du Nord et Luzarches.<br>Un service de bus de remplacement est mis en place, avec desserte des gares intermédiaires.<br><a href=""https://transilien.com/sites/transilien/files/sentinelle-20220103-h-pno-luz-0301-1612.pdf"" target=""""></a><a href=""https://www.transilien.com/sites/transilien/files/sentinelle-20220301-h-parisnord-luzarches-jusquau16decembre-sf21juin.pdf"" target=""""><br>Pour plus d'informations, cliquez ici pour télécharger l'affiche PDF</a><br>Les horaires du calculateur d'itinéraire tiennent compte des travaux.<br>Motif : travaux.</p> / Ligne H : Paris Nord - Luzarches 03/01-16/12";20220415T171513;Transilien Train Transilien H;d90114ec-bcce-11ec-be82-005056a47b86;travaux
active;Incidents;30;perturbée;SIGNIFICANT_DELAYS;20221007T223000;20221008T030000;d90114ec-bcce-11ec-be82-005056a47b86;" / Ligne H : Paris Nord - Luzarches 03/01-16/12 / <p>Période : en soirée.<br>Dates : du lundi 03 janvier au vendredi 16 décembre 2022, sauf les week-ends.<br>Le trafic est interrompu entre Paris Gare du Nord et Luzarches.<br>Un service de bus de remplacement est mis en place, avec desserte des gares intermédiaires.<br><a href=""https://transilien.com/sites/transilien/files/sentinelle-20220103-h-pno-luz-0301-1612.pdf"" target=""""></a><a href=""https://www.transilien.com/sites/transilien/files/sentinelle-20220301-h-parisnord-luzarches-jusquau16decembre-sf21juin.pdf"" target=""""><br>Pour plus d'informations, cliquez ici pour télécharger l'affiche PDF</a><br>Les horaires du calculateur d'itinéraire tiennent compte des travaux.<br>Motif : travaux.</p> / Ligne H : Paris Nord - Luzarches 03/01-16/12";20220415T171513;Transilien Train Transilien H;d90114ec-bcce-11ec-be82-005056a47b86;travaux
active;Incidents;30;perturbée;SIGNIFICANT_DELAYS;20220421T223000;20220422T030000;d90114ec-bcce-11ec-be82-005056a47b86;" / Ligne H : Paris Nord - Luzarches 03/01-16/12 / <p>Période : en soirée.<br>Dates : du lundi 03 janvier au vendredi 16 décembre 2022, sauf les week-ends.<br>Le trafic est interrompu entre Paris Gare du Nord et Luzarches.<br>Un service de bus de remplacement est mis en place, avec desserte des gares intermédiaires.<br><a href=""https://transilien.com/sites/transilien/files/sentinelle-20220103-h-pno-luz-0301-1612.pdf"" target=""""></a><a href=""https://www.transilien.com/sites/transilien/files/sentinelle-20220301-h-parisnord-luzarches-jusquau16decembre-sf21juin.pdf"" target=""""><br>Pour plus d'informations, cliquez ici pour télécharger l'affiche PDF</a><br>Les horaires du calculateur d'itinéraire tiennent compte des travaux.<br>Motif : travaux.</p> / Ligne H : Paris Nord - Luzarches 03/01-16/12";20220415T171513;Transilien Train Transilien H;d90114ec-bcce-11ec-be82-005056a47b86;travaux
active;Incidents;30;perturbée;SIGNIFICANT_DELAYS;20220511T223000;20220512T030000;d90114ec-bcce-11ec-be82-005056a47b86;" / Ligne H : Paris Nord - Luzarches 03/01-16/12 / <p>Période : en soirée.<br>Dates : du lundi 03 janvier au vendredi 16 décembre 2022, sauf les week-ends.<br>Le trafic est interrompu entre Paris Gare du Nord et Luzarches.<br>Un service de bus de remplacement est mis en place, avec desserte des gares intermédiaires.<br><a href=""https://transilien.com/sites/transilien/files/sentinelle-20220103-h-pno-luz-0301-1612.pdf"" target=""""></a><a href=""https://www.transilien.com/sites/transilien/files/sentinelle-20220301-h-parisnord-luzarches-jusquau16decembre-sf21juin.pdf"" target=""""><br>Pour plus d'informations, cliquez ici pour télécharger l'affiche PDF</a><br>Les horaires du calculateur d'itinéraire tiennent compte des travaux.<br>Motif : travaux.</p> / Ligne H : Paris Nord - Luzarches 03/01-16/12";20220415T171513;Transilien Train Transilien H;d90114ec-bcce-11ec-be82-005056a47b86;travaux
active;Incidents;30;perturbée;SIGNIFICANT_DELAYS;20220331T223000;20220401T030000;d90114ec-bcce-11ec-be82-005056a47b86;" / Ligne H : Paris Nord - Luzarches 03/01-16/12 / <p>Période : en soirée.<br>Dates : du lundi 03 janvier au vendredi 16 décembre 2022, sauf les week-ends.<br>Le trafic est interrompu entre Paris Gare du Nord et Luzarches.<br>Un service de bus de remplacement est mis en place, avec desserte des gares intermédiaires.<br><a href=""https://transilien.com/sites/transilien/files/sentinelle-20220103-h-pno-luz-0301-1612.pdf"" target=""""></a><a href=""https://www.transilien.com/sites/transilien/files/sentinelle-20220301-h-parisnord-luzarches-jusquau16decembre-sf21juin.pdf"" target=""""><br>Pour plus d'informations, cliquez ici pour télécharger l'affiche PDF</a><br>Les horaires du calculateur d'itinéraire tiennent compte des travaux.<br>Motif : travaux.</p> / Ligne H : Paris Nord - Luzarches 03/01-16/12";20220415T171513;Transilien Train Transilien H;d90114ec-bcce-11ec-be82-005056a47b86;travaux
active;Incidents;30;perturbée;SIGNIFICANT_DELAYS;20220502T223000;20220503T030000;d90114ec-bcce-11ec-be82-005056a47b86;" / Ligne H : Paris Nord - Luzarches 03/01-16/12 / <p>Période : en soirée.<br>Dates : du lundi 03 janvier au vendredi 16 décembre 2022, sauf les week-ends.<br>Le trafic est interrompu entre Paris Gare du Nord et Luzarches.<br>Un service de bus de remplacement est mis en place, avec desserte des gares intermédiaires.<br><a href=""https://transilien.com/sites/transilien/files/sentinelle-20220103-h-pno-luz-0301-1612.pdf"" target=""""></a><a href=""https://www.transilien.com/sites/transilien/files/sentinelle-20220301-h-parisnord-luzarches-jusquau16decembre-sf21juin.pdf"" target=""""><br>Pour plus d'informations, cliquez ici pour télécharger l'affiche PDF</a><br>Les horaires du calculateur d'itinéraire tiennent compte des travaux.<br>Motif : travaux.</p> / Ligne H : Paris Nord - Luzarches 03/01-16/12";20220415T171513;Transilien Train Transilien H;d90114ec-bcce-11ec-be82-005056a47b86;travaux
active;Incidents;30;perturbée;SIGNIFICANT_DELAYS;20220111T223000;20220112T030000;d90114ec-bcce-11ec-be82-005056a47b86;" / Ligne H : Paris Nord - Luzarches 03/01-16/12 / <p>Période : en soirée.<br>Dates : du lundi 03 janvier au vendredi 16 décembre 2022, sauf les week-ends.<br>Le trafic est interrompu entre Paris Gare du Nord et Luzarches.<br>Un service de bus de remplacement est mis en place, avec desserte des gares intermédiaires.<br><a href=""https://transilien.com/sites/transilien/files/sentinelle-20220103-h-pno-luz-0301-1612.pdf"" target=""""></a><a href=""https://www.transilien.com/sites/transilien/files/sentinelle-20220301-h-parisnord-luzarches-jusquau16decembre-sf21juin.pdf"" target=""""><br>Pour plus d'informations, cliquez ici pour télécharger l'affiche PDF</a><br>Les horaires du calculateur d'itinéraire tiennent compte des travaux.<br>Motif : travaux.</p> / Ligne H : Paris Nord - Luzarches 03/01-16/12";20220415T171513;Transilien Train Transilien H;d90114ec-bcce-11ec-be82-005056a47b86;travaux
active;Incidents;30;perturbée;SIGNIFICANT_DELAYS;20220817T223000;20220818T030000;d90114ec-bcce-11ec-be82-005056a47b86;" / Ligne H : Paris Nord - Luzarches 03/01-16/12 / <p>Période : en soirée.<br>Dates : du lundi 03 janvier au vendredi 16 décembre 2022, sauf les week-ends.<br>Le trafic est interrompu entre Paris Gare du Nord et Luzarches.<br>Un service de bus de remplacement est mis en place, avec desserte des gares intermédiaires.<br><a href=""https://transilien.com/sites/transilien/files/sentinelle-20220103-h-pno-luz-0301-1612.pdf"" target=""""></a><a href=""https://www.transilien.com/sites/transilien/files/sentinelle-20220301-h-parisnord-luzarches-jusquau16decembre-sf21juin.pdf"" target=""""><br>Pour plus d'informations, cliquez ici pour télécharger l'affiche PDF</a><br>Les horaires du calculateur d'itinéraire tiennent compte des travaux.<br>Motif : travaux.</p> / Ligne H : Paris Nord - Luzarches 03/01-16/12";20220415T171513;Transilien Train Transilien H;d90114ec-bcce-11ec-be82-005056a47b86;travaux
active;Incidents;30;perturbée;SIGNIFICANT_DELAYS;20220304T223000;20220305T030000;d90114ec-bcce-11ec-be82-005056a47b86;" / Ligne H : Paris Nord - Luzarches 03/01-16/12 / <p>Période : en soirée.<br>Dates : du lundi 03 janvier au vendredi 16 décembre 2022, sauf les week-ends.<br>Le trafic est interrompu entre Paris Gare du Nord et Luzarches.<br>Un service de bus de remplacement est mis en place, avec desserte des gares intermédiaires.<br><a href=""https://transilien.com/sites/transilien/files/sentinelle-20220103-h-pno-luz-0301-1612.pdf"" target=""""></a><a href=""https://www.transilien.com/sites/transilien/files/sentinelle-20220301-h-parisnord-luzarches-jusquau16decembre-sf21juin.pdf"" target=""""><br>Pour plus d'informations, cliquez ici pour télécharger l'affiche PDF</a><br>Les horaires du calculateur d'itinéraire tiennent compte des travaux.<br>Motif : travaux.</p> / Ligne H : Paris Nord - Luzarches 03/01-16/12";20220415T171513;Transilien Train Transilien H;d90114ec-bcce-11ec-be82-005056a47b86;travaux
active;Incidents;30;perturbée;SIGNIFICANT_DELAYS;20220622T223000;20220623T030000;d90114ec-bcce-11ec-be82-005056a47b86;" / Ligne H : Paris Nord - Luzarches 03/01-16/12 / <p>Période : en soirée.<br>Dates : du lundi 03 janvier au vendredi 16 décembre 2022, sauf les week-ends.<br>Le trafic est interrompu entre Paris Gare du Nord et Luzarches.<br>Un service de bus de remplacement est mis en place, avec desserte des gares intermédiaires.<br><a href=""https://transilien.com/sites/transilien/files/sentinelle-20220103-h-pno-luz-0301-1612.pdf"" target=""""></a><a href=""https://www.transilien.com/sites/transilien/files/sentinelle-20220301-h-parisnord-luzarches-jusquau16decembre-sf21juin.pdf"" target=""""><br>Pour plus d'informations, cliquez ici pour télécharger l'affiche PDF</a><br>Les horaires du calculateur d'itinéraire tiennent compte des travaux.<br>Motif : travaux.</p> / Ligne H : Paris Nord - Luzarches 03/01-16/12";20220415T171513;Transilien Train Transilien H;d90114ec-bcce-11ec-be82-005056a47b86;travaux
active;Incidents;30;perturbée;SIGNIFICANT_DELAYS;20220711T223000;20220712T030000;d90114ec-bcce-11ec-be82-005056a47b86;" / Ligne H : Paris Nord - Luzarches 03/01-16/12 / <p>Période : en soirée.<br>Dates : du lundi 03 janvier au vendredi 16 décembre 2022, sauf les week-ends.<br>Le trafic est interrompu entre Paris Gare du Nord et Luzarches.<br>Un service de bus de remplacement est mis en place, avec desserte des gares intermédiaires.<br><a href=""https://transilien.com/sites/transilien/files/sentinelle-20220103-h-pno-luz-0301-1612.pdf"" target=""""></a><a href=""https://www.transilien.com/sites/transilien/files/sentinelle-20220301-h-parisnord-luzarches-jusquau16decembre-sf21juin.pdf"" target=""""><br>Pour plus d'informations, cliquez ici pour télécharger l'affiche PDF</a><br>Les horaires du calculateur d'itinéraire tiennent compte des travaux.<br>Motif : travaux.</p> / Ligne H : Paris Nord - Luzarches 03/01-16/12";20220415T171513;Transilien Train Transilien H;d90114ec-bcce-11ec-be82-005056a47b86;travaux
active;Incidents;30;perturbée;SIGNIFICANT_DELAYS;20220426T223000;20220427T030000;d90114ec-bcce-11ec-be82-005056a47b86;" / Ligne H : Paris Nord - Luzarches 03/01-16/12 / <p>Période : en soirée.<br>Dates : du lundi 03 janvier au vendredi 16 décembre 2022, sauf les week-ends.<br>Le trafic est interrompu entre Paris Gare du Nord et Luzarches.<br>Un service de bus de remplacement est mis en place, avec desserte des gares intermédiaires.<br><a href=""https://transilien.com/sites/transilien/files/sentinelle-20220103-h-pno-luz-0301-1612.pdf"" target=""""></a><a href=""https://www.transilien.com/sites/transilien/files/sentinelle-20220301-h-parisnord-luzarches-jusquau16decembre-sf21juin.pdf"" target=""""><br>Pour plus d'informations, cliquez ici pour télécharger l'affiche PDF</a><br>Les horaires du calculateur d'itinéraire tiennent compte des travaux.<br>Motif : travaux.</p> / Ligne H : Paris Nord - Luzarches 03/01-16/12";20220415T171513;Transilien Train Transilien H;d90114ec-bcce-11ec-be82-005056a47b86;travaux
active;Incidents;30;perturbée;SIGNIFICANT_DELAYS;20220718T223000;20220719T030000;d90114ec-bcce-11ec-be82-005056a47b86;" / Ligne H : Paris Nord - Luzarches 03/01-16/12 / <p>Période : en soirée.<br>Dates : du lundi 03 janvier au vendredi 16 décembre 2022, sauf les week-ends.<br>Le trafic est interrompu entre Paris Gare du Nord et Luzarches.<br>Un service de bus de remplacement est mis en place, avec desserte des gares intermédiaires.<br><a href=""https://transilien.com/sites/transilien/files/sentinelle-20220103-h-pno-luz-0301-1612.pdf"" target=""""></a><a href=""https://www.transilien.com/sites/transilien/files/sentinelle-20220301-h-parisnord-luzarches-jusquau16decembre-sf21juin.pdf"" target=""""><br>Pour plus d'informations, cliquez ici pour télécharger l'affiche PDF</a><br>Les horaires du calculateur d'itinéraire tiennent compte des travaux.<br>Motif : travaux.</p> / Ligne H : Paris Nord - Luzarches 03/01-16/12";20220415T171513;Transilien Train Transilien H;d90114ec-bcce-11ec-be82-005056a47b86;travaux
active;Incidents;30;perturbée;SIGNIFICANT_DELAYS;20220715T223000;20220716T030000;d90114ec-bcce-11ec-be82-005056a47b86;" / Ligne H : Paris Nord - Luzarches 03/01-16/12 / <p>Période : en soirée.<br>Dates : du lundi 03 janvier au vendredi 16 décembre 2022, sauf les week-ends.<br>Le trafic est interrompu entre Paris Gare du Nord et Luzarches.<br>Un service de bus de remplacement est mis en place, avec desserte des gares intermédiaires.<br><a href=""https://transilien.com/sites/transilien/files/sentinelle-20220103-h-pno-luz-0301-1612.pdf"" target=""""></a><a href=""https://www.transilien.com/sites/transilien/files/sentinelle-20220301-h-parisnord-luzarches-jusquau16decembre-sf21juin.pdf"" target=""""><br>Pour plus d'informations, cliquez ici pour télécharger l'affiche PDF</a><br>Les horaires du calculateur d'itinéraire tiennent compte des travaux.<br>Motif : travaux.</p> / Ligne H : Paris Nord - Luzarches 03/01-16/12";20220415T171513;Transilien Train Transilien H;d90114ec-bcce-11ec-be82-005056a47b86;travaux
active;Incidents;30;perturbée;SIGNIFICANT_DELAYS;20220922T223000;20220923T030000;d90114ec-bcce-11ec-be82-005056a47b86;" / Ligne H : Paris Nord - Luzarches 03/01-16/12 / <p>Période : en soirée.<br>Dates : du lundi 03 janvier au vendredi 16 décembre 2022, sauf les week-ends.<br>Le trafic est interrompu entre Paris Gare du Nord et Luzarches.<br>Un service de bus de remplacement est mis en place, avec desserte des gares intermédiaires.<br><a href=""https://transilien.com/sites/transilien/files/sentinelle-20220103-h-pno-luz-0301-1612.pdf"" target=""""></a><a href=""https://www.transilien.com/sites/transilien/files/sentinelle-20220301-h-parisnord-luzarches-jusquau16decembre-sf21juin.pdf"" target=""""><br>Pour plus d'informations, cliquez ici pour télécharger l'affiche PDF</a><br>Les horaires du calculateur d'itinéraire tiennent compte des travaux.<br>Motif : travaux.</p> / Ligne H : Paris Nord - Luzarches 03/01-16/12";20220415T171513;Transilien Train Transilien H;d90114ec-bcce-11ec-be82-005056a47b86;travaux
active;Incidents;30;perturbée;SIGNIFICANT_DELAYS;20220215T223000;20220216T030000;d90114ec-bcce-11ec-be82-005056a47b86;" / Ligne H : Paris Nord - Luzarches 03/01-16/12 / <p>Période : en soirée.<br>Dates : du lundi 03 janvier au vendredi 16 décembre 2022, sauf les week-ends.<br>Le trafic est interrompu entre Paris Gare du Nord et Luzarches.<br>Un service de bus de remplacement est mis en place, avec desserte des gares intermédiaires.<br><a href=""https://transilien.com/sites/transilien/files/sentinelle-20220103-h-pno-luz-0301-1612.pdf"" target=""""></a><a href=""https://www.transilien.com/sites/transilien/files/sentinelle-20220301-h-parisnord-luzarches-jusquau16decembre-sf21juin.pdf"" target=""""><br>Pour plus d'informations, cliquez ici pour télécharger l'affiche PDF</a><br>Les horaires du calculateur d'itinéraire tiennent compte des travaux.<br>Motif : travaux.</p> / Ligne H : Paris Nord - Luzarches 03/01-16/12";20220415T171513;Transilien Train Transilien H;d90114ec-bcce-11ec-be82-005056a47b86;travaux
active;Incidents;30;perturbée;SIGNIFICANT_DELAYS;20220321T223000;20220322T030000;d90114ec-bcce-11ec-be82-005056a47b86;" / Ligne H : Paris Nord - Luzarches 03/01-16/12 / <p>Période : en soirée.<br>Dates : du lundi 03 janvier au vendredi 16 décembre 2022, sauf les week-ends.<br>Le trafic est interrompu entre Paris Gare du Nord et Luzarches.<br>Un service de bus de remplacement est mis en place, avec desserte des gares intermédiaires.<br><a href=""https://transilien.com/sites/transilien/files/sentinelle-20220103-h-pno-luz-0301-1612.pdf"" target=""""></a><a href=""https://www.transilien.com/sites/transilien/files/sentinelle-20220301-h-parisnord-luzarches-jusquau16decembre-sf21juin.pdf"" target=""""><br>Pour plus d'informations, cliquez ici pour télécharger l'affiche PDF</a><br>Les horaires du calculateur d'itinéraire tiennent compte des travaux.<br>Motif : travaux.</p> / Ligne H : Paris Nord - Luzarches 03/01-16/12";20220415T171513;Transilien Train Transilien H;d90114ec-bcce-11ec-be82-005056a47b86;travaux
active;Incidents;30;perturbée;SIGNIFICANT_DELAYS;20220831T223000;20220901T030000;d90114ec-bcce-11ec-be82-005056a47b86;" / Ligne H : Paris Nord - Luzarches 03/01-16/12 / <p>Période : en soirée.<br>Dates : du lundi 03 janvier au vendredi 16 décembre 2022, sauf les week-ends.<br>Le trafic est interrompu entre Paris Gare du Nord et Luzarches.<br>Un service de bus de remplacement est mis en place, avec desserte des gares intermédiaires.<br><a href=""https://transilien.com/sites/transilien/files/sentinelle-20220103-h-pno-luz-0301-1612.pdf"" target=""""></a><a href=""https://www.transilien.com/sites/transilien/files/sentinelle-20220301-h-parisnord-luzarches-jusquau16decembre-sf21juin.pdf"" target=""""><br>Pour plus d'informations, cliquez ici pour télécharger l'affiche PDF</a><br>Les horaires du calculateur d'itinéraire tiennent compte des travaux.<br>Motif : travaux.</p> / Ligne H : Paris Nord - Luzarches 03/01-16/12";20220415T171513;Transilien Train Transilien H;d90114ec-bcce-11ec-be82-005056a47b86;travaux
active;Incidents;30;perturbée;SIGNIFICANT_DELAYS;20220425T223000;20220426T030000;d90114ec-bcce-11ec-be82-005056a47b86;" / Ligne H : Paris Nord - Luzarches 03/01-16/12 / <p>Période : en soirée.<br>Dates : du lundi 03 janvier au vendredi 16 décembre 2022, sauf les week-ends.<br>Le trafic est interrompu entre Paris Gare du Nord et Luzarches.<br>Un service de bus de remplacement est mis en place, avec desserte des gares intermédiaires.<br><a href=""https://transilien.com/sites/transilien/files/sentinelle-20220103-h-pno-luz-0301-1612.pdf"" target=""""></a><a href=""https://www.transilien.com/sites/transilien/files/sentinelle-20220301-h-parisnord-luzarches-jusquau16decembre-sf21juin.pdf"" target=""""><br>Pour plus d'informations, cliquez ici pour télécharger l'affiche PDF</a><br>Les horaires du calculateur d'itinéraire tiennent compte des travaux.<br>Motif : travaux.</p> / Ligne H : Paris Nord - Luzarches 03/01-16/12";20220415T171513;Transilien Train Transilien H;d90114ec-bcce-11ec-be82-005056a47b86;travaux
active;Incidents;30;perturbée;SIGNIFICANT_DELAYS;20220420T223000;20220421T030000;d90114ec-bcce-11ec-be82-005056a47b86;" / Ligne H : Paris Nord - Luzarches 03/01-16/12 / <p>Période : en soirée.<br>Dates : du lundi 03 janvier au vendredi 16 décembre 2022, sauf les week-ends.<br>Le trafic est interrompu entre Paris Gare du Nord et Luzarches.<br>Un service de bus de remplacement est mis en place, avec desserte des gares intermédiaires.<br><a href=""https://transilien.com/sites/transilien/files/sentinelle-20220103-h-pno-luz-0301-1612.pdf"" target=""""></a><a href=""https://www.transilien.com/sites/transilien/files/sentinelle-20220301-h-parisnord-luzarches-jusquau16decembre-sf21juin.pdf"" target=""""><br>Pour plus d'informations, cliquez ici pour télécharger l'affiche PDF</a><br>Les horaires du calculateur d'itinéraire tiennent compte des travaux.<br>Motif : travaux.</p> / Ligne H : Paris Nord - Luzarches 03/01-16/12";20220415T171513;Transilien Train Transilien H;d90114ec-bcce-11ec-be82-005056a47b86;travaux
active;Incidents;30;perturbée;SIGNIFICANT_DELAYS;20220118T223000;20220119T030000;d90114ec-bcce-11ec-be82-005056a47b86;" / Ligne H : Paris Nord - Luzarches 03/01-16/12 / <p>Période : en soirée.<br>Dates : du lundi 03 janvier au vendredi 16 décembre 2022, sauf les week-ends.<br>Le trafic est interrompu entre Paris Gare du Nord et Luzarches.<br>Un service de bus de remplacement est mis en place, avec desserte des gares intermédiaires.<br><a href=""https://transilien.com/sites/transilien/files/sentinelle-20220103-h-pno-luz-0301-1612.pdf"" target=""""></a><a href=""https://www.transilien.com/sites/transilien/files/sentinelle-20220301-h-parisnord-luzarches-jusquau16decembre-sf21juin.pdf"" target=""""><br>Pour plus d'informations, cliquez ici pour télécharger l'affiche PDF</a><br>Les horaires du calculateur d'itinéraire tiennent compte des travaux.<br>Motif : travaux.</p> / Ligne H : Paris Nord - Luzarches 03/01-16/12";20220415T171513;Transilien Train Transilien H;d90114ec-bcce-11ec-be82-005056a47b86;travaux
active;Incidents;30;perturbée;SIGNIFICANT_DELAYS;20220322T223000;20220323T030000;d90114ec-bcce-11ec-be82-005056a47b86;" / Ligne H : Paris Nord - Luzarches 03/01-16/12 / <p>Période : en soirée.<br>Dates : du lundi 03 janvier au vendredi 16 décembre 2022, sauf les week-ends.<br>Le trafic est interrompu entre Paris Gare du Nord et Luzarches.<br>Un service de bus de remplacement est mis en place, avec desserte des gares intermédiaires.<br><a href=""https://transilien.com/sites/transilien/files/sentinelle-20220103-h-pno-luz-0301-1612.pdf"" target=""""></a><a href=""https://www.transilien.com/sites/transilien/files/sentinelle-20220301-h-parisnord-luzarches-jusquau16decembre-sf21juin.pdf"" target=""""><br>Pour plus d'informations, cliquez ici pour télécharger l'affiche PDF</a><br>Les horaires du calculateur d'itinéraire tiennent compte des travaux.<br>Motif : travaux.</p> / Ligne H : Paris Nord - Luzarches 03/01-16/12";20220415T171513;Transilien Train Transilien H;d90114ec-bcce-11ec-be82-005056a47b86;travaux
active;Incidents;30;perturbée;SIGNIFICANT_DELAYS;20220902T223000;20220903T030000;d90114ec-bcce-11ec-be82-005056a47b86;" / Ligne H : Paris Nord - Luzarches 03/01-16/12 / <p>Période : en soirée.<br>Dates : du lundi 03 janvier au vendredi 16 décembre 2022, sauf les week-ends.<br>Le trafic est interrompu entre Paris Gare du Nord et Luzarches.<br>Un service de bus de remplacement est mis en place, avec desserte des gares intermédiaires.<br><a href=""https://transilien.com/sites/transilien/files/sentinelle-20220103-h-pno-luz-0301-1612.pdf"" target=""""></a><a href=""https://www.transilien.com/sites/transilien/files/sentinelle-20220301-h-parisnord-luzarches-jusquau16decembre-sf21juin.pdf"" target=""""><br>Pour plus d'informations, cliquez ici pour télécharger l'affiche PDF</a><br>Les horaires du calculateur d'itinéraire tiennent compte des travaux.<br>Motif : travaux.</p> / Ligne H : Paris Nord - Luzarches 03/01-16/12";20220415T171513;Transilien Train Transilien H;d90114ec-bcce-11ec-be82-005056a47b86;travaux
active;Incidents;30;perturbée;SIGNIFICANT_DELAYS;20220823T223000;20220824T030000;d90114ec-bcce-11ec-be82-005056a47b86;" / Ligne H : Paris Nord - Luzarches 03/01-16/12 / <p>Période : en soirée.<br>Dates : du lundi 03 janvier au vendredi 16 décembre 2022, sauf les week-ends.<br>Le trafic est interrompu entre Paris Gare du Nord et Luzarches.<br>Un service de bus de remplacement est mis en place, avec desserte des gares intermédiaires.<br><a href=""https://transilien.com/sites/transilien/files/sentinelle-20220103-h-pno-luz-0301-1612.pdf"" target=""""></a><a href=""https://www.transilien.com/sites/transilien/files/sentinelle-20220301-h-parisnord-luzarches-jusquau16decembre-sf21juin.pdf"" target=""""><br>Pour plus d'informations, cliquez ici pour télécharger l'affiche PDF</a><br>Les horaires du calculateur d'itinéraire tiennent compte des travaux.<br>Motif : travaux.</p> / Ligne H : Paris Nord - Luzarches 03/01-16/12";20220415T171513;Transilien Train Transilien H;d90114ec-bcce-11ec-be82-005056a47b86;travaux
active;Incidents;30;perturbée;SIGNIFICANT_DELAYS;20220810T223000;20220811T030000;d90114ec-bcce-11ec-be82-005056a47b86;" / Ligne H : Paris Nord - Luzarches 03/01-16/12 / <p>Période : en soirée.<br>Dates : du lundi 03 janvier au vendredi 16 décembre 2022, sauf les week-ends.<br>Le trafic est interrompu entre Paris Gare du Nord et Luzarches.<br>Un service de bus de remplacement est mis en place, avec desserte des gares intermédiaires.<br><a href=""https://transilien.com/sites/transilien/files/sentinelle-20220103-h-pno-luz-0301-1612.pdf"" target=""""></a><a href=""https://www.transilien.com/sites/transilien/files/sentinelle-20220301-h-parisnord-luzarches-jusquau16decembre-sf21juin.pdf"" target=""""><br>Pour plus d'informations, cliquez ici pour télécharger l'affiche PDF</a><br>Les horaires du calculateur d'itinéraire tiennent compte des travaux.<br>Motif : travaux.</p> / Ligne H : Paris Nord - Luzarches 03/01-16/12";20220415T171513;Transilien Train Transilien H;d90114ec-bcce-11ec-be82-005056a47b86;travaux
active;Incidents;30;perturbée;SIGNIFICANT_DELAYS;20220217T223000;20220218T030000;d90114ec-bcce-11ec-be82-005056a47b86;" / Ligne H : Paris Nord - Luzarches 03/01-16/12 / <p>Période : en soirée.<br>Dates : du lundi 03 janvier au vendredi 16 décembre 2022, sauf les week-ends.<br>Le trafic est interrompu entre Paris Gare du Nord et Luzarches.<br>Un service de bus de remplacement est mis en place, avec desserte des gares intermédiaires.<br><a href=""https://transilien.com/sites/transilien/files/sentinelle-20220103-h-pno-luz-0301-1612.pdf"" target=""""></a><a href=""https://www.transilien.com/sites/transilien/files/sentinelle-20220301-h-parisnord-luzarches-jusquau16decembre-sf21juin.pdf"" target=""""><br>Pour plus d'informations, cliquez ici pour télécharger l'affiche PDF</a><br>Les horaires du calculateur d'itinéraire tiennent compte des travaux.<br>Motif : travaux.</p> / Ligne H : Paris Nord - Luzarches 03/01-16/12";20220415T171513;Transilien Train Transilien H;d90114ec-bcce-11ec-be82-005056a47b86;travaux
active;Incidents;30;perturbée;SIGNIFICANT_DELAYS;20220428T223000;20220429T030000;d90114ec-bcce-11ec-be82-005056a47b86;" / Ligne H : Paris Nord - Luzarches 03/01-16/12 / <p>Période : en soirée.<br>Dates : du lundi 03 janvier au vendredi 16 décembre 2022, sauf les week-ends.<br>Le trafic est interrompu entre Paris Gare du Nord et Luzarches.<br>Un service de bus de remplacement est mis en place, avec desserte des gares intermédiaires.<br><a href=""https://transilien.com/sites/transilien/files/sentinelle-20220103-h-pno-luz-0301-1612.pdf"" target=""""></a><a href=""https://www.transilien.com/sites/transilien/files/sentinelle-20220301-h-parisnord-luzarches-jusquau16decembre-sf21juin.pdf"" target=""""><br>Pour plus d'informations, cliquez ici pour télécharger l'affiche PDF</a><br>Les horaires du calculateur d'itinéraire tiennent compte des travaux.<br>Motif : travaux.</p> / Ligne H : Paris Nord - Luzarches 03/01-16/12";20220415T171513;Transilien Train Transilien H;d90114ec-bcce-11ec-be82-005056a47b86;travaux
active;Incidents;30;perturbée;SIGNIFICANT_DELAYS;20220607T223000;20220608T030000;d90114ec-bcce-11ec-be82-005056a47b86;" / Ligne H : Paris Nord - Luzarches 03/01-16/12 / <p>Période : en soirée.<br>Dates : du lundi 03 janvier au vendredi 16 décembre 2022, sauf les week-ends.<br>Le trafic est interrompu entre Paris Gare du Nord et Luzarches.<br>Un service de bus de remplacement est mis en place, avec desserte des gares intermédiaires.<br><a href=""https://transilien.com/sites/transilien/files/sentinelle-20220103-h-pno-luz-0301-1612.pdf"" target=""""></a><a href=""https://www.transilien.com/sites/transilien/files/sentinelle-20220301-h-parisnord-luzarches-jusquau16decembre-sf21juin.pdf"" target=""""><br>Pour plus d'informations, cliquez ici pour télécharger l'affiche PDF</a><br>Les horaires du calculateur d'itinéraire tiennent compte des travaux.<br>Motif : travaux.</p> / Ligne H : Paris Nord - Luzarches 03/01-16/12";20220415T171513;Transilien Train Transilien H;d90114ec-bcce-11ec-be82-005056a47b86;travaux
active;Incidents;30;perturbée;SIGNIFICANT_DELAYS;20220606T223000;20220607T030000;d90114ec-bcce-11ec-be82-005056a47b86;" / Ligne H : Paris Nord - Luzarches 03/01-16/12 / <p>Période : en soirée.<br>Dates : du lundi 03 janvier au vendredi 16 décembre 2022, sauf les week-ends.<br>Le trafic est interrompu entre Paris Gare du Nord et Luzarches.<br>Un service de bus de remplacement est mis en place, avec desserte des gares intermédiaires.<br><a href=""https://transilien.com/sites/transilien/files/sentinelle-20220103-h-pno-luz-0301-1612.pdf"" target=""""></a><a href=""https://www.transilien.com/sites/transilien/files/sentinelle-20220301-h-parisnord-luzarches-jusquau16decembre-sf21juin.pdf"" target=""""><br>Pour plus d'informations, cliquez ici pour télécharger l'affiche PDF</a><br>Les horaires du calculateur d'itinéraire tiennent compte des travaux.<br>Motif : travaux.</p> / Ligne H : Paris Nord - Luzarches 03/01-16/12";20220415T171513;Transilien Train Transilien H;d90114ec-bcce-11ec-be82-005056a47b86;travaux
active;Incidents;30;perturbée;SIGNIFICANT_DELAYS;20220512T223000;20220513T030000;d90114ec-bcce-11ec-be82-005056a47b86;" / Ligne H : Paris Nord - Luzarches 03/01-16/12 / <p>Période : en soirée.<br>Dates : du lundi 03 janvier au vendredi 16 décembre 2022, sauf les week-ends.<br>Le trafic est interrompu entre Paris Gare du Nord et Luzarches.<br>Un service de bus de remplacement est mis en place, avec desserte des gares intermédiaires.<br><a href=""https://transilien.com/sites/transilien/files/sentinelle-20220103-h-pno-luz-0301-1612.pdf"" target=""""></a><a href=""https://www.transilien.com/sites/transilien/files/sentinelle-20220301-h-parisnord-luzarches-jusquau16decembre-sf21juin.pdf"" target=""""><br>Pour plus d'informations, cliquez ici pour télécharger l'affiche PDF</a><br>Les horaires du calculateur d'itinéraire tiennent compte des travaux.<br>Motif : travaux.</p> / Ligne H : Paris Nord - Luzarches 03/01-16/12";20220415T171513;Transilien Train Transilien H;d90114ec-bcce-11ec-be82-005056a47b86;travaux
active;Incidents;30;perturbée;SIGNIFICANT_DELAYS;20220209T223000;20220210T030000;d90114ec-bcce-11ec-be82-005056a47b86;" / Ligne H : Paris Nord - Luzarches 03/01-16/12 / <p>Période : en soirée.<br>Dates : du lundi 03 janvier au vendredi 16 décembre 2022, sauf les week-ends.<br>Le trafic est interrompu entre Paris Gare du Nord et Luzarches.<br>Un service de bus de remplacement est mis en place, avec desserte des gares intermédiaires.<br><a href=""https://transilien.com/sites/transilien/files/sentinelle-20220103-h-pno-luz-0301-1612.pdf"" target=""""></a><a href=""https://www.transilien.com/sites/transilien/files/sentinelle-20220301-h-parisnord-luzarches-jusquau16decembre-sf21juin.pdf"" target=""""><br>Pour plus d'informations, cliquez ici pour télécharger l'affiche PDF</a><br>Les horaires du calculateur d'itinéraire tiennent compte des travaux.<br>Motif : travaux.</p> / Ligne H : Paris Nord - Luzarches 03/01-16/12";20220415T171513;Transilien Train Transilien H;d90114ec-bcce-11ec-be82-005056a47b86;travaux
active;Incidents;30;perturbée;SIGNIFICANT_DELAYS;20220523T223000;20220524T030000;d90114ec-bcce-11ec-be82-005056a47b86;" / Ligne H : Paris Nord - Luzarches 03/01-16/12 / <p>Période : en soirée.<br>Dates : du lundi 03 janvier au vendredi 16 décembre 2022, sauf les week-ends.<br>Le trafic est interrompu entre Paris Gare du Nord et Luzarches.<br>Un service de bus de remplacement est mis en place, avec desserte des gares intermédiaires.<br><a href=""https://transilien.com/sites/transilien/files/sentinelle-20220103-h-pno-luz-0301-1612.pdf"" target=""""></a><a href=""https://www.transilien.com/sites/transilien/files/sentinelle-20220301-h-parisnord-luzarches-jusquau16decembre-sf21juin.pdf"" target=""""><br>Pour plus d'informations, cliquez ici pour télécharger l'affiche PDF</a><br>Les horaires du calculateur d'itinéraire tiennent compte des travaux.<br>Motif : travaux.</p> / Ligne H : Paris Nord - Luzarches 03/01-16/12";20220415T171513;Transilien Train Transilien H;d90114ec-bcce-11ec-be82-005056a47b86;travaux
active;Incidents;30;perturbée;SIGNIFICANT_DELAYS;20220928T223000;20220929T030000;d90114ec-bcce-11ec-be82-005056a47b86;" / Ligne H : Paris Nord - Luzarches 03/01-16/12 / <p>Période : en soirée.<br>Dates : du lundi 03 janvier au vendredi 16 décembre 2022, sauf les week-ends.<br>Le trafic est interrompu entre Paris Gare du Nord et Luzarches.<br>Un service de bus de remplacement est mis en place, avec desserte des gares intermédiaires.<br><a href=""https://transilien.com/sites/transilien/files/sentinelle-20220103-h-pno-luz-0301-1612.pdf"" target=""""></a><a href=""https://www.transilien.com/sites/transilien/files/sentinelle-20220301-h-parisnord-luzarches-jusquau16decembre-sf21juin.pdf"" target=""""><br>Pour plus d'informations, cliquez ici pour télécharger l'affiche PDF</a><br>Les horaires du calculateur d'itinéraire tiennent compte des travaux.<br>Motif : travaux.</p> / Ligne H : Paris Nord - Luzarches 03/01-16/12";20220415T171513;Transilien Train Transilien H;d90114ec-bcce-11ec-be82-005056a47b86;travaux
active;Incidents;30;perturbée;SIGNIFICANT_DELAYS;20220629T223000;20220630T030000;d90114ec-bcce-11ec-be82-005056a47b86;" / Ligne H : Paris Nord - Luzarches 03/01-16/12 / <p>Période : en soirée.<br>Dates : du lundi 03 janvier au vendredi 16 décembre 2022, sauf les week-ends.<br>Le trafic est interrompu entre Paris Gare du Nord et Luzarches.<br>Un service de bus de remplacement est mis en place, avec desserte des gares intermédiaires.<br><a href=""https://transilien.com/sites/transilien/files/sentinelle-20220103-h-pno-luz-0301-1612.pdf"" target=""""></a><a href=""https://www.transilien.com/sites/transilien/files/sentinelle-20220301-h-parisnord-luzarches-jusquau16decembre-sf21juin.pdf"" target=""""><br>Pour plus d'informations, cliquez ici pour télécharger l'affiche PDF</a><br>Les horaires du calculateur d'itinéraire tiennent compte des travaux.<br>Motif : travaux.</p> / Ligne H : Paris Nord - Luzarches 03/01-16/12";20220415T171513;Transilien Train Transilien H;d90114ec-bcce-11ec-be82-005056a47b86;travaux
active;Incidents;30;perturbée;SIGNIFICANT_DELAYS;20220323T223000;20220324T030000;d90114ec-bcce-11ec-be82-005056a47b86;" / Ligne H : Paris Nord - Luzarches 03/01-16/12 / <p>Période : en soirée.<br>Dates : du lundi 03 janvier au vendredi 16 décembre 2022, sauf les week-ends.<br>Le trafic est interrompu entre Paris Gare du Nord et Luzarches.<br>Un service de bus de remplacement est mis en place, avec desserte des gares intermédiaires.<br><a href=""https://transilien.com/sites/transilien/files/sentinelle-20220103-h-pno-luz-0301-1612.pdf"" target=""""></a><a href=""https://www.transilien.com/sites/transilien/files/sentinelle-20220301-h-parisnord-luzarches-jusquau16decembre-sf21juin.pdf"" target=""""><br>Pour plus d'informations, cliquez ici pour télécharger l'affiche PDF</a><br>Les horaires du calculateur d'itinéraire tiennent compte des travaux.<br>Motif : travaux.</p> / Ligne H : Paris Nord - Luzarches 03/01-16/12";20220415T171513;Transilien Train Transilien H;d90114ec-bcce-11ec-be82-005056a47b86;travaux
active;Incidents;30;perturbée;SIGNIFICANT_DELAYS;20220223T223000;20220224T030000;d90114ec-bcce-11ec-be82-005056a47b86;" / Ligne H : Paris Nord - Luzarches 03/01-16/12 / <p>Période : en soirée.<br>Dates : du lundi 03 janvier au vendredi 16 décembre 2022, sauf les week-ends.<br>Le trafic est interrompu entre Paris Gare du Nord et Luzarches.<br>Un service de bus de remplacement est mis en place, avec desserte des gares intermédiaires.<br><a href=""https://transilien.com/sites/transilien/files/sentinelle-20220103-h-pno-luz-0301-1612.pdf"" target=""""></a><a href=""https://www.transilien.com/sites/transilien/files/sentinelle-20220301-h-parisnord-luzarches-jusquau16decembre-sf21juin.pdf"" target=""""><br>Pour plus d'informations, cliquez ici pour télécharger l'affiche PDF</a><br>Les horaires du calculateur d'itinéraire tiennent compte des travaux.<br>Motif : travaux.</p> / Ligne H : Paris Nord - Luzarches 03/01-16/12";20220415T171513;Transilien Train Transilien H;d90114ec-bcce-11ec-be82-005056a47b86;travaux
active;Incidents;30;perturbée;SIGNIFICANT_DELAYS;20220513T223000;20220514T030000;d90114ec-bcce-11ec-be82-005056a47b86;" / Ligne H : Paris Nord - Luzarches 03/01-16/12 / <p>Période : en soirée.<br>Dates : du lundi 03 janvier au vendredi 16 décembre 2022, sauf les week-ends.<br>Le trafic est interrompu entre Paris Gare du Nord et Luzarches.<br>Un service de bus de remplacement est mis en place, avec desserte des gares intermédiaires.<br><a href=""https://transilien.com/sites/transilien/files/sentinelle-20220103-h-pno-luz-0301-1612.pdf"" target=""""></a><a href=""https://www.transilien.com/sites/transilien/files/sentinelle-20220301-h-parisnord-luzarches-jusquau16decembre-sf21juin.pdf"" target=""""><br>Pour plus d'informations, cliquez ici pour télécharger l'affiche PDF</a><br>Les horaires du calculateur d'itinéraire tiennent compte des travaux.<br>Motif : travaux.</p> / Ligne H : Paris Nord - Luzarches 03/01-16/12";20220415T171513;Transilien Train Transilien H;d90114ec-bcce-11ec-be82-005056a47b86;travaux
active;Incidents;30;perturbée;SIGNIFICANT_DELAYS;20220915T223000;20220916T030000;d90114ec-bcce-11ec-be82-005056a47b86;" / Ligne H : Paris Nord - Luzarches 03/01-16/12 / <p>Période : en soirée.<br>Dates : du lundi 03 janvier au vendredi 16 décembre 2022, sauf les week-ends.<br>Le trafic est interrompu entre Paris Gare du Nord et Luzarches.<br>Un service de bus de remplacement est mis en place, avec desserte des gares intermédiaires.<br><a href=""https://transilien.com/sites/transilien/files/sentinelle-20220103-h-pno-luz-0301-1612.pdf"" target=""""></a><a href=""https://www.transilien.com/sites/transilien/files/sentinelle-20220301-h-parisnord-luzarches-jusquau16decembre-sf21juin.pdf"" target=""""><br>Pour plus d'informations, cliquez ici pour télécharger l'affiche PDF</a><br>Les horaires du calculateur d'itinéraire tiennent compte des travaux.<br>Motif : travaux.</p> / Ligne H : Paris Nord - Luzarches 03/01-16/12";20220415T171513;Transilien Train Transilien H;d90114ec-bcce-11ec-be82-005056a47b86;travaux
active;Incidents;30;perturbée;SIGNIFICANT_DELAYS;20220131T223000;20220201T030000;d90114ec-bcce-11ec-be82-005056a47b86;" / Ligne H : Paris Nord - Luzarches 03/01-16/12 / <p>Période : en soirée.<br>Dates : du lundi 03 janvier au vendredi 16 décembre 2022, sauf les week-ends.<br>Le trafic est interrompu entre Paris Gare du Nord et Luzarches.<br>Un service de bus de remplacement est mis en place, avec desserte des gares intermédiaires.<br><a href=""https://transilien.com/sites/transilien/files/sentinelle-20220103-h-pno-luz-0301-1612.pdf"" target=""""></a><a href=""https://www.transilien.com/sites/transilien/files/sentinelle-20220301-h-parisnord-luzarches-jusquau16decembre-sf21juin.pdf"" target=""""><br>Pour plus d'informations, cliquez ici pour télécharger l'affiche PDF</a><br>Les horaires du calculateur d'itinéraire tiennent compte des travaux.<br>Motif : travaux.</p> / Ligne H : Paris Nord - Luzarches 03/01-16/12";20220415T171513;Transilien Train Transilien H;d90114ec-bcce-11ec-be82-005056a47b86;travaux
active;Incidents;30;perturbée;SIGNIFICANT_DELAYS;20220419T223000;20220420T030000;d90114ec-bcce-11ec-be82-005056a47b86;" / Ligne H : Paris Nord - Luzarches 03/01-16/12 / <p>Période : en soirée.<br>Dates : du lundi 03 janvier au vendredi 16 décembre 2022, sauf les week-ends.<br>Le trafic est interrompu entre Paris Gare du Nord et Luzarches.<br>Un service de bus de remplacement est mis en place, avec desserte des gares intermédiaires.<br><a href=""https://transilien.com/sites/transilien/files/sentinelle-20220103-h-pno-luz-0301-1612.pdf"" target=""""></a><a href=""https://www.transilien.com/sites/transilien/files/sentinelle-20220301-h-parisnord-luzarches-jusquau16decembre-sf21juin.pdf"" target=""""><br>Pour plus d'informations, cliquez ici pour télécharger l'affiche PDF</a><br>Les horaires du calculateur d'itinéraire tiennent compte des travaux.<br>Motif : travaux.</p> / Ligne H : Paris Nord - Luzarches 03/01-16/12";20220415T171513;Transilien Train Transilien H;d90114ec-bcce-11ec-be82-005056a47b86;travaux
active;Incidents;30;perturbée;SIGNIFICANT_DELAYS;20220706T223000;20220707T030000;d90114ec-bcce-11ec-be82-005056a47b86;" / Ligne H : Paris Nord - Luzarches 03/01-16/12 / <p>Période : en soirée.<br>Dates : du lundi 03 janvier au vendredi 16 décembre 2022, sauf les week-ends.<br>Le trafic est interrompu entre Paris Gare du Nord et Luzarches.<br>Un service de bus de remplacement est mis en place, avec desserte des gares intermédiaires.<br><a href=""https://transilien.com/sites/transilien/files/sentinelle-20220103-h-pno-luz-0301-1612.pdf"" target=""""></a><a href=""https://www.transilien.com/sites/transilien/files/sentinelle-20220301-h-parisnord-luzarches-jusquau16decembre-sf21juin.pdf"" target=""""><br>Pour plus d'informations, cliquez ici pour télécharger l'affiche PDF</a><br>Les horaires du calculateur d'itinéraire tiennent compte des travaux.<br>Motif : travaux.</p> / Ligne H : Paris Nord - Luzarches 03/01-16/12";20220415T171513;Transilien Train Transilien H;d90114ec-bcce-11ec-be82-005056a47b86;travaux
active;Incidents;30;perturbée;SIGNIFICANT_DELAYS;20220722T223000;20220723T030000;d90114ec-bcce-11ec-be82-005056a47b86;" / Ligne H : Paris Nord - Luzarches 03/01-16/12 / <p>Période : en soirée.<br>Dates : du lundi 03 janvier au vendredi 16 décembre 2022, sauf les week-ends.<br>Le trafic est interrompu entre Paris Gare du Nord et Luzarches.<br>Un service de bus de remplacement est mis en place, avec desserte des gares intermédiaires.<br><a href=""https://transilien.com/sites/transilien/files/sentinelle-20220103-h-pno-luz-0301-1612.pdf"" target=""""></a><a href=""https://www.transilien.com/sites/transilien/files/sentinelle-20220301-h-parisnord-luzarches-jusquau16decembre-sf21juin.pdf"" target=""""><br>Pour plus d'informations, cliquez ici pour télécharger l'affiche PDF</a><br>Les horaires du calculateur d'itinéraire tiennent compte des travaux.<br>Motif : travaux.</p> / Ligne H : Paris Nord - Luzarches 03/01-16/12";20220415T171513;Transilien Train Transilien H;d90114ec-bcce-11ec-be82-005056a47b86;travaux
active;Incidents;30;perturbée;SIGNIFICANT_DELAYS;20220525T223000;20220526T030000;d90114ec-bcce-11ec-be82-005056a47b86;" / Ligne H : Paris Nord - Luzarches 03/01-16/12 / <p>Période : en soirée.<br>Dates : du lundi 03 janvier au vendredi 16 décembre 2022, sauf les week-ends.<br>Le trafic est interrompu entre Paris Gare du Nord et Luzarches.<br>Un service de bus de remplacement est mis en place, avec desserte des gares intermédiaires.<br><a href=""https://transilien.com/sites/transilien/files/sentinelle-20220103-h-pno-luz-0301-1612.pdf"" target=""""></a><a href=""https://www.transilien.com/sites/transilien/files/sentinelle-20220301-h-parisnord-luzarches-jusquau16decembre-sf21juin.pdf"" target=""""><br>Pour plus d'informations, cliquez ici pour télécharger l'affiche PDF</a><br>Les horaires du calculateur d'itinéraire tiennent compte des travaux.<br>Motif : travaux.</p> / Ligne H : Paris Nord - Luzarches 03/01-16/12";20220415T171513;Transilien Train Transilien H;d90114ec-bcce-11ec-be82-005056a47b86;travaux
active;Incidents;30;perturbée;SIGNIFICANT_DELAYS;20220117T223000;20220118T030000;d90114ec-bcce-11ec-be82-005056a47b86;" / Ligne H : Paris Nord - Luzarches 03/01-16/12 / <p>Période : en soirée.<br>Dates : du lundi 03 janvier au vendredi 16 décembre 2022, sauf les week-ends.<br>Le trafic est interrompu entre Paris Gare du Nord et Luzarches.<br>Un service de bus de remplacement est mis en place, avec desserte des gares intermédiaires.<br><a href=""https://transilien.com/sites/transilien/files/sentinelle-20220103-h-pno-luz-0301-1612.pdf"" target=""""></a><a href=""https://www.transilien.com/sites/transilien/files/sentinelle-20220301-h-parisnord-luzarches-jusquau16decembre-sf21juin.pdf"" target=""""><br>Pour plus d'informations, cliquez ici pour télécharger l'affiche PDF</a><br>Les horaires du calculateur d'itinéraire tiennent compte des travaux.<br>Motif : travaux.</p> / Ligne H : Paris Nord - Luzarches 03/01-16/12";20220415T171513;Transilien Train Transilien H;d90114ec-bcce-11ec-be82-005056a47b86;travaux
active;Incidents;30;perturbée;SIGNIFICANT_DELAYS;20220524T223000;20220525T030000;d90114ec-bcce-11ec-be82-005056a47b86;" / Ligne H : Paris Nord - Luzarches 03/01-16/12 / <p>Période : en soirée.<br>Dates : du lundi 03 janvier au vendredi 16 décembre 2022, sauf les week-ends.<br>Le trafic est interrompu entre Paris Gare du Nord et Luzarches.<br>Un service de bus de remplacement est mis en place, avec desserte des gares intermédiaires.<br><a href=""https://transilien.com/sites/transilien/files/sentinelle-20220103-h-pno-luz-0301-1612.pdf"" target=""""></a><a href=""https://www.transilien.com/sites/transilien/files/sentinelle-20220301-h-parisnord-luzarches-jusquau16decembre-sf21juin.pdf"" target=""""><br>Pour plus d'informations, cliquez ici pour télécharger l'affiche PDF</a><br>Les horaires du calculateur d'itinéraire tiennent compte des travaux.<br>Motif : travaux.</p> / Ligne H : Paris Nord - Luzarches 03/01-16/12";20220415T171513;Transilien Train Transilien H;d90114ec-bcce-11ec-be82-005056a47b86;travaux
active;Incidents;30;perturbée;SIGNIFICANT_DELAYS;20220616T223000;20220617T030000;d90114ec-bcce-11ec-be82-005056a47b86;" / Ligne H : Paris Nord - Luzarches 03/01-16/12 / <p>Période : en soirée.<br>Dates : du lundi 03 janvier au vendredi 16 décembre 2022, sauf les week-ends.<br>Le trafic est interrompu entre Paris Gare du Nord et Luzarches.<br>Un service de bus de remplacement est mis en place, avec desserte des gares intermédiaires.<br><a href=""https://transilien.com/sites/transilien/files/sentinelle-20220103-h-pno-luz-0301-1612.pdf"" target=""""></a><a href=""https://www.transilien.com/sites/transilien/files/sentinelle-20220301-h-parisnord-luzarches-jusquau16decembre-sf21juin.pdf"" target=""""><br>Pour plus d'informations, cliquez ici pour télécharger l'affiche PDF</a><br>Les horaires du calculateur d'itinéraire tiennent compte des travaux.<br>Motif : travaux.</p> / Ligne H : Paris Nord - Luzarches 03/01-16/12";20220415T171513;Transilien Train Transilien H;d90114ec-bcce-11ec-be82-005056a47b86;travaux
active;Incidents;30;perturbée;SIGNIFICANT_DELAYS;20220909T223000;20220910T030000;d90114ec-bcce-11ec-be82-005056a47b86;" / Ligne H : Paris Nord - Luzarches 03/01-16/12 / <p>Période : en soirée.<br>Dates : du lundi 03 janvier au vendredi 16 décembre 2022, sauf les week-ends.<br>Le trafic est interrompu entre Paris Gare du Nord et Luzarches.<br>Un service de bus de remplacement est mis en place, avec desserte des gares intermédiaires.<br><a href=""https://transilien.com/sites/transilien/files/sentinelle-20220103-h-pno-luz-0301-1612.pdf"" target=""""></a><a href=""https://www.transilien.com/sites/transilien/files/sentinelle-20220301-h-parisnord-luzarches-jusquau16decembre-sf21juin.pdf"" target=""""><br>Pour plus d'informations, cliquez ici pour télécharger l'affiche PDF</a><br>Les horaires du calculateur d'itinéraire tiennent compte des travaux.<br>Motif : travaux.</p> / Ligne H : Paris Nord - Luzarches 03/01-16/12";20220415T171513;Transilien Train Transilien H;d90114ec-bcce-11ec-be82-005056a47b86;travaux
active;Incidents;30;perturbée;SIGNIFICANT_DELAYS;20220208T223000;20220209T030000;d90114ec-bcce-11ec-be82-005056a47b86;" / Ligne H : Paris Nord - Luzarches 03/01-16/12 / <p>Période : en soirée.<br>Dates : du lundi 03 janvier au vendredi 16 décembre 2022, sauf les week-ends.<br>Le trafic est interrompu entre Paris Gare du Nord et Luzarches.<br>Un service de bus de remplacement est mis en place, avec desserte des gares intermédiaires.<br><a href=""https://transilien.com/sites/transilien/files/sentinelle-20220103-h-pno-luz-0301-1612.pdf"" target=""""></a><a href=""https://www.transilien.com/sites/transilien/files/sentinelle-20220301-h-parisnord-luzarches-jusquau16decembre-sf21juin.pdf"" target=""""><br>Pour plus d'informations, cliquez ici pour télécharger l'affiche PDF</a><br>Les horaires du calculateur d'itinéraire tiennent compte des travaux.<br>Motif : travaux.</p> / Ligne H : Paris Nord - Luzarches 03/01-16/12";20220415T171513;Transilien Train Transilien H;d90114ec-bcce-11ec-be82-005056a47b86;travaux
active;Incidents;30;perturbée;SIGNIFICANT_DELAYS;20220202T223000;20220203T030000;d90114ec-bcce-11ec-be82-005056a47b86;" / Ligne H : Paris Nord - Luzarches 03/01-16/12 / <p>Période : en soirée.<br>Dates : du lundi 03 janvier au vendredi 16 décembre 2022, sauf les week-ends.<br>Le trafic est interrompu entre Paris Gare du Nord et Luzarches.<br>Un service de bus de remplacement est mis en place, avec desserte des gares intermédiaires.<br><a href=""https://transilien.com/sites/transilien/files/sentinelle-20220103-h-pno-luz-0301-1612.pdf"" target=""""></a><a href=""https://www.transilien.com/sites/transilien/files/sentinelle-20220301-h-parisnord-luzarches-jusquau16decembre-sf21juin.pdf"" target=""""><br>Pour plus d'informations, cliquez ici pour télécharger l'affiche PDF</a><br>Les horaires du calculateur d'itinéraire tiennent compte des travaux.<br>Motif : travaux.</p> / Ligne H : Paris Nord - Luzarches 03/01-16/12";20220415T171513;Transilien Train Transilien H;d90114ec-bcce-11ec-be82-005056a47b86;travaux
active;Incidents;30;perturbée;SIGNIFICANT_DELAYS;20220906T223000;20220907T030000;d90114ec-bcce-11ec-be82-005056a47b86;" / Ligne H : Paris Nord - Luzarches 03/01-16/12 / <p>Période : en soirée.<br>Dates : du lundi 03 janvier au vendredi 16 décembre 2022, sauf les week-ends.<br>Le trafic est interrompu entre Paris Gare du Nord et Luzarches.<br>Un service de bus de remplacement est mis en place, avec desserte des gares intermédiaires.<br><a href=""https://transilien.com/sites/transilien/files/sentinelle-20220103-h-pno-luz-0301-1612.pdf"" target=""""></a><a href=""https://www.transilien.com/sites/transilien/files/sentinelle-20220301-h-parisnord-luzarches-jusquau16decembre-sf21juin.pdf"" target=""""><br>Pour plus d'informations, cliquez ici pour télécharger l'affiche PDF</a><br>Les horaires du calculateur d'itinéraire tiennent compte des travaux.<br>Motif : travaux.</p> / Ligne H : Paris Nord - Luzarches 03/01-16/12";20220415T171513;Transilien Train Transilien H;d90114ec-bcce-11ec-be82-005056a47b86;travaux
active;Incidents;30;perturbée;SIGNIFICANT_DELAYS;20220919T223000;20220920T030000;d90114ec-bcce-11ec-be82-005056a47b86;" / Ligne H : Paris Nord - Luzarches 03/01-16/12 / <p>Période : en soirée.<br>Dates : du lundi 03 janvier au vendredi 16 décembre 2022, sauf les week-ends.<br>Le trafic est interrompu entre Paris Gare du Nord et Luzarches.<br>Un service de bus de remplacement est mis en place, avec desserte des gares intermédiaires.<br><a href=""https://transilien.com/sites/transilien/files/sentinelle-20220103-h-pno-luz-0301-1612.pdf"" target=""""></a><a href=""https://www.transilien.com/sites/transilien/files/sentinelle-20220301-h-parisnord-luzarches-jusquau16decembre-sf21juin.pdf"" target=""""><br>Pour plus d'informations, cliquez ici pour télécharger l'affiche PDF</a><br>Les horaires du calculateur d'itinéraire tiennent compte des travaux.<br>Motif : travaux.</p> / Ligne H : Paris Nord - Luzarches 03/01-16/12";20220415T171513;Transilien Train Transilien H;d90114ec-bcce-11ec-be82-005056a47b86;travaux
active;Incidents;30;perturbée;SIGNIFICANT_DELAYS;20220228T223000;20220301T030000;d90114ec-bcce-11ec-be82-005056a47b86;" / Ligne H : Paris Nord - Luzarches 03/01-16/12 / <p>Période : en soirée.<br>Dates : du lundi 03 janvier au vendredi 16 décembre 2022, sauf les week-ends.<br>Le trafic est interrompu entre Paris Gare du Nord et Luzarches.<br>Un service de bus de remplacement est mis en place, avec desserte des gares intermédiaires.<br><a href=""https://transilien.com/sites/transilien/files/sentinelle-20220103-h-pno-luz-0301-1612.pdf"" target=""""></a><a href=""https://www.transilien.com/sites/transilien/files/sentinelle-20220301-h-parisnord-luzarches-jusquau16decembre-sf21juin.pdf"" target=""""><br>Pour plus d'informations, cliquez ici pour télécharger l'affiche PDF</a><br>Les horaires du calculateur d'itinéraire tiennent compte des travaux.<br>Motif : travaux.</p> / Ligne H : Paris Nord - Luzarches 03/01-16/12";20220415T171513;Transilien Train Transilien H;d90114ec-bcce-11ec-be82-005056a47b86;travaux
active;Incidents;30;perturbée;SIGNIFICANT_DELAYS;20220427T223000;20220428T030000;d90114ec-bcce-11ec-be82-005056a47b86;" / Ligne H : Paris Nord - Luzarches 03/01-16/12 / <p>Période : en soirée.<br>Dates : du lundi 03 janvier au vendredi 16 décembre 2022, sauf les week-ends.<br>Le trafic est interrompu entre Paris Gare du Nord et Luzarches.<br>Un service de bus de remplacement est mis en place, avec desserte des gares intermédiaires.<br><a href=""https://transilien.com/sites/transilien/files/sentinelle-20220103-h-pno-luz-0301-1612.pdf"" target=""""></a><a href=""https://www.transilien.com/sites/transilien/files/sentinelle-20220301-h-parisnord-luzarches-jusquau16decembre-sf21juin.pdf"" target=""""><br>Pour plus d'informations, cliquez ici pour télécharger l'affiche PDF</a><br>Les horaires du calculateur d'itinéraire tiennent compte des travaux.<br>Motif : travaux.</p> / Ligne H : Paris Nord - Luzarches 03/01-16/12";20220415T171513;Transilien Train Transilien H;d90114ec-bcce-11ec-be82-005056a47b86;travaux
active;Incidents;30;perturbée;SIGNIFICANT_DELAYS;20220818T223000;20220819T030000;d90114ec-bcce-11ec-be82-005056a47b86;" / Ligne H : Paris Nord - Luzarches 03/01-16/12 / <p>Période : en soirée.<br>Dates : du lundi 03 janvier au vendredi 16 décembre 2022, sauf les week-ends.<br>Le trafic est interrompu entre Paris Gare du Nord et Luzarches.<br>Un service de bus de remplacement est mis en place, avec desserte des gares intermédiaires.<br><a href=""https://transilien.com/sites/transilien/files/sentinelle-20220103-h-pno-luz-0301-1612.pdf"" target=""""></a><a href=""https://www.transilien.com/sites/transilien/files/sentinelle-20220301-h-parisnord-luzarches-jusquau16decembre-sf21juin.pdf"" target=""""><br>Pour plus d'informations, cliquez ici pour télécharger l'affiche PDF</a><br>Les horaires du calculateur d'itinéraire tiennent compte des travaux.<br>Motif : travaux.</p> / Ligne H : Paris Nord - Luzarches 03/01-16/12";20220415T171513;Transilien Train Transilien H;d90114ec-bcce-11ec-be82-005056a47b86;travaux
active;Incidents;30;perturbée;SIGNIFICANT_DELAYS;20220510T223000;20220511T030000;d90114ec-bcce-11ec-be82-005056a47b86;" / Ligne H : Paris Nord - Luzarches 03/01-16/12 / <p>Période : en soirée.<br>Dates : du lundi 03 janvier au vendredi 16 décembre 2022, sauf les week-ends.<br>Le trafic est interrompu entre Paris Gare du Nord et Luzarches.<br>Un service de bus de remplacement est mis en place, avec desserte des gares intermédiaires.<br><a href=""https://transilien.com/sites/transilien/files/sentinelle-20220103-h-pno-luz-0301-1612.pdf"" target=""""></a><a href=""https://www.transilien.com/sites/transilien/files/sentinelle-20220301-h-parisnord-luzarches-jusquau16decembre-sf21juin.pdf"" target=""""><br>Pour plus d'informations, cliquez ici pour télécharger l'affiche PDF</a><br>Les horaires du calculateur d'itinéraire tiennent compte des travaux.<br>Motif : travaux.</p> / Ligne H : Paris Nord - Luzarches 03/01-16/12";20220415T171513;Transilien Train Transilien H;d90114ec-bcce-11ec-be82-005056a47b86;travaux
active;Incidents;30;perturbée;SIGNIFICANT_DELAYS;20220727T223000;20220728T030000;d90114ec-bcce-11ec-be82-005056a47b86;" / Ligne H : Paris Nord - Luzarches 03/01-16/12 / <p>Période : en soirée.<br>Dates : du lundi 03 janvier au vendredi 16 décembre 2022, sauf les week-ends.<br>Le trafic est interrompu entre Paris Gare du Nord et Luzarches.<br>Un service de bus de remplacement est mis en place, avec desserte des gares intermédiaires.<br><a href=""https://transilien.com/sites/transilien/files/sentinelle-20220103-h-pno-luz-0301-1612.pdf"" target=""""></a><a href=""https://www.transilien.com/sites/transilien/files/sentinelle-20220301-h-parisnord-luzarches-jusquau16decembre-sf21juin.pdf"" target=""""><br>Pour plus d'informations, cliquez ici pour télécharger l'affiche PDF</a><br>Les horaires du calculateur d'itinéraire tiennent compte des travaux.<br>Motif : travaux.</p> / Ligne H : Paris Nord - Luzarches 03/01-16/12";20220415T171513;Transilien Train Transilien H;d90114ec-bcce-11ec-be82-005056a47b86;travaux
active;Incidents;30;perturbée;SIGNIFICANT_DELAYS;20220218T223000;20220219T030000;d90114ec-bcce-11ec-be82-005056a47b86;" / Ligne H : Paris Nord - Luzarches 03/01-16/12 / <p>Période : en soirée.<br>Dates : du lundi 03 janvier au vendredi 16 décembre 2022, sauf les week-ends.<br>Le trafic est interrompu entre Paris Gare du Nord et Luzarches.<br>Un service de bus de remplacement est mis en place, avec desserte des gares intermédiaires.<br><a href=""https://transilien.com/sites/transilien/files/sentinelle-20220103-h-pno-luz-0301-1612.pdf"" target=""""></a><a href=""https://www.transilien.com/sites/transilien/files/sentinelle-20220301-h-parisnord-luzarches-jusquau16decembre-sf21juin.pdf"" target=""""><br>Pour plus d'informations, cliquez ici pour télécharger l'affiche PDF</a><br>Les horaires du calculateur d'itinéraire tiennent compte des travaux.<br>Motif : travaux.</p> / Ligne H : Paris Nord - Luzarches 03/01-16/12";20220415T171513;Transilien Train Transilien H;d90114ec-bcce-11ec-be82-005056a47b86;travaux
active;Incidents;30;perturbée;SIGNIFICANT_DELAYS;20220203T223000;20220204T030000;d90114ec-bcce-11ec-be82-005056a47b86;" / Ligne H : Paris Nord - Luzarches 03/01-16/12 / <p>Période : en soirée.<br>Dates : du lundi 03 janvier au vendredi 16 décembre 2022, sauf les week-ends.<br>Le trafic est interrompu entre Paris Gare du Nord et Luzarches.<br>Un service de bus de remplacement est mis en place, avec desserte des gares intermédiaires.<br><a href=""https://transilien.com/sites/transilien/files/sentinelle-20220103-h-pno-luz-0301-1612.pdf"" target=""""></a><a href=""https://www.transilien.com/sites/transilien/files/sentinelle-20220301-h-parisnord-luzarches-jusquau16decembre-sf21juin.pdf"" target=""""><br>Pour plus d'informations, cliquez ici pour télécharger l'affiche PDF</a><br>Les horaires du calculateur d'itinéraire tiennent compte des travaux.<br>Motif : travaux.</p> / Ligne H : Paris Nord - Luzarches 03/01-16/12";20220415T171513;Transilien Train Transilien H;d90114ec-bcce-11ec-be82-005056a47b86;travaux
active;Incidents;30;perturbée;SIGNIFICANT_DELAYS;20220224T223000;20220225T030000;d90114ec-bcce-11ec-be82-005056a47b86;" / Ligne H : Paris Nord - Luzarches 03/01-16/12 / <p>Période : en soirée.<br>Dates : du lundi 03 janvier au vendredi 16 décembre 2022, sauf les week-ends.<br>Le trafic est interrompu entre Paris Gare du Nord et Luzarches.<br>Un service de bus de remplacement est mis en place, avec desserte des gares intermédiaires.<br><a href=""https://transilien.com/sites/transilien/files/sentinelle-20220103-h-pno-luz-0301-1612.pdf"" target=""""></a><a href=""https://www.transilien.com/sites/transilien/files/sentinelle-20220301-h-parisnord-luzarches-jusquau16decembre-sf21juin.pdf"" target=""""><br>Pour plus d'informations, cliquez ici pour télécharger l'affiche PDF</a><br>Les horaires du calculateur d'itinéraire tiennent compte des travaux.<br>Motif : travaux.</p> / Ligne H : Paris Nord - Luzarches 03/01-16/12";20220415T171513;Transilien Train Transilien H;d90114ec-bcce-11ec-be82-005056a47b86;travaux
active;Incidents;30;perturbée;SIGNIFICANT_DELAYS;20220413T223000;20220414T030000;d90114ec-bcce-11ec-be82-005056a47b86;" / Ligne H : Paris Nord - Luzarches 03/01-16/12 / <p>Période : en soirée.<br>Dates : du lundi 03 janvier au vendredi 16 décembre 2022, sauf les week-ends.<br>Le trafic est interrompu entre Paris Gare du Nord et Luzarches.<br>Un service de bus de remplacement est mis en place, avec desserte des gares intermédiaires.<br><a href=""https://transilien.com/sites/transilien/files/sentinelle-20220103-h-pno-luz-0301-1612.pdf"" target=""""></a><a href=""https://www.transilien.com/sites/transilien/files/sentinelle-20220301-h-parisnord-luzarches-jusquau16decembre-sf21juin.pdf"" target=""""><br>Pour plus d'informations, cliquez ici pour télécharger l'affiche PDF</a><br>Les horaires du calculateur d'itinéraire tiennent compte des travaux.<br>Motif : travaux.</p> / Ligne H : Paris Nord - Luzarches 03/01-16/12";20220415T171513;Transilien Train Transilien H;d90114ec-bcce-11ec-be82-005056a47b86;travaux
active;Incidents;30;perturbée;SIGNIFICANT_DELAYS;20220119T223000;20220120T030000;d90114ec-bcce-11ec-be82-005056a47b86;" / Ligne H : Paris Nord - Luzarches 03/01-16/12 / <p>Période : en soirée.<br>Dates : du lundi 03 janvier au vendredi 16 décembre 2022, sauf les week-ends.<br>Le trafic est interrompu entre Paris Gare du Nord et Luzarches.<br>Un service de bus de remplacement est mis en place, avec desserte des gares intermédiaires.<br><a href=""https://transilien.com/sites/transilien/files/sentinelle-20220103-h-pno-luz-0301-1612.pdf"" target=""""></a><a href=""https://www.transilien.com/sites/transilien/files/sentinelle-20220301-h-parisnord-luzarches-jusquau16decembre-sf21juin.pdf"" target=""""><br>Pour plus d'informations, cliquez ici pour télécharger l'affiche PDF</a><br>Les horaires du calculateur d'itinéraire tiennent compte des travaux.<br>Motif : travaux.</p> / Ligne H : Paris Nord - Luzarches 03/01-16/12";20220415T171513;Transilien Train Transilien H;d90114ec-bcce-11ec-be82-005056a47b86;travaux
active;Incidents;30;perturbée;SIGNIFICANT_DELAYS;20220720T223000;20220721T030000;d90114ec-bcce-11ec-be82-005056a47b86;" / Ligne H : Paris Nord - Luzarches 03/01-16/12 / <p>Période : en soirée.<br>Dates : du lundi 03 janvier au vendredi 16 décembre 2022, sauf les week-ends.<br>Le trafic est interrompu entre Paris Gare du Nord et Luzarches.<br>Un service de bus de remplacement est mis en place, avec desserte des gares intermédiaires.<br><a href=""https://transilien.com/sites/transilien/files/sentinelle-20220103-h-pno-luz-0301-1612.pdf"" target=""""></a><a href=""https://www.transilien.com/sites/transilien/files/sentinelle-20220301-h-parisnord-luzarches-jusquau16decembre-sf21juin.pdf"" target=""""><br>Pour plus d'informations, cliquez ici pour télécharger l'affiche PDF</a><br>Les horaires du calculateur d'itinéraire tiennent compte des travaux.<br>Motif : travaux.</p> / Ligne H : Paris Nord - Luzarches 03/01-16/12";20220415T171513;Transilien Train Transilien H;d90114ec-bcce-11ec-be82-005056a47b86;travaux
active;Incidents;30;perturbée;SIGNIFICANT_DELAYS;20220712T223000;20220713T030000;d90114ec-bcce-11ec-be82-005056a47b86;" / Ligne H : Paris Nord - Luzarches 03/01-16/12 / <p>Période : en soirée.<br>Dates : du lundi 03 janvier au vendredi 16 décembre 2022, sauf les week-ends.<br>Le trafic est interrompu entre Paris Gare du Nord et Luzarches.<br>Un service de bus de remplacement est mis en place, avec desserte des gares intermédiaires.<br><a href=""https://transilien.com/sites/transilien/files/sentinelle-20220103-h-pno-luz-0301-1612.pdf"" target=""""></a><a href=""https://www.transilien.com/sites/transilien/files/sentinelle-20220301-h-parisnord-luzarches-jusquau16decembre-sf21juin.pdf"" target=""""><br>Pour plus d'informations, cliquez ici pour télécharger l'affiche PDF</a><br>Les horaires du calculateur d'itinéraire tiennent compte des travaux.<br>Motif : travaux.</p> / Ligne H : Paris Nord - Luzarches 03/01-16/12";20220415T171513;Transilien Train Transilien H;d90114ec-bcce-11ec-be82-005056a47b86;travaux
active;Incidents;30;perturbée;SIGNIFICANT_DELAYS;20220603T223000;20220604T030000;d90114ec-bcce-11ec-be82-005056a47b86;" / Ligne H : Paris Nord - Luzarches 03/01-16/12 / <p>Période : en soirée.<br>Dates : du lundi 03 janvier au vendredi 16 décembre 2022, sauf les week-ends.<br>Le trafic est interrompu entre Paris Gare du Nord et Luzarches.<br>Un service de bus de remplacement est mis en place, avec desserte des gares intermédiaires.<br><a href=""https://transilien.com/sites/transilien/files/sentinelle-20220103-h-pno-luz-0301-1612.pdf"" target=""""></a><a href=""https://www.transilien.com/sites/transilien/files/sentinelle-20220301-h-parisnord-luzarches-jusquau16decembre-sf21juin.pdf"" target=""""><br>Pour plus d'informations, cliquez ici pour télécharger l'affiche PDF</a><br>Les horaires du calculateur d'itinéraire tiennent compte des travaux.<br>Motif : travaux.</p> / Ligne H : Paris Nord - Luzarches 03/01-16/12";20220415T171513;Transilien Train Transilien H;d90114ec-bcce-11ec-be82-005056a47b86;travaux
active;Incidents;30;perturbée;SIGNIFICANT_DELAYS;20220627T230000;20220628T070000;f74f70ac-cbc3-11ec-9069-005056a44da2;" / Ligne H : Persan - Creil du 07/06 au 15/07 / <p>Période : à partir de 21h00 jusqu'à 05h00.<br>Dates : du mardi 07 juin au vendredi 15 juillet sauf le 14 juillet.<br>Le trafic est interrompu entre Persan Beaumont et Creil.<br>Un service de bus de remplacement est mis en place, avec desserte des gares intermédiaires.<br><a href=""https://www.transilien.com/sites/transilien/files/sentinelle-h-persan-creil-du07juinau15juillet.pdf"" target="""">Pour plus d'informations, cliquez ici pour télécharger l'affiche PDF.</a><br>Les horaires du calculateur d'itinéraire ne tiennent pas compte des travaux.<br>Motif : travaux de maintenance.</p> / Ligne H : Persan - Creil du 07/06 au 15/07";20220504T180507;Transilien Train Transilien H;f74f70ac-cbc3-11ec-9069-005056a44da2;travaux
active;Incidents;30;perturbée;SIGNIFICANT_DELAYS;20220624T230000;20220625T070000;f74f70ac-cbc3-11ec-9069-005056a44da2;" / Ligne H : Persan - Creil du 07/06 au 15/07 / <p>Période : à partir de 21h00 jusqu'à 05h00.<br>Dates : du mardi 07 juin au vendredi 15 juillet sauf le 14 juillet.<br>Le trafic est interrompu entre Persan Beaumont et Creil.<br>Un service de bus de remplacement est mis en place, avec desserte des gares intermédiaires.<br><a href=""https://www.transilien.com/sites/transilien/files/sentinelle-h-persan-creil-du07juinau15juillet.pdf"" target="""">Pour plus d'informations, cliquez ici pour télécharger l'affiche PDF.</a><br>Les horaires du calculateur d'itinéraire ne tiennent pas compte des travaux.<br>Motif : travaux de maintenance.</p> / Ligne H : Persan - Creil du 07/06 au 15/07";20220504T180507;Transilien Train Transilien H;f74f70ac-cbc3-11ec-9069-005056a44da2;travaux
active;Incidents;30;perturbée;SIGNIFICANT_DELAYS;20220623T230000;20220624T070000;f74f70ac-cbc3-11ec-9069-005056a44da2;" / Ligne H : Persan - Creil du 07/06 au 15/07 / <p>Période : à partir de 21h00 jusqu'à 05h00.<br>Dates : du mardi 07 juin au vendredi 15 juillet sauf le 14 juillet.<br>Le trafic est interrompu entre Persan Beaumont et Creil.<br>Un service de bus de remplacement est mis en place, avec desserte des gares intermédiaires.<br><a href=""https://www.transilien.com/sites/transilien/files/sentinelle-h-persan-creil-du07juinau15juillet.pdf"" target="""">Pour plus d'informations, cliquez ici pour télécharger l'affiche PDF.</a><br>Les horaires du calculateur d'itinéraire ne tiennent pas compte des travaux.<br>Motif : travaux de maintenance.</p> / Ligne H : Persan - Creil du 07/06 au 15/07";20220504T180507;Transilien Train Transilien H;f74f70ac-cbc3-11ec-9069-005056a44da2;travaux
active;Incidents;30;perturbée;SIGNIFICANT_DELAYS;20220622T230000;20220623T070000;f74f70ac-cbc3-11ec-9069-005056a44da2;" / Ligne H : Persan - Creil du 07/06 au 15/07 / <p>Période : à partir de 21h00 jusqu'à 05h00.<br>Dates : du mardi 07 juin au vendredi 15 juillet sauf le 14 juillet.<br>Le trafic est interrompu entre Persan Beaumont et Creil.<br>Un service de bus de remplacement est mis en place, avec desserte des gares intermédiaires.<br><a href=""https://www.transilien.com/sites/transilien/files/sentinelle-h-persan-creil-du07juinau15juillet.pdf"" target="""">Pour plus d'informations, cliquez ici pour télécharger l'affiche PDF.</a><br>Les horaires du calculateur d'itinéraire ne tiennent pas compte des travaux.<br>Motif : travaux de maintenance.</p> / Ligne H : Persan - Creil du 07/06 au 15/07";20220504T180507;Transilien Train Transilien H;f74f70ac-cbc3-11ec-9069-005056a44da2;travaux
active;Incidents;30;perturbée;SIGNIFICANT_DELAYS;20220621T230000;20220622T070000;f74f70ac-cbc3-11ec-9069-005056a44da2;" / Ligne H : Persan - Creil du 07/06 au 15/07 / <p>Période : à partir de 21h00 jusqu'à 05h00.<br>Dates : du mardi 07 juin au vendredi 15 juillet sauf le 14 juillet.<br>Le trafic est interrompu entre Persan Beaumont et Creil.<br>Un service de bus de remplacement est mis en place, avec desserte des gares intermédiaires.<br><a href=""https://www.transilien.com/sites/transilien/files/sentinelle-h-persan-creil-du07juinau15juillet.pdf"" target="""">Pour plus d'informations, cliquez ici pour télécharger l'affiche PDF.</a><br>Les horaires du calculateur d'itinéraire ne tiennent pas compte des travaux.<br>Motif : travaux de maintenance.</p> / Ligne H : Persan - Creil du 07/06 au 15/07";20220504T180507;Transilien Train Transilien H;f74f70ac-cbc3-11ec-9069-005056a44da2;travaux
active;Incidents;30;perturbée;SIGNIFICANT_DELAYS;20220620T230000;20220621T070000;f74f70ac-cbc3-11ec-9069-005056a44da2;" / Ligne H : Persan - Creil du 07/06 au 15/07 / <p>Période : à partir de 21h00 jusqu'à 05h00.<br>Dates : du mardi 07 juin au vendredi 15 juillet sauf le 14 juillet.<br>Le trafic est interrompu entre Persan Beaumont et Creil.<br>Un service de bus de remplacement est mis en place, avec desserte des gares intermédiaires.<br><a href=""https://www.transilien.com/sites/transilien/files/sentinelle-h-persan-creil-du07juinau15juillet.pdf"" target="""">Pour plus d'informations, cliquez ici pour télécharger l'affiche PDF.</a><br>Les horaires du calculateur d'itinéraire ne tiennent pas compte des travaux.<br>Motif : travaux de maintenance.</p> / Ligne H : Persan - Creil du 07/06 au 15/07";20220504T180507;Transilien Train Transilien H;f74f70ac-cbc3-11ec-9069-005056a44da2;travaux
active;Incidents;30;perturbée;SIGNIFICANT_DELAYS;20220617T230000;20220618T070000;f74f70ac-cbc3-11ec-9069-005056a44da2;" / Ligne H : Persan - Creil du 07/06 au 15/07 / <p>Période : à partir de 21h00 jusqu'à 05h00.<br>Dates : du mardi 07 juin au vendredi 15 juillet sauf le 14 juillet.<br>Le trafic est interrompu entre Persan Beaumont et Creil.<br>Un service de bus de remplacement est mis en place, avec desserte des gares intermédiaires.<br><a href=""https://www.transilien.com/sites/transilien/files/sentinelle-h-persan-creil-du07juinau15juillet.pdf"" target="""">Pour plus d'informations, cliquez ici pour télécharger l'affiche PDF.</a><br>Les horaires du calculateur d'itinéraire ne tiennent pas compte des travaux.<br>Motif : travaux de maintenance.</p> / Ligne H : Persan - Creil du 07/06 au 15/07";20220504T180507;Transilien Train Transilien H;f74f70ac-cbc3-11ec-9069-005056a44da2;travaux
active;Incidents;30;perturbée;SIGNIFICANT_DELAYS;20220616T230000;20220617T070000;f74f70ac-cbc3-11ec-9069-005056a44da2;" / Ligne H : Persan - Creil du 07/06 au 15/07 / <p>Période : à partir de 21h00 jusqu'à 05h00.<br>Dates : du mardi 07 juin au vendredi 15 juillet sauf le 14 juillet.<br>Le trafic est interrompu entre Persan Beaumont et Creil.<br>Un service de bus de remplacement est mis en place, avec desserte des gares intermédiaires.<br><a href=""https://www.transilien.com/sites/transilien/files/sentinelle-h-persan-creil-du07juinau15juillet.pdf"" target="""">Pour plus d'informations, cliquez ici pour télécharger l'affiche PDF.</a><br>Les horaires du calculateur d'itinéraire ne tiennent pas compte des travaux.<br>Motif : travaux de maintenance.</p> / Ligne H : Persan - Creil du 07/06 au 15/07";20220504T180507;Transilien Train Transilien H;f74f70ac-cbc3-11ec-9069-005056a44da2;travaux
active;Incidents;30;perturbée;SIGNIFICANT_DELAYS;20220615T230000;20220616T070000;f74f70ac-cbc3-11ec-9069-005056a44da2;" / Ligne H : Persan - Creil du 07/06 au 15/07 / <p>Période : à partir de 21h00 jusqu'à 05h00.<br>Dates : du mardi 07 juin au vendredi 15 juillet sauf le 14 juillet.<br>Le trafic est interrompu entre Persan Beaumont et Creil.<br>Un service de bus de remplacement est mis en place, avec desserte des gares intermédiaires.<br><a href=""https://www.transilien.com/sites/transilien/files/sentinelle-h-persan-creil-du07juinau15juillet.pdf"" target="""">Pour plus d'informations, cliquez ici pour télécharger l'affiche PDF.</a><br>Les horaires du calculateur d'itinéraire ne tiennent pas compte des travaux.<br>Motif : travaux de maintenance.</p> / Ligne H : Persan - Creil du 07/06 au 15/07";20220504T180507;Transilien Train Transilien H;f74f70ac-cbc3-11ec-9069-005056a44da2;travaux
active;Incidents;30;perturbée;SIGNIFICANT_DELAYS;20220614T230000;20220615T070000;f74f70ac-cbc3-11ec-9069-005056a44da2;" / Ligne H : Persan - Creil du 07/06 au 15/07 / <p>Période : à partir de 21h00 jusqu'à 05h00.<br>Dates : du mardi 07 juin au vendredi 15 juillet sauf le 14 juillet.<br>Le trafic est interrompu entre Persan Beaumont et Creil.<br>Un service de bus de remplacement est mis en place, avec desserte des gares intermédiaires.<br><a href=""https://www.transilien.com/sites/transilien/files/sentinelle-h-persan-creil-du07juinau15juillet.pdf"" target="""">Pour plus d'informations, cliquez ici pour télécharger l'affiche PDF.</a><br>Les horaires du calculateur d'itinéraire ne tiennent pas compte des travaux.<br>Motif : travaux de maintenance.</p> / Ligne H : Persan - Creil du 07/06 au 15/07";20220504T180507;Transilien Train Transilien H;f74f70ac-cbc3-11ec-9069-005056a44da2;travaux
active;Incidents;30;perturbée;SIGNIFICANT_DELAYS;20220613T230000;20220614T070000;f74f70ac-cbc3-11ec-9069-005056a44da2;" / Ligne H : Persan - Creil du 07/06 au 15/07 / <p>Période : à partir de 21h00 jusqu'à 05h00.<br>Dates : du mardi 07 juin au vendredi 15 juillet sauf le 14 juillet.<br>Le trafic est interrompu entre Persan Beaumont et Creil.<br>Un service de bus de remplacement est mis en place, avec desserte des gares intermédiaires.<br><a href=""https://www.transilien.com/sites/transilien/files/sentinelle-h-persan-creil-du07juinau15juillet.pdf"" target="""">Pour plus d'informations, cliquez ici pour télécharger l'affiche PDF.</a><br>Les horaires du calculateur d'itinéraire ne tiennent pas compte des travaux.<br>Motif : travaux de maintenance.</p> / Ligne H : Persan - Creil du 07/06 au 15/07";20220504T180507;Transilien Train Transilien H;f74f70ac-cbc3-11ec-9069-005056a44da2;travaux
active;Incidents;30;perturbée;SIGNIFICANT_DELAYS;20220610T230000;20220611T070000;f74f70ac-cbc3-11ec-9069-005056a44da2;" / Ligne H : Persan - Creil du 07/06 au 15/07 / <p>Période : à partir de 21h00 jusqu'à 05h00.<br>Dates : du mardi 07 juin au vendredi 15 juillet sauf le 14 juillet.<br>Le trafic est interrompu entre Persan Beaumont et Creil.<br>Un service de bus de remplacement est mis en place, avec desserte des gares intermédiaires.<br><a href=""https://www.transilien.com/sites/transilien/files/sentinelle-h-persan-creil-du07juinau15juillet.pdf"" target="""">Pour plus d'informations, cliquez ici pour télécharger l'affiche PDF.</a><br>Les horaires du calculateur d'itinéraire ne tiennent pas compte des travaux.<br>Motif : travaux de maintenance.</p> / Ligne H : Persan - Creil du 07/06 au 15/07";20220504T180507;Transilien Train Transilien H;f74f70ac-cbc3-11ec-9069-005056a44da2;travaux
active;Incidents;30;perturbée;SIGNIFICANT_DELAYS;20220609T230000;20220610T070000;f74f70ac-cbc3-11ec-9069-005056a44da2;" / Ligne H : Persan - Creil du 07/06 au 15/07 / <p>Période : à partir de 21h00 jusqu'à 05h00.<br>Dates : du mardi 07 juin au vendredi 15 juillet sauf le 14 juillet.<br>Le trafic est interrompu entre Persan Beaumont et Creil.<br>Un service de bus de remplacement est mis en place, avec desserte des gares intermédiaires.<br><a href=""https://www.transilien.com/sites/transilien/files/sentinelle-h-persan-creil-du07juinau15juillet.pdf"" target="""">Pour plus d'informations, cliquez ici pour télécharger l'affiche PDF.</a><br>Les horaires du calculateur d'itinéraire ne tiennent pas compte des travaux.<br>Motif : travaux de maintenance.</p> / Ligne H : Persan - Creil du 07/06 au 15/07";20220504T180507;Transilien Train Transilien H;f74f70ac-cbc3-11ec-9069-005056a44da2;travaux
active;Incidents;30;perturbée;SIGNIFICANT_DELAYS;20220608T230000;20220609T070000;f74f70ac-cbc3-11ec-9069-005056a44da2;" / Ligne H : Persan - Creil du 07/06 au 15/07 / <p>Période : à partir de 21h00 jusqu'à 05h00.<br>Dates : du mardi 07 juin au vendredi 15 juillet sauf le 14 juillet.<br>Le trafic est interrompu entre Persan Beaumont et Creil.<br>Un service de bus de remplacement est mis en place, avec desserte des gares intermédiaires.<br><a href=""https://www.transilien.com/sites/transilien/files/sentinelle-h-persan-creil-du07juinau15juillet.pdf"" target="""">Pour plus d'informations, cliquez ici pour télécharger l'affiche PDF.</a><br>Les horaires du calculateur d'itinéraire ne tiennent pas compte des travaux.<br>Motif : travaux de maintenance.</p> / Ligne H : Persan - Creil du 07/06 au 15/07";20220504T180507;Transilien Train Transilien H;f74f70ac-cbc3-11ec-9069-005056a44da2;travaux
active;Incidents;30;perturbée;SIGNIFICANT_DELAYS;20220607T230000;20220608T070000;f74f70ac-cbc3-11ec-9069-005056a44da2;" / Ligne H : Persan - Creil du 07/06 au 15/07 / <p>Période : à partir de 21h00 jusqu'à 05h00.<br>Dates : du mardi 07 juin au vendredi 15 juillet sauf le 14 juillet.<br>Le trafic est interrompu entre Persan Beaumont et Creil.<br>Un service de bus de remplacement est mis en place, avec desserte des gares intermédiaires.<br><a href=""https://www.transilien.com/sites/transilien/files/sentinelle-h-persan-creil-du07juinau15juillet.pdf"" target="""">Pour plus d'informations, cliquez ici pour télécharger l'affiche PDF.</a><br>Les horaires du calculateur d'itinéraire ne tiennent pas compte des travaux.<br>Motif : travaux de maintenance.</p> / Ligne H : Persan - Creil du 07/06 au 15/07";20220504T180507;Transilien Train Transilien H;f74f70ac-cbc3-11ec-9069-005056a44da2;travaux
active;Incidents;30;perturbée;SIGNIFICANT_DELAYS;20220606T230000;20220607T070000;f74f70ac-cbc3-11ec-9069-005056a44da2;" / Ligne H : Persan - Creil du 07/06 au 15/07 / <p>Période : à partir de 21h00 jusqu'à 05h00.<br>Dates : du mardi 07 juin au vendredi 15 juillet sauf le 14 juillet.<br>Le trafic est interrompu entre Persan Beaumont et Creil.<br>Un service de bus de remplacement est mis en place, avec desserte des gares intermédiaires.<br><a href=""https://www.transilien.com/sites/transilien/files/sentinelle-h-persan-creil-du07juinau15juillet.pdf"" target="""">Pour plus d'informations, cliquez ici pour télécharger l'affiche PDF.</a><br>Les horaires du calculateur d'itinéraire ne tiennent pas compte des travaux.<br>Motif : travaux de maintenance.</p> / Ligne H : Persan - Creil du 07/06 au 15/07";20220504T180507;Transilien Train Transilien H;f74f70ac-cbc3-11ec-9069-005056a44da2;travaux
active;Incidents;30;perturbée;SIGNIFICANT_DELAYS;20220715T230000;20220716T050000;f74f70ac-cbc3-11ec-9069-005056a44da2;" / Ligne H : Persan - Creil du 07/06 au 15/07 / <p>Période : à partir de 21h00 jusqu'à 05h00.<br>Dates : du mardi 07 juin au vendredi 15 juillet sauf le 14 juillet.<br>Le trafic est interrompu entre Persan Beaumont et Creil.<br>Un service de bus de remplacement est mis en place, avec desserte des gares intermédiaires.<br><a href=""https://www.transilien.com/sites/transilien/files/sentinelle-h-persan-creil-du07juinau15juillet.pdf"" target="""">Pour plus d'informations, cliquez ici pour télécharger l'affiche PDF.</a><br>Les horaires du calculateur d'itinéraire ne tiennent pas compte des travaux.<br>Motif : travaux de maintenance.</p> / Ligne H : Persan - Creil du 07/06 au 15/07";20220504T180507;Transilien Train Transilien H;f74f70ac-cbc3-11ec-9069-005056a44da2;travaux
active;Incidents;30;perturbée;SIGNIFICANT_DELAYS;20220628T230000;20220629T070000;f74f70ac-cbc3-11ec-9069-005056a44da2;" / Ligne H : Persan - Creil du 07/06 au 15/07 / <p>Période : à partir de 21h00 jusqu'à 05h00.<br>Dates : du mardi 07 juin au vendredi 15 juillet sauf le 14 juillet.<br>Le trafic est interrompu entre Persan Beaumont et Creil.<br>Un service de bus de remplacement est mis en place, avec desserte des gares intermédiaires.<br><a href=""https://www.transilien.com/sites/transilien/files/sentinelle-h-persan-creil-du07juinau15juillet.pdf"" target="""">Pour plus d'informations, cliquez ici pour télécharger l'affiche PDF.</a><br>Les horaires du calculateur d'itinéraire ne tiennent pas compte des travaux.<br>Motif : travaux de maintenance.</p> / Ligne H : Persan - Creil du 07/06 au 15/07";20220504T180507;Transilien Train Transilien H;f74f70ac-cbc3-11ec-9069-005056a44da2;travaux
active;Incidents;30;perturbée;SIGNIFICANT_DELAYS;20220714T230000;20220715T070000;f74f70ac-cbc3-11ec-9069-005056a44da2;" / Ligne H : Persan - Creil du 07/06 au 15/07 / <p>Période : à partir de 21h00 jusqu'à 05h00.<br>Dates : du mardi 07 juin au vendredi 15 juillet sauf le 14 juillet.<br>Le trafic est interrompu entre Persan Beaumont et Creil.<br>Un service de bus de remplacement est mis en place, avec desserte des gares intermédiaires.<br><a href=""https://www.transilien.com/sites/transilien/files/sentinelle-h-persan-creil-du07juinau15juillet.pdf"" target="""">Pour plus d'informations, cliquez ici pour télécharger l'affiche PDF.</a><br>Les horaires du calculateur d'itinéraire ne tiennent pas compte des travaux.<br>Motif : travaux de maintenance.</p> / Ligne H : Persan - Creil du 07/06 au 15/07";20220504T180507;Transilien Train Transilien H;f74f70ac-cbc3-11ec-9069-005056a44da2;travaux
active;Incidents;30;perturbée;SIGNIFICANT_DELAYS;20220713T230000;20220714T070000;f74f70ac-cbc3-11ec-9069-005056a44da2;" / Ligne H : Persan - Creil du 07/06 au 15/07 / <p>Période : à partir de 21h00 jusqu'à 05h00.<br>Dates : du mardi 07 juin au vendredi 15 juillet sauf le 14 juillet.<br>Le trafic est interrompu entre Persan Beaumont et Creil.<br>Un service de bus de remplacement est mis en place, avec desserte des gares intermédiaires.<br><a href=""https://www.transilien.com/sites/transilien/files/sentinelle-h-persan-creil-du07juinau15juillet.pdf"" target="""">Pour plus d'informations, cliquez ici pour télécharger l'affiche PDF.</a><br>Les horaires du calculateur d'itinéraire ne tiennent pas compte des travaux.<br>Motif : travaux de maintenance.</p> / Ligne H : Persan - Creil du 07/06 au 15/07";20220504T180507;Transilien Train Transilien H;f74f70ac-cbc3-11ec-9069-005056a44da2;travaux
active;Incidents;30;perturbée;SIGNIFICANT_DELAYS;20220712T230000;20220713T070000;f74f70ac-cbc3-11ec-9069-005056a44da2;" / Ligne H : Persan - Creil du 07/06 au 15/07 / <p>Période : à partir de 21h00 jusqu'à 05h00.<br>Dates : du mardi 07 juin au vendredi 15 juillet sauf le 14 juillet.<br>Le trafic est interrompu entre Persan Beaumont et Creil.<br>Un service de bus de remplacement est mis en place, avec desserte des gares intermédiaires.<br><a href=""https://www.transilien.com/sites/transilien/files/sentinelle-h-persan-creil-du07juinau15juillet.pdf"" target="""">Pour plus d'informations, cliquez ici pour télécharger l'affiche PDF.</a><br>Les horaires du calculateur d'itinéraire ne tiennent pas compte des travaux.<br>Motif : travaux de maintenance.</p> / Ligne H : Persan - Creil du 07/06 au 15/07";20220504T180507;Transilien Train Transilien H;f74f70ac-cbc3-11ec-9069-005056a44da2;travaux
active;Incidents;30;perturbée;SIGNIFICANT_DELAYS;20220711T230000;20220712T070000;f74f70ac-cbc3-11ec-9069-005056a44da2;" / Ligne H : Persan - Creil du 07/06 au 15/07 / <p>Période : à partir de 21h00 jusqu'à 05h00.<br>Dates : du mardi 07 juin au vendredi 15 juillet sauf le 14 juillet.<br>Le trafic est interrompu entre Persan Beaumont et Creil.<br>Un service de bus de remplacement est mis en place, avec desserte des gares intermédiaires.<br><a href=""https://www.transilien.com/sites/transilien/files/sentinelle-h-persan-creil-du07juinau15juillet.pdf"" target="""">Pour plus d'informations, cliquez ici pour télécharger l'affiche PDF.</a><br>Les horaires du calculateur d'itinéraire ne tiennent pas compte des travaux.<br>Motif : travaux de maintenance.</p> / Ligne H : Persan - Creil du 07/06 au 15/07";20220504T180507;Transilien Train Transilien H;f74f70ac-cbc3-11ec-9069-005056a44da2;travaux
active;Incidents;30;perturbée;SIGNIFICANT_DELAYS;20220708T230000;20220709T070000;f74f70ac-cbc3-11ec-9069-005056a44da2;" / Ligne H : Persan - Creil du 07/06 au 15/07 / <p>Période : à partir de 21h00 jusqu'à 05h00.<br>Dates : du mardi 07 juin au vendredi 15 juillet sauf le 14 juillet.<br>Le trafic est interrompu entre Persan Beaumont et Creil.<br>Un service de bus de remplacement est mis en place, avec desserte des gares intermédiaires.<br><a href=""https://www.transilien.com/sites/transilien/files/sentinelle-h-persan-creil-du07juinau15juillet.pdf"" target="""">Pour plus d'informations, cliquez ici pour télécharger l'affiche PDF.</a><br>Les horaires du calculateur d'itinéraire ne tiennent pas compte des travaux.<br>Motif : travaux de maintenance.</p> / Ligne H : Persan - Creil du 07/06 au 15/07";20220504T180507;Transilien Train Transilien H;f74f70ac-cbc3-11ec-9069-005056a44da2;travaux
active;Incidents;30;perturbée;SIGNIFICANT_DELAYS;20220707T230000;20220708T070000;f74f70ac-cbc3-11ec-9069-005056a44da2;" / Ligne H : Persan - Creil du 07/06 au 15/07 / <p>Période : à partir de 21h00 jusqu'à 05h00.<br>Dates : du mardi 07 juin au vendredi 15 juillet sauf le 14 juillet.<br>Le trafic est interrompu entre Persan Beaumont et Creil.<br>Un service de bus de remplacement est mis en place, avec desserte des gares intermédiaires.<br><a href=""https://www.transilien.com/sites/transilien/files/sentinelle-h-persan-creil-du07juinau15juillet.pdf"" target="""">Pour plus d'informations, cliquez ici pour télécharger l'affiche PDF.</a><br>Les horaires du calculateur d'itinéraire ne tiennent pas compte des travaux.<br>Motif : travaux de maintenance.</p> / Ligne H : Persan - Creil du 07/06 au 15/07";20220504T180507;Transilien Train Transilien H;f74f70ac-cbc3-11ec-9069-005056a44da2;travaux
active;Incidents;30;perturbée;SIGNIFICANT_DELAYS;20220706T230000;20220707T070000;f74f70ac-cbc3-11ec-9069-005056a44da2;" / Ligne H : Persan - Creil du 07/06 au 15/07 / <p>Période : à partir de 21h00 jusqu'à 05h00.<br>Dates : du mardi 07 juin au vendredi 15 juillet sauf le 14 juillet.<br>Le trafic est interrompu entre Persan Beaumont et Creil.<br>Un service de bus de remplacement est mis en place, avec desserte des gares intermédiaires.<br><a href=""https://www.transilien.com/sites/transilien/files/sentinelle-h-persan-creil-du07juinau15juillet.pdf"" target="""">Pour plus d'informations, cliquez ici pour télécharger l'affiche PDF.</a><br>Les horaires du calculateur d'itinéraire ne tiennent pas compte des travaux.<br>Motif : travaux de maintenance.</p> / Ligne H : Persan - Creil du 07/06 au 15/07";20220504T180507;Transilien Train Transilien H;f74f70ac-cbc3-11ec-9069-005056a44da2;travaux
active;Incidents;30;perturbée;SIGNIFICANT_DELAYS;20220705T230000;20220706T070000;f74f70ac-cbc3-11ec-9069-005056a44da2;" / Ligne H : Persan - Creil du 07/06 au 15/07 / <p>Période : à partir de 21h00 jusqu'à 05h00.<br>Dates : du mardi 07 juin au vendredi 15 juillet sauf le 14 juillet.<br>Le trafic est interrompu entre Persan Beaumont et Creil.<br>Un service de bus de remplacement est mis en place, avec desserte des gares intermédiaires.<br><a href=""https://www.transilien.com/sites/transilien/files/sentinelle-h-persan-creil-du07juinau15juillet.pdf"" target="""">Pour plus d'informations, cliquez ici pour télécharger l'affiche PDF.</a><br>Les horaires du calculateur d'itinéraire ne tiennent pas compte des travaux.<br>Motif : travaux de maintenance.</p> / Ligne H : Persan - Creil du 07/06 au 15/07";20220504T180507;Transilien Train Transilien H;f74f70ac-cbc3-11ec-9069-005056a44da2;travaux
active;Incidents;30;perturbée;SIGNIFICANT_DELAYS;20220704T230000;20220705T070000;f74f70ac-cbc3-11ec-9069-005056a44da2;" / Ligne H : Persan - Creil du 07/06 au 15/07 / <p>Période : à partir de 21h00 jusqu'à 05h00.<br>Dates : du mardi 07 juin au vendredi 15 juillet sauf le 14 juillet.<br>Le trafic est interrompu entre Persan Beaumont et Creil.<br>Un service de bus de remplacement est mis en place, avec desserte des gares intermédiaires.<br><a href=""https://www.transilien.com/sites/transilien/files/sentinelle-h-persan-creil-du07juinau15juillet.pdf"" target="""">Pour plus d'informations, cliquez ici pour télécharger l'affiche PDF.</a><br>Les horaires du calculateur d'itinéraire ne tiennent pas compte des travaux.<br>Motif : travaux de maintenance.</p> / Ligne H : Persan - Creil du 07/06 au 15/07";20220504T180507;Transilien Train Transilien H;f74f70ac-cbc3-11ec-9069-005056a44da2;travaux
active;Incidents;30;perturbée;SIGNIFICANT_DELAYS;20220701T230000;20220702T070000;f74f70ac-cbc3-11ec-9069-005056a44da2;" / Ligne H : Persan - Creil du 07/06 au 15/07 / <p>Période : à partir de 21h00 jusqu'à 05h00.<br>Dates : du mardi 07 juin au vendredi 15 juillet sauf le 14 juillet.<br>Le trafic est interrompu entre Persan Beaumont et Creil.<br>Un service de bus de remplacement est mis en place, avec desserte des gares intermédiaires.<br><a href=""https://www.transilien.com/sites/transilien/files/sentinelle-h-persan-creil-du07juinau15juillet.pdf"" target="""">Pour plus d'informations, cliquez ici pour télécharger l'affiche PDF.</a><br>Les horaires du calculateur d'itinéraire ne tiennent pas compte des travaux.<br>Motif : travaux de maintenance.</p> / Ligne H : Persan - Creil du 07/06 au 15/07";20220504T180507;Transilien Train Transilien H;f74f70ac-cbc3-11ec-9069-005056a44da2;travaux
active;Incidents;30;perturbée;SIGNIFICANT_DELAYS;20220630T230000;20220701T070000;f74f70ac-cbc3-11ec-9069-005056a44da2;" / Ligne H : Persan - Creil du 07/06 au 15/07 / <p>Période : à partir de 21h00 jusqu'à 05h00.<br>Dates : du mardi 07 juin au vendredi 15 juillet sauf le 14 juillet.<br>Le trafic est interrompu entre Persan Beaumont et Creil.<br>Un service de bus de remplacement est mis en place, avec desserte des gares intermédiaires.<br><a href=""https://www.transilien.com/sites/transilien/files/sentinelle-h-persan-creil-du07juinau15juillet.pdf"" target="""">Pour plus d'informations, cliquez ici pour télécharger l'affiche PDF.</a><br>Les horaires du calculateur d'itinéraire ne tiennent pas compte des travaux.<br>Motif : travaux de maintenance.</p> / Ligne H : Persan - Creil du 07/06 au 15/07";20220504T180507;Transilien Train Transilien H;f74f70ac-cbc3-11ec-9069-005056a44da2;travaux
active;Incidents;30;perturbée;SIGNIFICANT_DELAYS;20220629T230000;20220630T070000;f74f70ac-cbc3-11ec-9069-005056a44da2;" / Ligne H : Persan - Creil du 07/06 au 15/07 / <p>Période : à partir de 21h00 jusqu'à 05h00.<br>Dates : du mardi 07 juin au vendredi 15 juillet sauf le 14 juillet.<br>Le trafic est interrompu entre Persan Beaumont et Creil.<br>Un service de bus de remplacement est mis en place, avec desserte des gares intermédiaires.<br><a href=""https://www.transilien.com/sites/transilien/files/sentinelle-h-persan-creil-du07juinau15juillet.pdf"" target="""">Pour plus d'informations, cliquez ici pour télécharger l'affiche PDF.</a><br>Les horaires du calculateur d'itinéraire ne tiennent pas compte des travaux.<br>Motif : travaux de maintenance.</p> / Ligne H : Persan - Creil du 07/06 au 15/07";20220504T180507;Transilien Train Transilien H;f74f70ac-cbc3-11ec-9069-005056a44da2;travaux
active;Incidents;30;perturbée;SIGNIFICANT_DELAYS;20220509T141059;20230509T141059;0bb0130a-d2e8-11ec-8e1f-005056a47b86; / Panne d'un ascenseur / GARE DE LYON Panne de l'ascenseur situé Salle d échange - Quai Central, direction Olympiades - Saint-Lazare, jusqu'au 2022-10-31 / GARE DE LYON Panne de l'ascenseur situé Salle d échange - Quai Central, direction Olympiades - Saint-Lazare, jusqu'au 2022-10-31 / GARE DE LYON Panne ascenseur jusqu'au 2022-10-31 situé Salle d échange - Quai Central, dir. Olympiades - Saint-Lazare;20220513T201101;Gare de Lyon (Paris);0bb0130a-d2e8-11ec-8e1f-005056a47b86;perturbation
future;Incidents;30;perturbée;SIGNIFICANT_DELAYS;20220729T235500;20220730T030000;a2a6dfd0-d5c4-11ec-8f65-005056a47b86;" / Ligne N : Paris Montp. - Rambouillet du 15 au 29/7 / <p>Période : les vendredis à partir de 0h30.<br>Dates : du 15 au 29 juillet.<br>Le trafic est interrompu de Paris Montparnasse vers Rambouillet.<br>Un service de bus de remplacement est mis en place, avec desserte des gares intermédiaires.<br><a href=""https://www.transilien.com/sites/transilien/files/sentinelle-n-paris-versailles-rambouillet-du15au29juillet.pdf"" target="""">Pour plus d'informations, cliquez ici pour télécharger l'affiche PDF.</a><br>Les horaires du calculateur d'itinéraire tiennent compte des travaux.<br>Motif : travaux de maintenance.</p> / <p>Période : les vendredis à partir de 0h30.<br>Dates : du 15 au 29 juillet.<br>Le trafic est interrompu de Paris Montparnasse vers Rambouillet.<br>Un service de bus de remplacement est mis en place, avec desserte des gares intermédiaires.<br><a href=""https://www.transilien.com/sites/transilien/files/sentinelle-n-paris-versailles-rambouillet-du15au29juillet.pdf"" target="""">Pour plus d'informations, cliquez ici pour télécharger l'affiche PDF.</a><br>Les horaires du calculateur d'itinéraire tiennent compte des travaux.<br>Motif : travaux de maintenance.</p> / Ligne N : Paris Montp. - Rambouillet du 15 au 29/7";20220517T113506;Transilien Train Transilien N;a2a6dfd0-d5c4-11ec-8f65-005056a47b86;travaux
future;Incidents;30;perturbée;SIGNIFICANT_DELAYS;20220722T235500;20220723T030000;a2a6dfd0-d5c4-11ec-8f65-005056a47b86;" / Ligne N : Paris Montp. - Rambouillet du 15 au 29/7 / <p>Période : les vendredis à partir de 0h30.<br>Dates : du 15 au 29 juillet.<br>Le trafic est interrompu de Paris Montparnasse vers Rambouillet.<br>Un service de bus de remplacement est mis en place, avec desserte des gares intermédiaires.<br><a href=""https://www.transilien.com/sites/transilien/files/sentinelle-n-paris-versailles-rambouillet-du15au29juillet.pdf"" target="""">Pour plus d'informations, cliquez ici pour télécharger l'affiche PDF.</a><br>Les horaires du calculateur d'itinéraire tiennent compte des travaux.<br>Motif : travaux de maintenance.</p> / <p>Période : les vendredis à partir de 0h30.<br>Dates : du 15 au 29 juillet.<br>Le trafic est interrompu de Paris Montparnasse vers Rambouillet.<br>Un service de bus de remplacement est mis en place, avec desserte des gares intermédiaires.<br><a href=""https://www.transilien.com/sites/transilien/files/sentinelle-n-paris-versailles-rambouillet-du15au29juillet.pdf"" target="""">Pour plus d'informations, cliquez ici pour télécharger l'affiche PDF.</a><br>Les horaires du calculateur d'itinéraire tiennent compte des travaux.<br>Motif : travaux de maintenance.</p> / Ligne N : Paris Montp. - Rambouillet du 15 au 29/7";20220517T113506;Transilien Train Transilien N;a2a6dfd0-d5c4-11ec-8f65-005056a47b86;travaux
future;Incidents;30;perturbée;SIGNIFICANT_DELAYS;20220715T235500;20220716T030000;a2a6dfd0-d5c4-11ec-8f65-005056a47b86;" / Ligne N : Paris Montp. - Rambouillet du 15 au 29/7 / <p>Période : les vendredis à partir de 0h30.<br>Dates : du 15 au 29 juillet.<br>Le trafic est interrompu de Paris Montparnasse vers Rambouillet.<br>Un service de bus de remplacement est mis en place, avec desserte des gares intermédiaires.<br><a href=""https://www.transilien.com/sites/transilien/files/sentinelle-n-paris-versailles-rambouillet-du15au29juillet.pdf"" target="""">Pour plus d'informations, cliquez ici pour télécharger l'affiche PDF.</a><br>Les horaires du calculateur d'itinéraire tiennent compte des travaux.<br>Motif : travaux de maintenance.</p> / <p>Période : les vendredis à partir de 0h30.<br>Dates : du 15 au 29 juillet.<br>Le trafic est interrompu de Paris Montparnasse vers Rambouillet.<br>Un service de bus de remplacement est mis en place, avec desserte des gares intermédiaires.<br><a href=""https://www.transilien.com/sites/transilien/files/sentinelle-n-paris-versailles-rambouillet-du15au29juillet.pdf"" target="""">Pour plus d'informations, cliquez ici pour télécharger l'affiche PDF.</a><br>Les horaires du calculateur d'itinéraire tiennent compte des travaux.<br>Motif : travaux de maintenance.</p> / Ligne N : Paris Montp. - Rambouillet du 15 au 29/7";20220517T113506;Transilien Train Transilien N;a2a6dfd0-d5c4-11ec-8f65-005056a47b86;travaux
active;Incidents;30;perturbée;SIGNIFICANT_DELAYS;20220704T213000;20220705T030000;641afcea-d5d5-11ec-9e1e-005056a44da2;" / Ligne N : Paris Montp. - Dreux du 4 au 29 juillet. / <p>Période : le soir à partir de 21h30.<br>Dates : du lundi 4 au vendredi 29 juillet.<br>Le trafic est interrompu entre Paris Montparnasse et Dreux.<br>Un service de bus de remplacement est mis en place, avec desserte des gares intermédiaires.<br><a href=""https://www.transilien.com/sites/transilien/files/sentinelle-n-paris-dreux-du04au29juillet.pdf"" target="""">Pour plus d'informations, cliquez ici pour télécharger l'affiche PDF.</a><br>Les horaires du calculateur d'itinéraire tiennent compte des travaux.<br>Motif : travaux de maintenance.</p> / <p>Période : le soir à partir de 21h30.<br>Dates : du lundi 4 au vendredi 29 juillet.<br>Le trafic est interrompu entre Paris Montparnasse et Dreux.<br>Un service de bus de remplacement est mis en place, avec desserte des gares intermédiaires.<br><a href=""https://www.transilien.com/sites/transilien/files/sentinelle-n-paris-dreux-du04au29juillet.pdf"" target="""">Pour plus d'informations, cliquez ici pour télécharger l'affiche PDF.</a><br>Les horaires du calculateur d'itinéraire tiennent compte des travaux.<br>Motif : travaux de maintenance.</p> / Ligne N : Paris Montp. - Dreux du 4 au 29 juillet.";20220517T133502;Transilien Train Transilien N;641afcea-d5d5-11ec-9e1e-005056a44da2;travaux
active;Incidents;30;perturbée;SIGNIFICANT_DELAYS;20220705T213000;20220706T030000;641afcea-d5d5-11ec-9e1e-005056a44da2;" / Ligne N : Paris Montp. - Dreux du 4 au 29 juillet. / <p>Période : le soir à partir de 21h30.<br>Dates : du lundi 4 au vendredi 29 juillet.<br>Le trafic est interrompu entre Paris Montparnasse et Dreux.<br>Un service de bus de remplacement est mis en place, avec desserte des gares intermédiaires.<br><a href=""https://www.transilien.com/sites/transilien/files/sentinelle-n-paris-dreux-du04au29juillet.pdf"" target="""">Pour plus d'informations, cliquez ici pour télécharger l'affiche PDF.</a><br>Les horaires du calculateur d'itinéraire tiennent compte des travaux.<br>Motif : travaux de maintenance.</p> / <p>Période : le soir à partir de 21h30.<br>Dates : du lundi 4 au vendredi 29 juillet.<br>Le trafic est interrompu entre Paris Montparnasse et Dreux.<br>Un service de bus de remplacement est mis en place, avec desserte des gares intermédiaires.<br><a href=""https://www.transilien.com/sites/transilien/files/sentinelle-n-paris-dreux-du04au29juillet.pdf"" target="""">Pour plus d'informations, cliquez ici pour télécharger l'affiche PDF.</a><br>Les horaires du calculateur d'itinéraire tiennent compte des travaux.<br>Motif : travaux de maintenance.</p> / Ligne N : Paris Montp. - Dreux du 4 au 29 juillet.";20220517T133502;Transilien Train Transilien N;641afcea-d5d5-11ec-9e1e-005056a44da2;travaux
active;Incidents;30;perturbée;SIGNIFICANT_DELAYS;20220729T213000;20220730T030000;641afcea-d5d5-11ec-9e1e-005056a44da2;" / Ligne N : Paris Montp. - Dreux du 4 au 29 juillet. / <p>Période : le soir à partir de 21h30.<br>Dates : du lundi 4 au vendredi 29 juillet.<br>Le trafic est interrompu entre Paris Montparnasse et Dreux.<br>Un service de bus de remplacement est mis en place, avec desserte des gares intermédiaires.<br><a href=""https://www.transilien.com/sites/transilien/files/sentinelle-n-paris-dreux-du04au29juillet.pdf"" target="""">Pour plus d'informations, cliquez ici pour télécharger l'affiche PDF.</a><br>Les horaires du calculateur d'itinéraire tiennent compte des travaux.<br>Motif : travaux de maintenance.</p> / <p>Période : le soir à partir de 21h30.<br>Dates : du lundi 4 au vendredi 29 juillet.<br>Le trafic est interrompu entre Paris Montparnasse et Dreux.<br>Un service de bus de remplacement est mis en place, avec desserte des gares intermédiaires.<br><a href=""https://www.transilien.com/sites/transilien/files/sentinelle-n-paris-dreux-du04au29juillet.pdf"" target="""">Pour plus d'informations, cliquez ici pour télécharger l'affiche PDF.</a><br>Les horaires du calculateur d'itinéraire tiennent compte des travaux.<br>Motif : travaux de maintenance.</p> / Ligne N : Paris Montp. - Dreux du 4 au 29 juillet.";20220517T133502;Transilien Train Transilien N;641afcea-d5d5-11ec-9e1e-005056a44da2;travaux
active;Incidents;30;perturbée;SIGNIFICANT_DELAYS;20220728T213000;20220729T030000;641afcea-d5d5-11ec-9e1e-005056a44da2;" / Ligne N : Paris Montp. - Dreux du 4 au 29 juillet. / <p>Période : le soir à partir de 21h30.<br>Dates : du lundi 4 au vendredi 29 juillet.<br>Le trafic est interrompu entre Paris Montparnasse et Dreux.<br>Un service de bus de remplacement est mis en place, avec desserte des gares intermédiaires.<br><a href=""https://www.transilien.com/sites/transilien/files/sentinelle-n-paris-dreux-du04au29juillet.pdf"" target="""">Pour plus d'informations, cliquez ici pour télécharger l'affiche PDF.</a><br>Les horaires du calculateur d'itinéraire tiennent compte des travaux.<br>Motif : travaux de maintenance.</p> / <p>Période : le soir à partir de 21h30.<br>Dates : du lundi 4 au vendredi 29 juillet.<br>Le trafic est interrompu entre Paris Montparnasse et Dreux.<br>Un service de bus de remplacement est mis en place, avec desserte des gares intermédiaires.<br><a href=""https://www.transilien.com/sites/transilien/files/sentinelle-n-paris-dreux-du04au29juillet.pdf"" target="""">Pour plus d'informations, cliquez ici pour télécharger l'affiche PDF.</a><br>Les horaires du calculateur d'itinéraire tiennent compte des travaux.<br>Motif : travaux de maintenance.</p> / Ligne N : Paris Montp. - Dreux du 4 au 29 juillet.";20220517T133502;Transilien Train Transilien N;641afcea-d5d5-11ec-9e1e-005056a44da2;travaux
active;Incidents;30;perturbée;SIGNIFICANT_DELAYS;20220727T213000;20220728T030000;641afcea-d5d5-11ec-9e1e-005056a44da2;" / Ligne N : Paris Montp. - Dreux du 4 au 29 juillet. / <p>Période : le soir à partir de 21h30.<br>Dates : du lundi 4 au vendredi 29 juillet.<br>Le trafic est interrompu entre Paris Montparnasse et Dreux.<br>Un service de bus de remplacement est mis en place, avec desserte des gares intermédiaires.<br><a href=""https://www.transilien.com/sites/transilien/files/sentinelle-n-paris-dreux-du04au29juillet.pdf"" target="""">Pour plus d'informations, cliquez ici pour télécharger l'affiche PDF.</a><br>Les horaires du calculateur d'itinéraire tiennent compte des travaux.<br>Motif : travaux de maintenance.</p> / <p>Période : le soir à partir de 21h30.<br>Dates : du lundi 4 au vendredi 29 juillet.<br>Le trafic est interrompu entre Paris Montparnasse et Dreux.<br>Un service de bus de remplacement est mis en place, avec desserte des gares intermédiaires.<br><a href=""https://www.transilien.com/sites/transilien/files/sentinelle-n-paris-dreux-du04au29juillet.pdf"" target="""">Pour plus d'informations, cliquez ici pour télécharger l'affiche PDF.</a><br>Les horaires du calculateur d'itinéraire tiennent compte des travaux.<br>Motif : travaux de maintenance.</p> / Ligne N : Paris Montp. - Dreux du 4 au 29 juillet.";20220517T133502;Transilien Train Transilien N;641afcea-d5d5-11ec-9e1e-005056a44da2;travaux
active;Incidents;30;perturbée;SIGNIFICANT_DELAYS;20220725T213000;20220726T030000;641afcea-d5d5-11ec-9e1e-005056a44da2;" / Ligne N : Paris Montp. - Dreux du 4 au 29 juillet. / <p>Période : le soir à partir de 21h30.<br>Dates : du lundi 4 au vendredi 29 juillet.<br>Le trafic est interrompu entre Paris Montparnasse et Dreux.<br>Un service de bus de remplacement est mis en place, avec desserte des gares intermédiaires.<br><a href=""https://www.transilien.com/sites/transilien/files/sentinelle-n-paris-dreux-du04au29juillet.pdf"" target="""">Pour plus d'informations, cliquez ici pour télécharger l'affiche PDF.</a><br>Les horaires du calculateur d'itinéraire tiennent compte des travaux.<br>Motif : travaux de maintenance.</p> / <p>Période : le soir à partir de 21h30.<br>Dates : du lundi 4 au vendredi 29 juillet.<br>Le trafic est interrompu entre Paris Montparnasse et Dreux.<br>Un service de bus de remplacement est mis en place, avec desserte des gares intermédiaires.<br><a href=""https://www.transilien.com/sites/transilien/files/sentinelle-n-paris-dreux-du04au29juillet.pdf"" target="""">Pour plus d'informations, cliquez ici pour télécharger l'affiche PDF.</a><br>Les horaires du calculateur d'itinéraire tiennent compte des travaux.<br>Motif : travaux de maintenance.</p> / Ligne N : Paris Montp. - Dreux du 4 au 29 juillet.";20220517T133502;Transilien Train Transilien N;641afcea-d5d5-11ec-9e1e-005056a44da2;travaux
active;Incidents;30;perturbée;SIGNIFICANT_DELAYS;20220726T213000;20220727T030000;641afcea-d5d5-11ec-9e1e-005056a44da2;" / Ligne N : Paris Montp. - Dreux du 4 au 29 juillet. / <p>Période : le soir à partir de 21h30.<br>Dates : du lundi 4 au vendredi 29 juillet.<br>Le trafic est interrompu entre Paris Montparnasse et Dreux.<br>Un service de bus de remplacement est mis en place, avec desserte des gares intermédiaires.<br><a href=""https://www.transilien.com/sites/transilien/files/sentinelle-n-paris-dreux-du04au29juillet.pdf"" target="""">Pour plus d'informations, cliquez ici pour télécharger l'affiche PDF.</a><br>Les horaires du calculateur d'itinéraire tiennent compte des travaux.<br>Motif : travaux de maintenance.</p> / <p>Période : le soir à partir de 21h30.<br>Dates : du lundi 4 au vendredi 29 juillet.<br>Le trafic est interrompu entre Paris Montparnasse et Dreux.<br>Un service de bus de remplacement est mis en place, avec desserte des gares intermédiaires.<br><a href=""https://www.transilien.com/sites/transilien/files/sentinelle-n-paris-dreux-du04au29juillet.pdf"" target="""">Pour plus d'informations, cliquez ici pour télécharger l'affiche PDF.</a><br>Les horaires du calculateur d'itinéraire tiennent compte des travaux.<br>Motif : travaux de maintenance.</p> / Ligne N : Paris Montp. - Dreux du 4 au 29 juillet.";20220517T133502;Transilien Train Transilien N;641afcea-d5d5-11ec-9e1e-005056a44da2;travaux
active;Incidents;30;perturbée;SIGNIFICANT_DELAYS;20220722T213000;20220723T030000;641afcea-d5d5-11ec-9e1e-005056a44da2;" / Ligne N : Paris Montp. - Dreux du 4 au 29 juillet. / <p>Période : le soir à partir de 21h30.<br>Dates : du lundi 4 au vendredi 29 juillet.<br>Le trafic est interrompu entre Paris Montparnasse et Dreux.<br>Un service de bus de remplacement est mis en place, avec desserte des gares intermédiaires.<br><a href=""https://www.transilien.com/sites/transilien/files/sentinelle-n-paris-dreux-du04au29juillet.pdf"" target="""">Pour plus d'informations, cliquez ici pour télécharger l'affiche PDF.</a><br>Les horaires du calculateur d'itinéraire tiennent compte des travaux.<br>Motif : travaux de maintenance.</p> / <p>Période : le soir à partir de 21h30.<br>Dates : du lundi 4 au vendredi 29 juillet.<br>Le trafic est interrompu entre Paris Montparnasse et Dreux.<br>Un service de bus de remplacement est mis en place, avec desserte des gares intermédiaires.<br><a href=""https://www.transilien.com/sites/transilien/files/sentinelle-n-paris-dreux-du04au29juillet.pdf"" target="""">Pour plus d'informations, cliquez ici pour télécharger l'affiche PDF.</a><br>Les horaires du calculateur d'itinéraire tiennent compte des travaux.<br>Motif : travaux de maintenance.</p> / Ligne N : Paris Montp. - Dreux du 4 au 29 juillet.";20220517T133502;Transilien Train Transilien N;641afcea-d5d5-11ec-9e1e-005056a44da2;travaux
active;Incidents;30;perturbée;SIGNIFICANT_DELAYS;20220721T213000;20220722T030000;641afcea-d5d5-11ec-9e1e-005056a44da2;" / Ligne N : Paris Montp. - Dreux du 4 au 29 juillet. / <p>Période : le soir à partir de 21h30.<br>Dates : du lundi 4 au vendredi 29 juillet.<br>Le trafic est interrompu entre Paris Montparnasse et Dreux.<br>Un service de bus de remplacement est mis en place, avec desserte des gares intermédiaires.<br><a href=""https://www.transilien.com/sites/transilien/files/sentinelle-n-paris-dreux-du04au29juillet.pdf"" target="""">Pour plus d'informations, cliquez ici pour télécharger l'affiche PDF.</a><br>Les horaires du calculateur d'itinéraire tiennent compte des travaux.<br>Motif : travaux de maintenance.</p> / <p>Période : le soir à partir de 21h30.<br>Dates : du lundi 4 au vendredi 29 juillet.<br>Le trafic est interrompu entre Paris Montparnasse et Dreux.<br>Un service de bus de remplacement est mis en place, avec desserte des gares intermédiaires.<br><a href=""https://www.transilien.com/sites/transilien/files/sentinelle-n-paris-dreux-du04au29juillet.pdf"" target="""">Pour plus d'informations, cliquez ici pour télécharger l'affiche PDF.</a><br>Les horaires du calculateur d'itinéraire tiennent compte des travaux.<br>Motif : travaux de maintenance.</p> / Ligne N : Paris Montp. - Dreux du 4 au 29 juillet.";20220517T133502;Transilien Train Transilien N;641afcea-d5d5-11ec-9e1e-005056a44da2;travaux
active;Incidents;30;perturbée;SIGNIFICANT_DELAYS;20220720T213000;20220721T030000;641afcea-d5d5-11ec-9e1e-005056a44da2;" / Ligne N : Paris Montp. - Dreux du 4 au 29 juillet. / <p>Période : le soir à partir de 21h30.<br>Dates : du lundi 4 au vendredi 29 juillet.<br>Le trafic est interrompu entre Paris Montparnasse et Dreux.<br>Un service de bus de remplacement est mis en place, avec desserte des gares intermédiaires.<br><a href=""https://www.transilien.com/sites/transilien/files/sentinelle-n-paris-dreux-du04au29juillet.pdf"" target="""">Pour plus d'informations, cliquez ici pour télécharger l'affiche PDF.</a><br>Les horaires du calculateur d'itinéraire tiennent compte des travaux.<br>Motif : travaux de maintenance.</p> / <p>Période : le soir à partir de 21h30.<br>Dates : du lundi 4 au vendredi 29 juillet.<br>Le trafic est interrompu entre Paris Montparnasse et Dreux.<br>Un service de bus de remplacement est mis en place, avec desserte des gares intermédiaires.<br><a href=""https://www.transilien.com/sites/transilien/files/sentinelle-n-paris-dreux-du04au29juillet.pdf"" target="""">Pour plus d'informations, cliquez ici pour télécharger l'affiche PDF.</a><br>Les horaires du calculateur d'itinéraire tiennent compte des travaux.<br>Motif : travaux de maintenance.</p> / Ligne N : Paris Montp. - Dreux du 4 au 29 juillet.";20220517T133502;Transilien Train Transilien N;641afcea-d5d5-11ec-9e1e-005056a44da2;travaux
active;Incidents;30;perturbée;SIGNIFICANT_DELAYS;20220719T213000;20220720T030000;641afcea-d5d5-11ec-9e1e-005056a44da2;" / Ligne N : Paris Montp. - Dreux du 4 au 29 juillet. / <p>Période : le soir à partir de 21h30.<br>Dates : du lundi 4 au vendredi 29 juillet.<br>Le trafic est interrompu entre Paris Montparnasse et Dreux.<br>Un service de bus de remplacement est mis en place, avec desserte des gares intermédiaires.<br><a href=""https://www.transilien.com/sites/transilien/files/sentinelle-n-paris-dreux-du04au29juillet.pdf"" target="""">Pour plus d'informations, cliquez ici pour télécharger l'affiche PDF.</a><br>Les horaires du calculateur d'itinéraire tiennent compte des travaux.<br>Motif : travaux de maintenance.</p> / <p>Période : le soir à partir de 21h30.<br>Dates : du lundi 4 au vendredi 29 juillet.<br>Le trafic est interrompu entre Paris Montparnasse et Dreux.<br>Un service de bus de remplacement est mis en place, avec desserte des gares intermédiaires.<br><a href=""https://www.transilien.com/sites/transilien/files/sentinelle-n-paris-dreux-du04au29juillet.pdf"" target="""">Pour plus d'informations, cliquez ici pour télécharger l'affiche PDF.</a><br>Les horaires du calculateur d'itinéraire tiennent compte des travaux.<br>Motif : travaux de maintenance.</p> / Ligne N : Paris Montp. - Dreux du 4 au 29 juillet.";20220517T133502;Transilien Train Transilien N;641afcea-d5d5-11ec-9e1e-005056a44da2;travaux
active;Incidents;30;perturbée;SIGNIFICANT_DELAYS;20220718T213000;20220719T030000;641afcea-d5d5-11ec-9e1e-005056a44da2;" / Ligne N : Paris Montp. - Dreux du 4 au 29 juillet. / <p>Période : le soir à partir de 21h30.<br>Dates : du lundi 4 au vendredi 29 juillet.<br>Le trafic est interrompu entre Paris Montparnasse et Dreux.<br>Un service de bus de remplacement est mis en place, avec desserte des gares intermédiaires.<br><a href=""https://www.transilien.com/sites/transilien/files/sentinelle-n-paris-dreux-du04au29juillet.pdf"" target="""">Pour plus d'informations, cliquez ici pour télécharger l'affiche PDF.</a><br>Les horaires du calculateur d'itinéraire tiennent compte des travaux.<br>Motif : travaux de maintenance.</p> / <p>Période : le soir à partir de 21h30.<br>Dates : du lundi 4 au vendredi 29 juillet.<br>Le trafic est interrompu entre Paris Montparnasse et Dreux.<br>Un service de bus de remplacement est mis en place, avec desserte des gares intermédiaires.<br><a href=""https://www.transilien.com/sites/transilien/files/sentinelle-n-paris-dreux-du04au29juillet.pdf"" target="""">Pour plus d'informations, cliquez ici pour télécharger l'affiche PDF.</a><br>Les horaires du calculateur d'itinéraire tiennent compte des travaux.<br>Motif : travaux de maintenance.</p> / Ligne N : Paris Montp. - Dreux du 4 au 29 juillet.";20220517T133502;Transilien Train Transilien N;641afcea-d5d5-11ec-9e1e-005056a44da2;travaux
active;Incidents;30;perturbée;SIGNIFICANT_DELAYS;20220715T213000;20220716T030000;641afcea-d5d5-11ec-9e1e-005056a44da2;" / Ligne N : Paris Montp. - Dreux du 4 au 29 juillet. / <p>Période : le soir à partir de 21h30.<br>Dates : du lundi 4 au vendredi 29 juillet.<br>Le trafic est interrompu entre Paris Montparnasse et Dreux.<br>Un service de bus de remplacement est mis en place, avec desserte des gares intermédiaires.<br><a href=""https://www.transilien.com/sites/transilien/files/sentinelle-n-paris-dreux-du04au29juillet.pdf"" target="""">Pour plus d'informations, cliquez ici pour télécharger l'affiche PDF.</a><br>Les horaires du calculateur d'itinéraire tiennent compte des travaux.<br>Motif : travaux de maintenance.</p> / <p>Période : le soir à partir de 21h30.<br>Dates : du lundi 4 au vendredi 29 juillet.<br>Le trafic est interrompu entre Paris Montparnasse et Dreux.<br>Un service de bus de remplacement est mis en place, avec desserte des gares intermédiaires.<br><a href=""https://www.transilien.com/sites/transilien/files/sentinelle-n-paris-dreux-du04au29juillet.pdf"" target="""">Pour plus d'informations, cliquez ici pour télécharger l'affiche PDF.</a><br>Les horaires du calculateur d'itinéraire tiennent compte des travaux.<br>Motif : travaux de maintenance.</p> / Ligne N : Paris Montp. - Dreux du 4 au 29 juillet.";20220517T133502;Transilien Train Transilien N;641afcea-d5d5-11ec-9e1e-005056a44da2;travaux
active;Incidents;30;perturbée;SIGNIFICANT_DELAYS;20220713T213000;20220714T030000;641afcea-d5d5-11ec-9e1e-005056a44da2;" / Ligne N : Paris Montp. - Dreux du 4 au 29 juillet. / <p>Période : le soir à partir de 21h30.<br>Dates : du lundi 4 au vendredi 29 juillet.<br>Le trafic est interrompu entre Paris Montparnasse et Dreux.<br>Un service de bus de remplacement est mis en place, avec desserte des gares intermédiaires.<br><a href=""https://www.transilien.com/sites/transilien/files/sentinelle-n-paris-dreux-du04au29juillet.pdf"" target="""">Pour plus d'informations, cliquez ici pour télécharger l'affiche PDF.</a><br>Les horaires du calculateur d'itinéraire tiennent compte des travaux.<br>Motif : travaux de maintenance.</p> / <p>Période : le soir à partir de 21h30.<br>Dates : du lundi 4 au vendredi 29 juillet.<br>Le trafic est interrompu entre Paris Montparnasse et Dreux.<br>Un service de bus de remplacement est mis en place, avec desserte des gares intermédiaires.<br><a href=""https://www.transilien.com/sites/transilien/files/sentinelle-n-paris-dreux-du04au29juillet.pdf"" target="""">Pour plus d'informations, cliquez ici pour télécharger l'affiche PDF.</a><br>Les horaires du calculateur d'itinéraire tiennent compte des travaux.<br>Motif : travaux de maintenance.</p> / Ligne N : Paris Montp. - Dreux du 4 au 29 juillet.";20220517T133502;Transilien Train Transilien N;641afcea-d5d5-11ec-9e1e-005056a44da2;travaux
active;Incidents;30;perturbée;SIGNIFICANT_DELAYS;20220714T213000;20220715T030000;641afcea-d5d5-11ec-9e1e-005056a44da2;" / Ligne N : Paris Montp. - Dreux du 4 au 29 juillet. / <p>Période : le soir à partir de 21h30.<br>Dates : du lundi 4 au vendredi 29 juillet.<br>Le trafic est interrompu entre Paris Montparnasse et Dreux.<br>Un service de bus de remplacement est mis en place, avec desserte des gares intermédiaires.<br><a href=""https://www.transilien.com/sites/transilien/files/sentinelle-n-paris-dreux-du04au29juillet.pdf"" target="""">Pour plus d'informations, cliquez ici pour télécharger l'affiche PDF.</a><br>Les horaires du calculateur d'itinéraire tiennent compte des travaux.<br>Motif : travaux de maintenance.</p> / <p>Période : le soir à partir de 21h30.<br>Dates : du lundi 4 au vendredi 29 juillet.<br>Le trafic est interrompu entre Paris Montparnasse et Dreux.<br>Un service de bus de remplacement est mis en place, avec desserte des gares intermédiaires.<br><a href=""https://www.transilien.com/sites/transilien/files/sentinelle-n-paris-dreux-du04au29juillet.pdf"" target="""">Pour plus d'informations, cliquez ici pour télécharger l'affiche PDF.</a><br>Les horaires du calculateur d'itinéraire tiennent compte des travaux.<br>Motif : travaux de maintenance.</p> / Ligne N : Paris Montp. - Dreux du 4 au 29 juillet.";20220517T133502;Transilien Train Transilien N;641afcea-d5d5-11ec-9e1e-005056a44da2;travaux
active;Incidents;30;perturbée;SIGNIFICANT_DELAYS;20220712T213000;20220713T030000;641afcea-d5d5-11ec-9e1e-005056a44da2;" / Ligne N : Paris Montp. - Dreux du 4 au 29 juillet. / <p>Période : le soir à partir de 21h30.<br>Dates : du lundi 4 au vendredi 29 juillet.<br>Le trafic est interrompu entre Paris Montparnasse et Dreux.<br>Un service de bus de remplacement est mis en place, avec desserte des gares intermédiaires.<br><a href=""https://www.transilien.com/sites/transilien/files/sentinelle-n-paris-dreux-du04au29juillet.pdf"" target="""">Pour plus d'informations, cliquez ici pour télécharger l'affiche PDF.</a><br>Les horaires du calculateur d'itinéraire tiennent compte des travaux.<br>Motif : travaux de maintenance.</p> / <p>Période : le soir à partir de 21h30.<br>Dates : du lundi 4 au vendredi 29 juillet.<br>Le trafic est interrompu entre Paris Montparnasse et Dreux.<br>Un service de bus de remplacement est mis en place, avec desserte des gares intermédiaires.<br><a href=""https://www.transilien.com/sites/transilien/files/sentinelle-n-paris-dreux-du04au29juillet.pdf"" target="""">Pour plus d'informations, cliquez ici pour télécharger l'affiche PDF.</a><br>Les horaires du calculateur d'itinéraire tiennent compte des travaux.<br>Motif : travaux de maintenance.</p> / Ligne N : Paris Montp. - Dreux du 4 au 29 juillet.";20220517T133502;Transilien Train Transilien N;641afcea-d5d5-11ec-9e1e-005056a44da2;travaux
active;Incidents;30;perturbée;SIGNIFICANT_DELAYS;20220711T213000;20220712T030000;641afcea-d5d5-11ec-9e1e-005056a44da2;" / Ligne N : Paris Montp. - Dreux du 4 au 29 juillet. / <p>Période : le soir à partir de 21h30.<br>Dates : du lundi 4 au vendredi 29 juillet.<br>Le trafic est interrompu entre Paris Montparnasse et Dreux.<br>Un service de bus de remplacement est mis en place, avec desserte des gares intermédiaires.<br><a href=""https://www.transilien.com/sites/transilien/files/sentinelle-n-paris-dreux-du04au29juillet.pdf"" target="""">Pour plus d'informations, cliquez ici pour télécharger l'affiche PDF.</a><br>Les horaires du calculateur d'itinéraire tiennent compte des travaux.<br>Motif : travaux de maintenance.</p> / <p>Période : le soir à partir de 21h30.<br>Dates : du lundi 4 au vendredi 29 juillet.<br>Le trafic est interrompu entre Paris Montparnasse et Dreux.<br>Un service de bus de remplacement est mis en place, avec desserte des gares intermédiaires.<br><a href=""https://www.transilien.com/sites/transilien/files/sentinelle-n-paris-dreux-du04au29juillet.pdf"" target="""">Pour plus d'informations, cliquez ici pour télécharger l'affiche PDF.</a><br>Les horaires du calculateur d'itinéraire tiennent compte des travaux.<br>Motif : travaux de maintenance.</p> / Ligne N : Paris Montp. - Dreux du 4 au 29 juillet.";20220517T133502;Transilien Train Transilien N;641afcea-d5d5-11ec-9e1e-005056a44da2;travaux
active;Incidents;30;perturbée;SIGNIFICANT_DELAYS;20220708T213000;20220709T030000;641afcea-d5d5-11ec-9e1e-005056a44da2;" / Ligne N : Paris Montp. - Dreux du 4 au 29 juillet. / <p>Période : le soir à partir de 21h30.<br>Dates : du lundi 4 au vendredi 29 juillet.<br>Le trafic est interrompu entre Paris Montparnasse et Dreux.<br>Un service de bus de remplacement est mis en place, avec desserte des gares intermédiaires.<br><a href=""https://www.transilien.com/sites/transilien/files/sentinelle-n-paris-dreux-du04au29juillet.pdf"" target="""">Pour plus d'informations, cliquez ici pour télécharger l'affiche PDF.</a><br>Les horaires du calculateur d'itinéraire tiennent compte des travaux.<br>Motif : travaux de maintenance.</p> / <p>Période : le soir à partir de 21h30.<br>Dates : du lundi 4 au vendredi 29 juillet.<br>Le trafic est interrompu entre Paris Montparnasse et Dreux.<br>Un service de bus de remplacement est mis en place, avec desserte des gares intermédiaires.<br><a href=""https://www.transilien.com/sites/transilien/files/sentinelle-n-paris-dreux-du04au29juillet.pdf"" target="""">Pour plus d'informations, cliquez ici pour télécharger l'affiche PDF.</a><br>Les horaires du calculateur d'itinéraire tiennent compte des travaux.<br>Motif : travaux de maintenance.</p> / Ligne N : Paris Montp. - Dreux du 4 au 29 juillet.";20220517T133502;Transilien Train Transilien N;641afcea-d5d5-11ec-9e1e-005056a44da2;travaux
active;Incidents;30;perturbée;SIGNIFICANT_DELAYS;20220707T213000;20220708T030000;641afcea-d5d5-11ec-9e1e-005056a44da2;" / Ligne N : Paris Montp. - Dreux du 4 au 29 juillet. / <p>Période : le soir à partir de 21h30.<br>Dates : du lundi 4 au vendredi 29 juillet.<br>Le trafic est interrompu entre Paris Montparnasse et Dreux.<br>Un service de bus de remplacement est mis en place, avec desserte des gares intermédiaires.<br><a href=""https://www.transilien.com/sites/transilien/files/sentinelle-n-paris-dreux-du04au29juillet.pdf"" target="""">Pour plus d'informations, cliquez ici pour télécharger l'affiche PDF.</a><br>Les horaires du calculateur d'itinéraire tiennent compte des travaux.<br>Motif : travaux de maintenance.</p> / <p>Période : le soir à partir de 21h30.<br>Dates : du lundi 4 au vendredi 29 juillet.<br>Le trafic est interrompu entre Paris Montparnasse et Dreux.<br>Un service de bus de remplacement est mis en place, avec desserte des gares intermédiaires.<br><a href=""https://www.transilien.com/sites/transilien/files/sentinelle-n-paris-dreux-du04au29juillet.pdf"" target="""">Pour plus d'informations, cliquez ici pour télécharger l'affiche PDF.</a><br>Les horaires du calculateur d'itinéraire tiennent compte des travaux.<br>Motif : travaux de maintenance.</p> / Ligne N : Paris Montp. - Dreux du 4 au 29 juillet.";20220517T133502;Transilien Train Transilien N;641afcea-d5d5-11ec-9e1e-005056a44da2;travaux
active;Incidents;30;perturbée;SIGNIFICANT_DELAYS;20220706T213000;20220707T030000;641afcea-d5d5-11ec-9e1e-005056a44da2;" / Ligne N : Paris Montp. - Dreux du 4 au 29 juillet. / <p>Période : le soir à partir de 21h30.<br>Dates : du lundi 4 au vendredi 29 juillet.<br>Le trafic est interrompu entre Paris Montparnasse et Dreux.<br>Un service de bus de remplacement est mis en place, avec desserte des gares intermédiaires.<br><a href=""https://www.transilien.com/sites/transilien/files/sentinelle-n-paris-dreux-du04au29juillet.pdf"" target="""">Pour plus d'informations, cliquez ici pour télécharger l'affiche PDF.</a><br>Les horaires du calculateur d'itinéraire tiennent compte des travaux.<br>Motif : travaux de maintenance.</p> / <p>Période : le soir à partir de 21h30.<br>Dates : du lundi 4 au vendredi 29 juillet.<br>Le trafic est interrompu entre Paris Montparnasse et Dreux.<br>Un service de bus de remplacement est mis en place, avec desserte des gares intermédiaires.<br><a href=""https://www.transilien.com/sites/transilien/files/sentinelle-n-paris-dreux-du04au29juillet.pdf"" target="""">Pour plus d'informations, cliquez ici pour télécharger l'affiche PDF.</a><br>Les horaires du calculateur d'itinéraire tiennent compte des travaux.<br>Motif : travaux de maintenance.</p> / Ligne N : Paris Montp. - Dreux du 4 au 29 juillet.";20220517T133502;Transilien Train Transilien N;641afcea-d5d5-11ec-9e1e-005056a44da2;travaux
future;Incidents;30;perturbée;SIGNIFICANT_DELAYS;20220807T030000;20220808T015500;5d79183c-d5e3-11ec-8dce-005056a44da2;" / Ligne U:ralenti weekend 2/7 au 7/8 sauf 9/10 juil. / <p>Période : toute la journée.<br>Dates : les weekends du 2/3 juillet au 6/7 aout sauf celui du 9/10 juillet.<br>Le trafic est ralenti sur l'ensemble de la ligne.<br>En gare de la Défense, les trains en direction de la Verrière sont avancés de 1 minute.<br>De la Verrière à la Défense, les trains sont retardés jusqu'à + 15 minutes.<br><a href=""https://www.transilien.com/sites/transilien/files/sentinelle-u-ladefense-laverriere-du02juilletau07aout.pdf"" target="""">Pour plus d'informations, cliquez ici pour télécharger l'affiche PDF.</a><br>Les horaires du calculateur d'itinéraire tiennent compte des travaux.<br>Motif : travaux de maintenance.</p> / <p>Période : toute la journée.<br>Dates : les weekends du 2/3 juillet au 6/7 aout sauf celui du 9/10 juillet.<br>Le trafic est ralenti sur l'ensemble de la ligne.<br>En gare de la Défense, les trains en direction de la Verrière sont avancés de 1 minute.<br>De la Verrière à la Défense, les trains sont retardés jusqu'à + 15 minutes.<br><a href=""https://www.transilien.com/sites/transilien/files/sentinelle-u-ladefense-laverriere-du02juilletau07aout.pdf"" target="""">Pour plus d'informations, cliquez ici pour télécharger l'affiche PDF.</a><br>Les horaires du calculateur d'itinéraire tiennent compte des travaux.<br>Motif : travaux de maintenance.</p> / Ligne U:ralenti weekend 2/7 au 7/8 sauf 9/10 juil.";20220517T151504;Transilien Train Transilien U;5d79183c-d5e3-11ec-8dce-005056a44da2;travaux
future;Incidents;30;perturbée;SIGNIFICANT_DELAYS;20220806T030000;20220807T015500;5d79183c-d5e3-11ec-8dce-005056a44da2;" / Ligne U:ralenti weekend 2/7 au 7/8 sauf 9/10 juil. / <p>Période : toute la journée.<br>Dates : les weekends du 2/3 juillet au 6/7 aout sauf celui du 9/10 juillet.<br>Le trafic est ralenti sur l'ensemble de la ligne.<br>En gare de la Défense, les trains en direction de la Verrière sont avancés de 1 minute.<br>De la Verrière à la Défense, les trains sont retardés jusqu'à + 15 minutes.<br><a href=""https://www.transilien.com/sites/transilien/files/sentinelle-u-ladefense-laverriere-du02juilletau07aout.pdf"" target="""">Pour plus d'informations, cliquez ici pour télécharger l'affiche PDF.</a><br>Les horaires du calculateur d'itinéraire tiennent compte des travaux.<br>Motif : travaux de maintenance.</p> / <p>Période : toute la journée.<br>Dates : les weekends du 2/3 juillet au 6/7 aout sauf celui du 9/10 juillet.<br>Le trafic est ralenti sur l'ensemble de la ligne.<br>En gare de la Défense, les trains en direction de la Verrière sont avancés de 1 minute.<br>De la Verrière à la Défense, les trains sont retardés jusqu'à + 15 minutes.<br><a href=""https://www.transilien.com/sites/transilien/files/sentinelle-u-ladefense-laverriere-du02juilletau07aout.pdf"" target="""">Pour plus d'informations, cliquez ici pour télécharger l'affiche PDF.</a><br>Les horaires du calculateur d'itinéraire tiennent compte des travaux.<br>Motif : travaux de maintenance.</p> / Ligne U:ralenti weekend 2/7 au 7/8 sauf 9/10 juil.";20220517T151504;Transilien Train Transilien U;5d79183c-d5e3-11ec-8dce-005056a44da2;travaux
future;Incidents;30;perturbée;SIGNIFICANT_DELAYS;20220731T030000;20220801T015500;5d79183c-d5e3-11ec-8dce-005056a44da2;" / Ligne U:ralenti weekend 2/7 au 7/8 sauf 9/10 juil. / <p>Période : toute la journée.<br>Dates : les weekends du 2/3 juillet au 6/7 aout sauf celui du 9/10 juillet.<br>Le trafic est ralenti sur l'ensemble de la ligne.<br>En gare de la Défense, les trains en direction de la Verrière sont avancés de 1 minute.<br>De la Verrière à la Défense, les trains sont retardés jusqu'à + 15 minutes.<br><a href=""https://www.transilien.com/sites/transilien/files/sentinelle-u-ladefense-laverriere-du02juilletau07aout.pdf"" target="""">Pour plus d'informations, cliquez ici pour télécharger l'affiche PDF.</a><br>Les horaires du calculateur d'itinéraire tiennent compte des travaux.<br>Motif : travaux de maintenance.</p> / <p>Période : toute la journée.<br>Dates : les weekends du 2/3 juillet au 6/7 aout sauf celui du 9/10 juillet.<br>Le trafic est ralenti sur l'ensemble de la ligne.<br>En gare de la Défense, les trains en direction de la Verrière sont avancés de 1 minute.<br>De la Verrière à la Défense, les trains sont retardés jusqu'à + 15 minutes.<br><a href=""https://www.transilien.com/sites/transilien/files/sentinelle-u-ladefense-laverriere-du02juilletau07aout.pdf"" target="""">Pour plus d'informations, cliquez ici pour télécharger l'affiche PDF.</a><br>Les horaires du calculateur d'itinéraire tiennent compte des travaux.<br>Motif : travaux de maintenance.</p> / Ligne U:ralenti weekend 2/7 au 7/8 sauf 9/10 juil.";20220517T151504;Transilien Train Transilien U;5d79183c-d5e3-11ec-8dce-005056a44da2;travaux
future;Incidents;30;perturbée;SIGNIFICANT_DELAYS;20220730T030000;20220731T015500;5d79183c-d5e3-11ec-8dce-005056a44da2;" / Ligne U:ralenti weekend 2/7 au 7/8 sauf 9/10 juil. / <p>Période : toute la journée.<br>Dates : les weekends du 2/3 juillet au 6/7 aout sauf celui du 9/10 juillet.<br>Le trafic est ralenti sur l'ensemble de la ligne.<br>En gare de la Défense, les trains en direction de la Verrière sont avancés de 1 minute.<br>De la Verrière à la Défense, les trains sont retardés jusqu'à + 15 minutes.<br><a href=""https://www.transilien.com/sites/transilien/files/sentinelle-u-ladefense-laverriere-du02juilletau07aout.pdf"" target="""">Pour plus d'informations, cliquez ici pour télécharger l'affiche PDF.</a><br>Les horaires du calculateur d'itinéraire tiennent compte des travaux.<br>Motif : travaux de maintenance.</p> / <p>Période : toute la journée.<br>Dates : les weekends du 2/3 juillet au 6/7 aout sauf celui du 9/10 juillet.<br>Le trafic est ralenti sur l'ensemble de la ligne.<br>En gare de la Défense, les trains en direction de la Verrière sont avancés de 1 minute.<br>De la Verrière à la Défense, les trains sont retardés jusqu'à + 15 minutes.<br><a href=""https://www.transilien.com/sites/transilien/files/sentinelle-u-ladefense-laverriere-du02juilletau07aout.pdf"" target="""">Pour plus d'informations, cliquez ici pour télécharger l'affiche PDF.</a><br>Les horaires du calculateur d'itinéraire tiennent compte des travaux.<br>Motif : travaux de maintenance.</p> / Ligne U:ralenti weekend 2/7 au 7/8 sauf 9/10 juil.";20220517T151504;Transilien Train Transilien U;5d79183c-d5e3-11ec-8dce-005056a44da2;travaux
future;Incidents;30;perturbée;SIGNIFICANT_DELAYS;20220724T030000;20220725T015500;5d79183c-d5e3-11ec-8dce-005056a44da2;" / Ligne U:ralenti weekend 2/7 au 7/8 sauf 9/10 juil. / <p>Période : toute la journée.<br>Dates : les weekends du 2/3 juillet au 6/7 aout sauf celui du 9/10 juillet.<br>Le trafic est ralenti sur l'ensemble de la ligne.<br>En gare de la Défense, les trains en direction de la Verrière sont avancés de 1 minute.<br>De la Verrière à la Défense, les trains sont retardés jusqu'à + 15 minutes.<br><a href=""https://www.transilien.com/sites/transilien/files/sentinelle-u-ladefense-laverriere-du02juilletau07aout.pdf"" target="""">Pour plus d'informations, cliquez ici pour télécharger l'affiche PDF.</a><br>Les horaires du calculateur d'itinéraire tiennent compte des travaux.<br>Motif : travaux de maintenance.</p> / <p>Période : toute la journée.<br>Dates : les weekends du 2/3 juillet au 6/7 aout sauf celui du 9/10 juillet.<br>Le trafic est ralenti sur l'ensemble de la ligne.<br>En gare de la Défense, les trains en direction de la Verrière sont avancés de 1 minute.<br>De la Verrière à la Défense, les trains sont retardés jusqu'à + 15 minutes.<br><a href=""https://www.transilien.com/sites/transilien/files/sentinelle-u-ladefense-laverriere-du02juilletau07aout.pdf"" target="""">Pour plus d'informations, cliquez ici pour télécharger l'affiche PDF.</a><br>Les horaires du calculateur d'itinéraire tiennent compte des travaux.<br>Motif : travaux de maintenance.</p> / Ligne U:ralenti weekend 2/7 au 7/8 sauf 9/10 juil.";20220517T151504;Transilien Train Transilien U;5d79183c-d5e3-11ec-8dce-005056a44da2;travaux
future;Incidents;30;perturbée;SIGNIFICANT_DELAYS;20220723T030000;20220724T015500;5d79183c-d5e3-11ec-8dce-005056a44da2;" / Ligne U:ralenti weekend 2/7 au 7/8 sauf 9/10 juil. / <p>Période : toute la journée.<br>Dates : les weekends du 2/3 juillet au 6/7 aout sauf celui du 9/10 juillet.<br>Le trafic est ralenti sur l'ensemble de la ligne.<br>En gare de la Défense, les trains en direction de la Verrière sont avancés de 1 minute.<br>De la Verrière à la Défense, les trains sont retardés jusqu'à + 15 minutes.<br><a href=""https://www.transilien.com/sites/transilien/files/sentinelle-u-ladefense-laverriere-du02juilletau07aout.pdf"" target="""">Pour plus d'informations, cliquez ici pour télécharger l'affiche PDF.</a><br>Les horaires du calculateur d'itinéraire tiennent compte des travaux.<br>Motif : travaux de maintenance.</p> / <p>Période : toute la journée.<br>Dates : les weekends du 2/3 juillet au 6/7 aout sauf celui du 9/10 juillet.<br>Le trafic est ralenti sur l'ensemble de la ligne.<br>En gare de la Défense, les trains en direction de la Verrière sont avancés de 1 minute.<br>De la Verrière à la Défense, les trains sont retardés jusqu'à + 15 minutes.<br><a href=""https://www.transilien.com/sites/transilien/files/sentinelle-u-ladefense-laverriere-du02juilletau07aout.pdf"" target="""">Pour plus d'informations, cliquez ici pour télécharger l'affiche PDF.</a><br>Les horaires du calculateur d'itinéraire tiennent compte des travaux.<br>Motif : travaux de maintenance.</p> / Ligne U:ralenti weekend 2/7 au 7/8 sauf 9/10 juil.";20220517T151504;Transilien Train Transilien U;5d79183c-d5e3-11ec-8dce-005056a44da2;travaux
future;Incidents;30;perturbée;SIGNIFICANT_DELAYS;20220717T030000;20220718T015500;5d79183c-d5e3-11ec-8dce-005056a44da2;" / Ligne U:ralenti weekend 2/7 au 7/8 sauf 9/10 juil. / <p>Période : toute la journée.<br>Dates : les weekends du 2/3 juillet au 6/7 aout sauf celui du 9/10 juillet.<br>Le trafic est ralenti sur l'ensemble de la ligne.<br>En gare de la Défense, les trains en direction de la Verrière sont avancés de 1 minute.<br>De la Verrière à la Défense, les trains sont retardés jusqu'à + 15 minutes.<br><a href=""https://www.transilien.com/sites/transilien/files/sentinelle-u-ladefense-laverriere-du02juilletau07aout.pdf"" target="""">Pour plus d'informations, cliquez ici pour télécharger l'affiche PDF.</a><br>Les horaires du calculateur d'itinéraire tiennent compte des travaux.<br>Motif : travaux de maintenance.</p> / <p>Période : toute la journée.<br>Dates : les weekends du 2/3 juillet au 6/7 aout sauf celui du 9/10 juillet.<br>Le trafic est ralenti sur l'ensemble de la ligne.<br>En gare de la Défense, les trains en direction de la Verrière sont avancés de 1 minute.<br>De la Verrière à la Défense, les trains sont retardés jusqu'à + 15 minutes.<br><a href=""https://www.transilien.com/sites/transilien/files/sentinelle-u-ladefense-laverriere-du02juilletau07aout.pdf"" target="""">Pour plus d'informations, cliquez ici pour télécharger l'affiche PDF.</a><br>Les horaires du calculateur d'itinéraire tiennent compte des travaux.<br>Motif : travaux de maintenance.</p> / Ligne U:ralenti weekend 2/7 au 7/8 sauf 9/10 juil.";20220517T151504;Transilien Train Transilien U;5d79183c-d5e3-11ec-8dce-005056a44da2;travaux
future;Incidents;30;perturbée;SIGNIFICANT_DELAYS;20220716T030000;20220717T015500;5d79183c-d5e3-11ec-8dce-005056a44da2;" / Ligne U:ralenti weekend 2/7 au 7/8 sauf 9/10 juil. / <p>Période : toute la journée.<br>Dates : les weekends du 2/3 juillet au 6/7 aout sauf celui du 9/10 juillet.<br>Le trafic est ralenti sur l'ensemble de la ligne.<br>En gare de la Défense, les trains en direction de la Verrière sont avancés de 1 minute.<br>De la Verrière à la Défense, les trains sont retardés jusqu'à + 15 minutes.<br><a href=""https://www.transilien.com/sites/transilien/files/sentinelle-u-ladefense-laverriere-du02juilletau07aout.pdf"" target="""">Pour plus d'informations, cliquez ici pour télécharger l'affiche PDF.</a><br>Les horaires du calculateur d'itinéraire tiennent compte des travaux.<br>Motif : travaux de maintenance.</p> / <p>Période : toute la journée.<br>Dates : les weekends du 2/3 juillet au 6/7 aout sauf celui du 9/10 juillet.<br>Le trafic est ralenti sur l'ensemble de la ligne.<br>En gare de la Défense, les trains en direction de la Verrière sont avancés de 1 minute.<br>De la Verrière à la Défense, les trains sont retardés jusqu'à + 15 minutes.<br><a href=""https://www.transilien.com/sites/transilien/files/sentinelle-u-ladefense-laverriere-du02juilletau07aout.pdf"" target="""">Pour plus d'informations, cliquez ici pour télécharger l'affiche PDF.</a><br>Les horaires du calculateur d'itinéraire tiennent compte des travaux.<br>Motif : travaux de maintenance.</p> / Ligne U:ralenti weekend 2/7 au 7/8 sauf 9/10 juil.";20220517T151504;Transilien Train Transilien U;5d79183c-d5e3-11ec-8dce-005056a44da2;travaux
future;Incidents;30;perturbée;SIGNIFICANT_DELAYS;20220703T030000;20220704T015500;5d79183c-d5e3-11ec-8dce-005056a44da2;" / Ligne U:ralenti weekend 2/7 au 7/8 sauf 9/10 juil. / <p>Période : toute la journée.<br>Dates : les weekends du 2/3 juillet au 6/7 aout sauf celui du 9/10 juillet.<br>Le trafic est ralenti sur l'ensemble de la ligne.<br>En gare de la Défense, les trains en direction de la Verrière sont avancés de 1 minute.<br>De la Verrière à la Défense, les trains sont retardés jusqu'à + 15 minutes.<br><a href=""https://www.transilien.com/sites/transilien/files/sentinelle-u-ladefense-laverriere-du02juilletau07aout.pdf"" target="""">Pour plus d'informations, cliquez ici pour télécharger l'affiche PDF.</a><br>Les horaires du calculateur d'itinéraire tiennent compte des travaux.<br>Motif : travaux de maintenance.</p> / <p>Période : toute la journée.<br>Dates : les weekends du 2/3 juillet au 6/7 aout sauf celui du 9/10 juillet.<br>Le trafic est ralenti sur l'ensemble de la ligne.<br>En gare de la Défense, les trains en direction de la Verrière sont avancés de 1 minute.<br>De la Verrière à la Défense, les trains sont retardés jusqu'à + 15 minutes.<br><a href=""https://www.transilien.com/sites/transilien/files/sentinelle-u-ladefense-laverriere-du02juilletau07aout.pdf"" target="""">Pour plus d'informations, cliquez ici pour télécharger l'affiche PDF.</a><br>Les horaires du calculateur d'itinéraire tiennent compte des travaux.<br>Motif : travaux de maintenance.</p> / Ligne U:ralenti weekend 2/7 au 7/8 sauf 9/10 juil.";20220517T151504;Transilien Train Transilien U;5d79183c-d5e3-11ec-8dce-005056a44da2;travaux
future;Incidents;30;perturbée;SIGNIFICANT_DELAYS;20220702T030000;20220703T015500;5d79183c-d5e3-11ec-8dce-005056a44da2;" / Ligne U:ralenti weekend 2/7 au 7/8 sauf 9/10 juil. / <p>Période : toute la journée.<br>Dates : les weekends du 2/3 juillet au 6/7 aout sauf celui du 9/10 juillet.<br>Le trafic est ralenti sur l'ensemble de la ligne.<br>En gare de la Défense, les trains en direction de la Verrière sont avancés de 1 minute.<br>De la Verrière à la Défense, les trains sont retardés jusqu'à + 15 minutes.<br><a href=""https://www.transilien.com/sites/transilien/files/sentinelle-u-ladefense-laverriere-du02juilletau07aout.pdf"" target="""">Pour plus d'informations, cliquez ici pour télécharger l'affiche PDF.</a><br>Les horaires du calculateur d'itinéraire tiennent compte des travaux.<br>Motif : travaux de maintenance.</p> / <p>Période : toute la journée.<br>Dates : les weekends du 2/3 juillet au 6/7 aout sauf celui du 9/10 juillet.<br>Le trafic est ralenti sur l'ensemble de la ligne.<br>En gare de la Défense, les trains en direction de la Verrière sont avancés de 1 minute.<br>De la Verrière à la Défense, les trains sont retardés jusqu'à + 15 minutes.<br><a href=""https://www.transilien.com/sites/transilien/files/sentinelle-u-ladefense-laverriere-du02juilletau07aout.pdf"" target="""">Pour plus d'informations, cliquez ici pour télécharger l'affiche PDF.</a><br>Les horaires du calculateur d'itinéraire tiennent compte des travaux.<br>Motif : travaux de maintenance.</p> / Ligne U:ralenti weekend 2/7 au 7/8 sauf 9/10 juil.";20220517T151504;Transilien Train Transilien U;5d79183c-d5e3-11ec-8dce-005056a44da2;travaux
active;Incidents;30;perturbée;SIGNIFICANT_DELAYS;20220704T230000;20220705T023000;b0834882-d77c-11ec-9547-005056a47b86; / Ligne R : Melun - Montargis du 04 au 29 juillet / <p>Période : à partir de 23h<br>Dates : du lundi 04 au vendredi 29 juillet, sauf les samedis et les dimanches  <br>Le trafic est interrompu entre Melun et Montargis.<br>Un service de bus de remplacement est mis en place, avec desserte des gares intermédiaires.<br>Les horaires du calculateur d'itinéraire tiennent compte des travaux.<br>Motif : travaux.</p>;20220519T160507;Transilien Train Transilien R;b0834882-d77c-11ec-9547-005056a47b86;travaux
active;Incidents;30;perturbée;SIGNIFICANT_DELAYS;20220705T230000;20220706T023000;b0834882-d77c-11ec-9547-005056a47b86; / Ligne R : Melun - Montargis du 04 au 29 juillet / <p>Période : à partir de 23h<br>Dates : du lundi 04 au vendredi 29 juillet, sauf les samedis et les dimanches  <br>Le trafic est interrompu entre Melun et Montargis.<br>Un service de bus de remplacement est mis en place, avec desserte des gares intermédiaires.<br>Les horaires du calculateur d'itinéraire tiennent compte des travaux.<br>Motif : travaux.</p>;20220519T160507;Transilien Train Transilien R;b0834882-d77c-11ec-9547-005056a47b86;travaux
active;Incidents;30;perturbée;SIGNIFICANT_DELAYS;20220729T230000;20220730T023000;b0834882-d77c-11ec-9547-005056a47b86; / Ligne R : Melun - Montargis du 04 au 29 juillet / <p>Période : à partir de 23h<br>Dates : du lundi 04 au vendredi 29 juillet, sauf les samedis et les dimanches  <br>Le trafic est interrompu entre Melun et Montargis.<br>Un service de bus de remplacement est mis en place, avec desserte des gares intermédiaires.<br>Les horaires du calculateur d'itinéraire tiennent compte des travaux.<br>Motif : travaux.</p>;20220519T160507;Transilien Train Transilien R;b0834882-d77c-11ec-9547-005056a47b86;travaux
active;Incidents;30;perturbée;SIGNIFICANT_DELAYS;20220728T230000;20220729T023000;b0834882-d77c-11ec-9547-005056a47b86; / Ligne R : Melun - Montargis du 04 au 29 juillet / <p>Période : à partir de 23h<br>Dates : du lundi 04 au vendredi 29 juillet, sauf les samedis et les dimanches  <br>Le trafic est interrompu entre Melun et Montargis.<br>Un service de bus de remplacement est mis en place, avec desserte des gares intermédiaires.<br>Les horaires du calculateur d'itinéraire tiennent compte des travaux.<br>Motif : travaux.</p>;20220519T160507;Transilien Train Transilien R;b0834882-d77c-11ec-9547-005056a47b86;travaux
active;Incidents;30;perturbée;SIGNIFICANT_DELAYS;20220727T230000;20220728T023000;b0834882-d77c-11ec-9547-005056a47b86; / Ligne R : Melun - Montargis du 04 au 29 juillet / <p>Période : à partir de 23h<br>Dates : du lundi 04 au vendredi 29 juillet, sauf les samedis et les dimanches  <br>Le trafic est interrompu entre Melun et Montargis.<br>Un service de bus de remplacement est mis en place, avec desserte des gares intermédiaires.<br>Les horaires du calculateur d'itinéraire tiennent compte des travaux.<br>Motif : travaux.</p>;20220519T160507;Transilien Train Transilien R;b0834882-d77c-11ec-9547-005056a47b86;travaux
active;Incidents;30;perturbée;SIGNIFICANT_DELAYS;20220726T230000;20220727T023000;b0834882-d77c-11ec-9547-005056a47b86; / Ligne R : Melun - Montargis du 04 au 29 juillet / <p>Période : à partir de 23h<br>Dates : du lundi 04 au vendredi 29 juillet, sauf les samedis et les dimanches  <br>Le trafic est interrompu entre Melun et Montargis.<br>Un service de bus de remplacement est mis en place, avec desserte des gares intermédiaires.<br>Les horaires du calculateur d'itinéraire tiennent compte des travaux.<br>Motif : travaux.</p>;20220519T160507;Transilien Train Transilien R;b0834882-d77c-11ec-9547-005056a47b86;travaux
active;Incidents;30;perturbée;SIGNIFICANT_DELAYS;20220725T230000;20220726T023000;b0834882-d77c-11ec-9547-005056a47b86; / Ligne R : Melun - Montargis du 04 au 29 juillet / <p>Période : à partir de 23h<br>Dates : du lundi 04 au vendredi 29 juillet, sauf les samedis et les dimanches  <br>Le trafic est interrompu entre Melun et Montargis.<br>Un service de bus de remplacement est mis en place, avec desserte des gares intermédiaires.<br>Les horaires du calculateur d'itinéraire tiennent compte des travaux.<br>Motif : travaux.</p>;20220519T160507;Transilien Train Transilien R;b0834882-d77c-11ec-9547-005056a47b86;travaux
active;Incidents;30;perturbée;SIGNIFICANT_DELAYS;20220722T230000;20220723T023000;b0834882-d77c-11ec-9547-005056a47b86; / Ligne R : Melun - Montargis du 04 au 29 juillet / <p>Période : à partir de 23h<br>Dates : du lundi 04 au vendredi 29 juillet, sauf les samedis et les dimanches  <br>Le trafic est interrompu entre Melun et Montargis.<br>Un service de bus de remplacement est mis en place, avec desserte des gares intermédiaires.<br>Les horaires du calculateur d'itinéraire tiennent compte des travaux.<br>Motif : travaux.</p>;20220519T160507;Transilien Train Transilien R;b0834882-d77c-11ec-9547-005056a47b86;travaux
active;Incidents;30;perturbée;SIGNIFICANT_DELAYS;20220721T230000;20220722T023000;b0834882-d77c-11ec-9547-005056a47b86; / Ligne R : Melun - Montargis du 04 au 29 juillet / <p>Période : à partir de 23h<br>Dates : du lundi 04 au vendredi 29 juillet, sauf les samedis et les dimanches  <br>Le trafic est interrompu entre Melun et Montargis.<br>Un service de bus de remplacement est mis en place, avec desserte des gares intermédiaires.<br>Les horaires du calculateur d'itinéraire tiennent compte des travaux.<br>Motif : travaux.</p>;20220519T160507;Transilien Train Transilien R;b0834882-d77c-11ec-9547-005056a47b86;travaux
active;Incidents;30;perturbée;SIGNIFICANT_DELAYS;20220720T230000;20220721T023000;b0834882-d77c-11ec-9547-005056a47b86; / Ligne R : Melun - Montargis du 04 au 29 juillet / <p>Période : à partir de 23h<br>Dates : du lundi 04 au vendredi 29 juillet, sauf les samedis et les dimanches  <br>Le trafic est interrompu entre Melun et Montargis.<br>Un service de bus de remplacement est mis en place, avec desserte des gares intermédiaires.<br>Les horaires du calculateur d'itinéraire tiennent compte des travaux.<br>Motif : travaux.</p>;20220519T160507;Transilien Train Transilien R;b0834882-d77c-11ec-9547-005056a47b86;travaux
active;Incidents;30;perturbée;SIGNIFICANT_DELAYS;20220719T230000;20220720T023000;b0834882-d77c-11ec-9547-005056a47b86; / Ligne R : Melun - Montargis du 04 au 29 juillet / <p>Période : à partir de 23h<br>Dates : du lundi 04 au vendredi 29 juillet, sauf les samedis et les dimanches  <br>Le trafic est interrompu entre Melun et Montargis.<br>Un service de bus de remplacement est mis en place, avec desserte des gares intermédiaires.<br>Les horaires du calculateur d'itinéraire tiennent compte des travaux.<br>Motif : travaux.</p>;20220519T160507;Transilien Train Transilien R;b0834882-d77c-11ec-9547-005056a47b86;travaux
active;Incidents;30;perturbée;SIGNIFICANT_DELAYS;20220718T230000;20220719T023000;b0834882-d77c-11ec-9547-005056a47b86; / Ligne R : Melun - Montargis du 04 au 29 juillet / <p>Période : à partir de 23h<br>Dates : du lundi 04 au vendredi 29 juillet, sauf les samedis et les dimanches  <br>Le trafic est interrompu entre Melun et Montargis.<br>Un service de bus de remplacement est mis en place, avec desserte des gares intermédiaires.<br>Les horaires du calculateur d'itinéraire tiennent compte des travaux.<br>Motif : travaux.</p>;20220519T160507;Transilien Train Transilien R;b0834882-d77c-11ec-9547-005056a47b86;travaux
active;Incidents;30;perturbée;SIGNIFICANT_DELAYS;20220715T230000;20220716T023000;b0834882-d77c-11ec-9547-005056a47b86; / Ligne R : Melun - Montargis du 04 au 29 juillet / <p>Période : à partir de 23h<br>Dates : du lundi 04 au vendredi 29 juillet, sauf les samedis et les dimanches  <br>Le trafic est interrompu entre Melun et Montargis.<br>Un service de bus de remplacement est mis en place, avec desserte des gares intermédiaires.<br>Les horaires du calculateur d'itinéraire tiennent compte des travaux.<br>Motif : travaux.</p>;20220519T160507;Transilien Train Transilien R;b0834882-d77c-11ec-9547-005056a47b86;travaux
active;Incidents;30;perturbée;SIGNIFICANT_DELAYS;20220714T230000;20220715T023000;b0834882-d77c-11ec-9547-005056a47b86; / Ligne R : Melun - Montargis du 04 au 29 juillet / <p>Période : à partir de 23h<br>Dates : du lundi 04 au vendredi 29 juillet, sauf les samedis et les dimanches  <br>Le trafic est interrompu entre Melun et Montargis.<br>Un service de bus de remplacement est mis en place, avec desserte des gares intermédiaires.<br>Les horaires du calculateur d'itinéraire tiennent compte des travaux.<br>Motif : travaux.</p>;20220519T160507;Transilien Train Transilien R;b0834882-d77c-11ec-9547-005056a47b86;travaux
active;Incidents;30;perturbée;SIGNIFICANT_DELAYS;20220713T230000;20220714T023000;b0834882-d77c-11ec-9547-005056a47b86; / Ligne R : Melun - Montargis du 04 au 29 juillet / <p>Période : à partir de 23h<br>Dates : du lundi 04 au vendredi 29 juillet, sauf les samedis et les dimanches  <br>Le trafic est interrompu entre Melun et Montargis.<br>Un service de bus de remplacement est mis en place, avec desserte des gares intermédiaires.<br>Les horaires du calculateur d'itinéraire tiennent compte des travaux.<br>Motif : travaux.</p>;20220519T160507;Transilien Train Transilien R;b0834882-d77c-11ec-9547-005056a47b86;travaux
active;Incidents;30;perturbée;SIGNIFICANT_DELAYS;20220712T230000;20220713T023000;b0834882-d77c-11ec-9547-005056a47b86; / Ligne R : Melun - Montargis du 04 au 29 juillet / <p>Période : à partir de 23h<br>Dates : du lundi 04 au vendredi 29 juillet, sauf les samedis et les dimanches  <br>Le trafic est interrompu entre Melun et Montargis.<br>Un service de bus de remplacement est mis en place, avec desserte des gares intermédiaires.<br>Les horaires du calculateur d'itinéraire tiennent compte des travaux.<br>Motif : travaux.</p>;20220519T160507;Transilien Train Transilien R;b0834882-d77c-11ec-9547-005056a47b86;travaux
active;Incidents;30;perturbée;SIGNIFICANT_DELAYS;20220711T230000;20220712T023000;b0834882-d77c-11ec-9547-005056a47b86; / Ligne R : Melun - Montargis du 04 au 29 juillet / <p>Période : à partir de 23h<br>Dates : du lundi 04 au vendredi 29 juillet, sauf les samedis et les dimanches  <br>Le trafic est interrompu entre Melun et Montargis.<br>Un service de bus de remplacement est mis en place, avec desserte des gares intermédiaires.<br>Les horaires du calculateur d'itinéraire tiennent compte des travaux.<br>Motif : travaux.</p>;20220519T160507;Transilien Train Transilien R;b0834882-d77c-11ec-9547-005056a47b86;travaux
active;Incidents;30;perturbée;SIGNIFICANT_DELAYS;20220708T230000;20220709T023000;b0834882-d77c-11ec-9547-005056a47b86; / Ligne R : Melun - Montargis du 04 au 29 juillet / <p>Période : à partir de 23h<br>Dates : du lundi 04 au vendredi 29 juillet, sauf les samedis et les dimanches  <br>Le trafic est interrompu entre Melun et Montargis.<br>Un service de bus de remplacement est mis en place, avec desserte des gares intermédiaires.<br>Les horaires du calculateur d'itinéraire tiennent compte des travaux.<br>Motif : travaux.</p>;20220519T160507;Transilien Train Transilien R;b0834882-d77c-11ec-9547-005056a47b86;travaux
active;Incidents;30;perturbée;SIGNIFICANT_DELAYS;20220707T230000;20220708T023000;b0834882-d77c-11ec-9547-005056a47b86; / Ligne R : Melun - Montargis du 04 au 29 juillet / <p>Période : à partir de 23h<br>Dates : du lundi 04 au vendredi 29 juillet, sauf les samedis et les dimanches  <br>Le trafic est interrompu entre Melun et Montargis.<br>Un service de bus de remplacement est mis en place, avec desserte des gares intermédiaires.<br>Les horaires du calculateur d'itinéraire tiennent compte des travaux.<br>Motif : travaux.</p>;20220519T160507;Transilien Train Transilien R;b0834882-d77c-11ec-9547-005056a47b86;travaux
active;Incidents;30;perturbée;SIGNIFICANT_DELAYS;20220706T230000;20220707T023000;b0834882-d77c-11ec-9547-005056a47b86; / Ligne R : Melun - Montargis du 04 au 29 juillet / <p>Période : à partir de 23h<br>Dates : du lundi 04 au vendredi 29 juillet, sauf les samedis et les dimanches  <br>Le trafic est interrompu entre Melun et Montargis.<br>Un service de bus de remplacement est mis en place, avec desserte des gares intermédiaires.<br>Les horaires du calculateur d'itinéraire tiennent compte des travaux.<br>Motif : travaux.</p>;20220519T160507;Transilien Train Transilien R;b0834882-d77c-11ec-9547-005056a47b86;travaux
active;Incidents;30;perturbée;SIGNIFICANT_DELAYS;20220704T030000;20220828T235500;26ffe956-d819-11ec-835b-005056a44da2;" / Ligne N : Plaisir G. - Mantes-la-J. du 4/7 au 28/8 / <p>Période : toute la journée, semaine et week-end.<br>Dates : du lundi 04 juillet au dimanche 28 août.<br>Le trafic est interrompu entre Plaisir - Grignon et Mantes-la-Jolie.<br>Un service de bus de remplacement est mis en place, avec desserte des gares intermédiaires.<br>Les samedis et les dimanches du 06 au 14 août 2022:<br>certains trains au départ de Plaisir Grignon et à destination de Paris Montparnasse sont avancés jusqu'à 2minutes.<br><a href=""https://www.transilien.com/sites/transilien/files/sentinelle-n-plaisir-mantes-du04juilletau28aout.pdf"" target="""">Pour plus d'informations, cliquez ici pour télécharger l'affiche PDF.</a><br>Les horaires du calculateur d'itinéraire tiennent compte des travaux.<br>Motif : travaux de maintenance.</p>";20220520T104508;Transilien Train Transilien N;26ffe956-d819-11ec-835b-005056a44da2;travaux
future;Incidents;30;perturbée;SIGNIFICANT_DELAYS;20220726T005500;20220726T025500;b5fa4fda-d82c-11ec-89fd-005056a47b86;" / Ligne N: Paris MP. - Vers.Ch du 11 au 28/7 sauf 14 / <p>Période : les soirées à partir de 1h du lundi au jeudi.<br>Dates : du 11 au 28 juillet sauf le 14.<br>Le trafic est interrompu de Paris Montparnasse vers Versailles Chantiers.<br>Un service de bus de remplacement est mis en place, avec desserte des gares intermédiaires.<br><a href=""https://www.transilien.com/sites/transilien/files/sentinelle-n-paris-versailleschantiers-du11au28juillet.pdf"" target="""">Pour plus d'informations, cliquez ici pour télécharger l'affiche PDF.</a><br>Les horaires du calculateur d'itinéraire tiennent compte des travaux.<br>Motif : travaux de maintenance.</p>";20220520T130508;Transilien Train Transilien N;b5fa4fda-d82c-11ec-89fd-005056a47b86;travaux
future;Incidents;30;perturbée;SIGNIFICANT_DELAYS;20220725T005500;20220725T025500;b5fa4fda-d82c-11ec-89fd-005056a47b86;" / Ligne N: Paris MP. - Vers.Ch du 11 au 28/7 sauf 14 / <p>Période : les soirées à partir de 1h du lundi au jeudi.<br>Dates : du 11 au 28 juillet sauf le 14.<br>Le trafic est interrompu de Paris Montparnasse vers Versailles Chantiers.<br>Un service de bus de remplacement est mis en place, avec desserte des gares intermédiaires.<br><a href=""https://www.transilien.com/sites/transilien/files/sentinelle-n-paris-versailleschantiers-du11au28juillet.pdf"" target="""">Pour plus d'informations, cliquez ici pour télécharger l'affiche PDF.</a><br>Les horaires du calculateur d'itinéraire tiennent compte des travaux.<br>Motif : travaux de maintenance.</p>";20220520T130508;Transilien Train Transilien N;b5fa4fda-d82c-11ec-89fd-005056a47b86;travaux
future;Incidents;30;perturbée;SIGNIFICANT_DELAYS;20220721T005500;20220721T025500;b5fa4fda-d82c-11ec-89fd-005056a47b86;" / Ligne N: Paris MP. - Vers.Ch du 11 au 28/7 sauf 14 / <p>Période : les soirées à partir de 1h du lundi au jeudi.<br>Dates : du 11 au 28 juillet sauf le 14.<br>Le trafic est interrompu de Paris Montparnasse vers Versailles Chantiers.<br>Un service de bus de remplacement est mis en place, avec desserte des gares intermédiaires.<br><a href=""https://www.transilien.com/sites/transilien/files/sentinelle-n-paris-versailleschantiers-du11au28juillet.pdf"" target="""">Pour plus d'informations, cliquez ici pour télécharger l'affiche PDF.</a><br>Les horaires du calculateur d'itinéraire tiennent compte des travaux.<br>Motif : travaux de maintenance.</p>";20220520T130508;Transilien Train Transilien N;b5fa4fda-d82c-11ec-89fd-005056a47b86;travaux
future;Incidents;30;perturbée;SIGNIFICANT_DELAYS;20220720T005500;20220720T025500;b5fa4fda-d82c-11ec-89fd-005056a47b86;" / Ligne N: Paris MP. - Vers.Ch du 11 au 28/7 sauf 14 / <p>Période : les soirées à partir de 1h du lundi au jeudi.<br>Dates : du 11 au 28 juillet sauf le 14.<br>Le trafic est interrompu de Paris Montparnasse vers Versailles Chantiers.<br>Un service de bus de remplacement est mis en place, avec desserte des gares intermédiaires.<br><a href=""https://www.transilien.com/sites/transilien/files/sentinelle-n-paris-versailleschantiers-du11au28juillet.pdf"" target="""">Pour plus d'informations, cliquez ici pour télécharger l'affiche PDF.</a><br>Les horaires du calculateur d'itinéraire tiennent compte des travaux.<br>Motif : travaux de maintenance.</p>";20220520T130508;Transilien Train Transilien N;b5fa4fda-d82c-11ec-89fd-005056a47b86;travaux
future;Incidents;30;perturbée;SIGNIFICANT_DELAYS;20220719T005500;20220719T025500;b5fa4fda-d82c-11ec-89fd-005056a47b86;" / Ligne N: Paris MP. - Vers.Ch du 11 au 28/7 sauf 14 / <p>Période : les soirées à partir de 1h du lundi au jeudi.<br>Dates : du 11 au 28 juillet sauf le 14.<br>Le trafic est interrompu de Paris Montparnasse vers Versailles Chantiers.<br>Un service de bus de remplacement est mis en place, avec desserte des gares intermédiaires.<br><a href=""https://www.transilien.com/sites/transilien/files/sentinelle-n-paris-versailleschantiers-du11au28juillet.pdf"" target="""">Pour plus d'informations, cliquez ici pour télécharger l'affiche PDF.</a><br>Les horaires du calculateur d'itinéraire tiennent compte des travaux.<br>Motif : travaux de maintenance.</p>";20220520T130508;Transilien Train Transilien N;b5fa4fda-d82c-11ec-89fd-005056a47b86;travaux
future;Incidents;30;perturbée;SIGNIFICANT_DELAYS;20220718T005500;20220718T025500;b5fa4fda-d82c-11ec-89fd-005056a47b86;" / Ligne N: Paris MP. - Vers.Ch du 11 au 28/7 sauf 14 / <p>Période : les soirées à partir de 1h du lundi au jeudi.<br>Dates : du 11 au 28 juillet sauf le 14.<br>Le trafic est interrompu de Paris Montparnasse vers Versailles Chantiers.<br>Un service de bus de remplacement est mis en place, avec desserte des gares intermédiaires.<br><a href=""https://www.transilien.com/sites/transilien/files/sentinelle-n-paris-versailleschantiers-du11au28juillet.pdf"" target="""">Pour plus d'informations, cliquez ici pour télécharger l'affiche PDF.</a><br>Les horaires du calculateur d'itinéraire tiennent compte des travaux.<br>Motif : travaux de maintenance.</p>";20220520T130508;Transilien Train Transilien N;b5fa4fda-d82c-11ec-89fd-005056a47b86;travaux
future;Incidents;30;perturbée;SIGNIFICANT_DELAYS;20220713T005500;20220713T025500;b5fa4fda-d82c-11ec-89fd-005056a47b86;" / Ligne N: Paris MP. - Vers.Ch du 11 au 28/7 sauf 14 / <p>Période : les soirées à partir de 1h du lundi au jeudi.<br>Dates : du 11 au 28 juillet sauf le 14.<br>Le trafic est interrompu de Paris Montparnasse vers Versailles Chantiers.<br>Un service de bus de remplacement est mis en place, avec desserte des gares intermédiaires.<br><a href=""https://www.transilien.com/sites/transilien/files/sentinelle-n-paris-versailleschantiers-du11au28juillet.pdf"" target="""">Pour plus d'informations, cliquez ici pour télécharger l'affiche PDF.</a><br>Les horaires du calculateur d'itinéraire tiennent compte des travaux.<br>Motif : travaux de maintenance.</p>";20220520T130508;Transilien Train Transilien N;b5fa4fda-d82c-11ec-89fd-005056a47b86;travaux
future;Incidents;30;perturbée;SIGNIFICANT_DELAYS;20220727T005500;20220727T025500;b5fa4fda-d82c-11ec-89fd-005056a47b86;" / Ligne N: Paris MP. - Vers.Ch du 11 au 28/7 sauf 14 / <p>Période : les soirées à partir de 1h du lundi au jeudi.<br>Dates : du 11 au 28 juillet sauf le 14.<br>Le trafic est interrompu de Paris Montparnasse vers Versailles Chantiers.<br>Un service de bus de remplacement est mis en place, avec desserte des gares intermédiaires.<br><a href=""https://www.transilien.com/sites/transilien/files/sentinelle-n-paris-versailleschantiers-du11au28juillet.pdf"" target="""">Pour plus d'informations, cliquez ici pour télécharger l'affiche PDF.</a><br>Les horaires du calculateur d'itinéraire tiennent compte des travaux.<br>Motif : travaux de maintenance.</p>";20220520T130508;Transilien Train Transilien N;b5fa4fda-d82c-11ec-89fd-005056a47b86;travaux
future;Incidents;30;perturbée;SIGNIFICANT_DELAYS;20220712T005500;20220712T025500;b5fa4fda-d82c-11ec-89fd-005056a47b86;" / Ligne N: Paris MP. - Vers.Ch du 11 au 28/7 sauf 14 / <p>Période : les soirées à partir de 1h du lundi au jeudi.<br>Dates : du 11 au 28 juillet sauf le 14.<br>Le trafic est interrompu de Paris Montparnasse vers Versailles Chantiers.<br>Un service de bus de remplacement est mis en place, avec desserte des gares intermédiaires.<br><a href=""https://www.transilien.com/sites/transilien/files/sentinelle-n-paris-versailleschantiers-du11au28juillet.pdf"" target="""">Pour plus d'informations, cliquez ici pour télécharger l'affiche PDF.</a><br>Les horaires du calculateur d'itinéraire tiennent compte des travaux.<br>Motif : travaux de maintenance.</p>";20220520T130508;Transilien Train Transilien N;b5fa4fda-d82c-11ec-89fd-005056a47b86;travaux
future;Incidents;30;perturbée;SIGNIFICANT_DELAYS;20220711T005500;20220711T025500;b5fa4fda-d82c-11ec-89fd-005056a47b86;" / Ligne N: Paris MP. - Vers.Ch du 11 au 28/7 sauf 14 / <p>Période : les soirées à partir de 1h du lundi au jeudi.<br>Dates : du 11 au 28 juillet sauf le 14.<br>Le trafic est interrompu de Paris Montparnasse vers Versailles Chantiers.<br>Un service de bus de remplacement est mis en place, avec desserte des gares intermédiaires.<br><a href=""https://www.transilien.com/sites/transilien/files/sentinelle-n-paris-versailleschantiers-du11au28juillet.pdf"" target="""">Pour plus d'informations, cliquez ici pour télécharger l'affiche PDF.</a><br>Les horaires du calculateur d'itinéraire tiennent compte des travaux.<br>Motif : travaux de maintenance.</p>";20220520T130508;Transilien Train Transilien N;b5fa4fda-d82c-11ec-89fd-005056a47b86;travaux
future;Incidents;30;perturbée;SIGNIFICANT_DELAYS;20220728T005500;20220728T025500;b5fa4fda-d82c-11ec-89fd-005056a47b86;" / Ligne N: Paris MP. - Vers.Ch du 11 au 28/7 sauf 14 / <p>Période : les soirées à partir de 1h du lundi au jeudi.<br>Dates : du 11 au 28 juillet sauf le 14.<br>Le trafic est interrompu de Paris Montparnasse vers Versailles Chantiers.<br>Un service de bus de remplacement est mis en place, avec desserte des gares intermédiaires.<br><a href=""https://www.transilien.com/sites/transilien/files/sentinelle-n-paris-versailleschantiers-du11au28juillet.pdf"" target="""">Pour plus d'informations, cliquez ici pour télécharger l'affiche PDF.</a><br>Les horaires du calculateur d'itinéraire tiennent compte des travaux.<br>Motif : travaux de maintenance.</p>";20220520T130508;Transilien Train Transilien N;b5fa4fda-d82c-11ec-89fd-005056a47b86;travaux
active;Incidents;30;perturbée;SIGNIFICANT_DELAYS;20220704T235500;20220705T023000;ab2b7dfa-d8f8-11ec-8fa7-005056a44da2;" / Ligne N : Paris Montp. - Plaisir Gr. du 4 au 29/7 / <p>Période : en semaine, le soir à partir de 0h00.<br>Dates : du lundi 4 au vendredi 29 juillet.<br>Le trafic est interrompu entre Paris Montparnasse et Plaisir - Grignon.<br>Un service de bus de remplacement est mis en place, avec desserte des gares intermédiaires.<br><a href=""https://www.transilien.com/sites/transilien/files/sentinelle-n-paris-plaisirgrignon-du04au29juillet.pdf"" target="""">Pour plus d'informations, cliquez ici pour télécharger l'affiche PDF.</a><br>Les horaires du calculateur d'itinéraire tiennent compte des travaux.<br>Motif : travaux de maintenance.</p> / Ligne N : Paris Montp. - Plaisir Gr. du 4 au 29/7";20220521T132507;Transilien Train Transilien N;ab2b7dfa-d8f8-11ec-8fa7-005056a44da2;travaux
active;Incidents;30;perturbée;SIGNIFICANT_DELAYS;20220705T235500;20220706T023000;ab2b7dfa-d8f8-11ec-8fa7-005056a44da2;" / Ligne N : Paris Montp. - Plaisir Gr. du 4 au 29/7 / <p>Période : en semaine, le soir à partir de 0h00.<br>Dates : du lundi 4 au vendredi 29 juillet.<br>Le trafic est interrompu entre Paris Montparnasse et Plaisir - Grignon.<br>Un service de bus de remplacement est mis en place, avec desserte des gares intermédiaires.<br><a href=""https://www.transilien.com/sites/transilien/files/sentinelle-n-paris-plaisirgrignon-du04au29juillet.pdf"" target="""">Pour plus d'informations, cliquez ici pour télécharger l'affiche PDF.</a><br>Les horaires du calculateur d'itinéraire tiennent compte des travaux.<br>Motif : travaux de maintenance.</p> / Ligne N : Paris Montp. - Plaisir Gr. du 4 au 29/7";20220521T132507;Transilien Train Transilien N;ab2b7dfa-d8f8-11ec-8fa7-005056a44da2;travaux
active;Incidents;30;perturbée;SIGNIFICANT_DELAYS;20220729T235500;20220730T023000;ab2b7dfa-d8f8-11ec-8fa7-005056a44da2;" / Ligne N : Paris Montp. - Plaisir Gr. du 4 au 29/7 / <p>Période : en semaine, le soir à partir de 0h00.<br>Dates : du lundi 4 au vendredi 29 juillet.<br>Le trafic est interrompu entre Paris Montparnasse et Plaisir - Grignon.<br>Un service de bus de remplacement est mis en place, avec desserte des gares intermédiaires.<br><a href=""https://www.transilien.com/sites/transilien/files/sentinelle-n-paris-plaisirgrignon-du04au29juillet.pdf"" target="""">Pour plus d'informations, cliquez ici pour télécharger l'affiche PDF.</a><br>Les horaires du calculateur d'itinéraire tiennent compte des travaux.<br>Motif : travaux de maintenance.</p> / Ligne N : Paris Montp. - Plaisir Gr. du 4 au 29/7";20220521T132507;Transilien Train Transilien N;ab2b7dfa-d8f8-11ec-8fa7-005056a44da2;travaux
active;Incidents;30;perturbée;SIGNIFICANT_DELAYS;20220728T235500;20220729T023000;ab2b7dfa-d8f8-11ec-8fa7-005056a44da2;" / Ligne N : Paris Montp. - Plaisir Gr. du 4 au 29/7 / <p>Période : en semaine, le soir à partir de 0h00.<br>Dates : du lundi 4 au vendredi 29 juillet.<br>Le trafic est interrompu entre Paris Montparnasse et Plaisir - Grignon.<br>Un service de bus de remplacement est mis en place, avec desserte des gares intermédiaires.<br><a href=""https://www.transilien.com/sites/transilien/files/sentinelle-n-paris-plaisirgrignon-du04au29juillet.pdf"" target="""">Pour plus d'informations, cliquez ici pour télécharger l'affiche PDF.</a><br>Les horaires du calculateur d'itinéraire tiennent compte des travaux.<br>Motif : travaux de maintenance.</p> / Ligne N : Paris Montp. - Plaisir Gr. du 4 au 29/7";20220521T132507;Transilien Train Transilien N;ab2b7dfa-d8f8-11ec-8fa7-005056a44da2;travaux
active;Incidents;30;perturbée;SIGNIFICANT_DELAYS;20220727T235500;20220728T023000;ab2b7dfa-d8f8-11ec-8fa7-005056a44da2;" / Ligne N : Paris Montp. - Plaisir Gr. du 4 au 29/7 / <p>Période : en semaine, le soir à partir de 0h00.<br>Dates : du lundi 4 au vendredi 29 juillet.<br>Le trafic est interrompu entre Paris Montparnasse et Plaisir - Grignon.<br>Un service de bus de remplacement est mis en place, avec desserte des gares intermédiaires.<br><a href=""https://www.transilien.com/sites/transilien/files/sentinelle-n-paris-plaisirgrignon-du04au29juillet.pdf"" target="""">Pour plus d'informations, cliquez ici pour télécharger l'affiche PDF.</a><br>Les horaires du calculateur d'itinéraire tiennent compte des travaux.<br>Motif : travaux de maintenance.</p> / Ligne N : Paris Montp. - Plaisir Gr. du 4 au 29/7";20220521T132507;Transilien Train Transilien N;ab2b7dfa-d8f8-11ec-8fa7-005056a44da2;travaux
active;Incidents;30;perturbée;SIGNIFICANT_DELAYS;20220726T235500;20220727T023000;ab2b7dfa-d8f8-11ec-8fa7-005056a44da2;" / Ligne N : Paris Montp. - Plaisir Gr. du 4 au 29/7 / <p>Période : en semaine, le soir à partir de 0h00.<br>Dates : du lundi 4 au vendredi 29 juillet.<br>Le trafic est interrompu entre Paris Montparnasse et Plaisir - Grignon.<br>Un service de bus de remplacement est mis en place, avec desserte des gares intermédiaires.<br><a href=""https://www.transilien.com/sites/transilien/files/sentinelle-n-paris-plaisirgrignon-du04au29juillet.pdf"" target="""">Pour plus d'informations, cliquez ici pour télécharger l'affiche PDF.</a><br>Les horaires du calculateur d'itinéraire tiennent compte des travaux.<br>Motif : travaux de maintenance.</p> / Ligne N : Paris Montp. - Plaisir Gr. du 4 au 29/7";20220521T132507;Transilien Train Transilien N;ab2b7dfa-d8f8-11ec-8fa7-005056a44da2;travaux
active;Incidents;30;perturbée;SIGNIFICANT_DELAYS;20220725T235500;20220726T023000;ab2b7dfa-d8f8-11ec-8fa7-005056a44da2;" / Ligne N : Paris Montp. - Plaisir Gr. du 4 au 29/7 / <p>Période : en semaine, le soir à partir de 0h00.<br>Dates : du lundi 4 au vendredi 29 juillet.<br>Le trafic est interrompu entre Paris Montparnasse et Plaisir - Grignon.<br>Un service de bus de remplacement est mis en place, avec desserte des gares intermédiaires.<br><a href=""https://www.transilien.com/sites/transilien/files/sentinelle-n-paris-plaisirgrignon-du04au29juillet.pdf"" target="""">Pour plus d'informations, cliquez ici pour télécharger l'affiche PDF.</a><br>Les horaires du calculateur d'itinéraire tiennent compte des travaux.<br>Motif : travaux de maintenance.</p> / Ligne N : Paris Montp. - Plaisir Gr. du 4 au 29/7";20220521T132507;Transilien Train Transilien N;ab2b7dfa-d8f8-11ec-8fa7-005056a44da2;travaux
active;Incidents;30;perturbée;SIGNIFICANT_DELAYS;20220722T235500;20220723T023000;ab2b7dfa-d8f8-11ec-8fa7-005056a44da2;" / Ligne N : Paris Montp. - Plaisir Gr. du 4 au 29/7 / <p>Période : en semaine, le soir à partir de 0h00.<br>Dates : du lundi 4 au vendredi 29 juillet.<br>Le trafic est interrompu entre Paris Montparnasse et Plaisir - Grignon.<br>Un service de bus de remplacement est mis en place, avec desserte des gares intermédiaires.<br><a href=""https://www.transilien.com/sites/transilien/files/sentinelle-n-paris-plaisirgrignon-du04au29juillet.pdf"" target="""">Pour plus d'informations, cliquez ici pour télécharger l'affiche PDF.</a><br>Les horaires du calculateur d'itinéraire tiennent compte des travaux.<br>Motif : travaux de maintenance.</p> / Ligne N : Paris Montp. - Plaisir Gr. du 4 au 29/7";20220521T132507;Transilien Train Transilien N;ab2b7dfa-d8f8-11ec-8fa7-005056a44da2;travaux
active;Incidents;30;perturbée;SIGNIFICANT_DELAYS;20220721T235500;20220722T023000;ab2b7dfa-d8f8-11ec-8fa7-005056a44da2;" / Ligne N : Paris Montp. - Plaisir Gr. du 4 au 29/7 / <p>Période : en semaine, le soir à partir de 0h00.<br>Dates : du lundi 4 au vendredi 29 juillet.<br>Le trafic est interrompu entre Paris Montparnasse et Plaisir - Grignon.<br>Un service de bus de remplacement est mis en place, avec desserte des gares intermédiaires.<br><a href=""https://www.transilien.com/sites/transilien/files/sentinelle-n-paris-plaisirgrignon-du04au29juillet.pdf"" target="""">Pour plus d'informations, cliquez ici pour télécharger l'affiche PDF.</a><br>Les horaires du calculateur d'itinéraire tiennent compte des travaux.<br>Motif : travaux de maintenance.</p> / Ligne N : Paris Montp. - Plaisir Gr. du 4 au 29/7";20220521T132507;Transilien Train Transilien N;ab2b7dfa-d8f8-11ec-8fa7-005056a44da2;travaux
active;Incidents;30;perturbée;SIGNIFICANT_DELAYS;20220720T235500;20220721T023000;ab2b7dfa-d8f8-11ec-8fa7-005056a44da2;" / Ligne N : Paris Montp. - Plaisir Gr. du 4 au 29/7 / <p>Période : en semaine, le soir à partir de 0h00.<br>Dates : du lundi 4 au vendredi 29 juillet.<br>Le trafic est interrompu entre Paris Montparnasse et Plaisir - Grignon.<br>Un service de bus de remplacement est mis en place, avec desserte des gares intermédiaires.<br><a href=""https://www.transilien.com/sites/transilien/files/sentinelle-n-paris-plaisirgrignon-du04au29juillet.pdf"" target="""">Pour plus d'informations, cliquez ici pour télécharger l'affiche PDF.</a><br>Les horaires du calculateur d'itinéraire tiennent compte des travaux.<br>Motif : travaux de maintenance.</p> / Ligne N : Paris Montp. - Plaisir Gr. du 4 au 29/7";20220521T132507;Transilien Train Transilien N;ab2b7dfa-d8f8-11ec-8fa7-005056a44da2;travaux
active;Incidents;30;perturbée;SIGNIFICANT_DELAYS;20220719T235500;20220720T023000;ab2b7dfa-d8f8-11ec-8fa7-005056a44da2;" / Ligne N : Paris Montp. - Plaisir Gr. du 4 au 29/7 / <p>Période : en semaine, le soir à partir de 0h00.<br>Dates : du lundi 4 au vendredi 29 juillet.<br>Le trafic est interrompu entre Paris Montparnasse et Plaisir - Grignon.<br>Un service de bus de remplacement est mis en place, avec desserte des gares intermédiaires.<br><a href=""https://www.transilien.com/sites/transilien/files/sentinelle-n-paris-plaisirgrignon-du04au29juillet.pdf"" target="""">Pour plus d'informations, cliquez ici pour télécharger l'affiche PDF.</a><br>Les horaires du calculateur d'itinéraire tiennent compte des travaux.<br>Motif : travaux de maintenance.</p> / Ligne N : Paris Montp. - Plaisir Gr. du 4 au 29/7";20220521T132507;Transilien Train Transilien N;ab2b7dfa-d8f8-11ec-8fa7-005056a44da2;travaux
active;Incidents;30;perturbée;SIGNIFICANT_DELAYS;20220718T235500;20220719T023000;ab2b7dfa-d8f8-11ec-8fa7-005056a44da2;" / Ligne N : Paris Montp. - Plaisir Gr. du 4 au 29/7 / <p>Période : en semaine, le soir à partir de 0h00.<br>Dates : du lundi 4 au vendredi 29 juillet.<br>Le trafic est interrompu entre Paris Montparnasse et Plaisir - Grignon.<br>Un service de bus de remplacement est mis en place, avec desserte des gares intermédiaires.<br><a href=""https://www.transilien.com/sites/transilien/files/sentinelle-n-paris-plaisirgrignon-du04au29juillet.pdf"" target="""">Pour plus d'informations, cliquez ici pour télécharger l'affiche PDF.</a><br>Les horaires du calculateur d'itinéraire tiennent compte des travaux.<br>Motif : travaux de maintenance.</p> / Ligne N : Paris Montp. - Plaisir Gr. du 4 au 29/7";20220521T132507;Transilien Train Transilien N;ab2b7dfa-d8f8-11ec-8fa7-005056a44da2;travaux
active;Incidents;30;perturbée;SIGNIFICANT_DELAYS;20220715T235500;20220716T023000;ab2b7dfa-d8f8-11ec-8fa7-005056a44da2;" / Ligne N : Paris Montp. - Plaisir Gr. du 4 au 29/7 / <p>Période : en semaine, le soir à partir de 0h00.<br>Dates : du lundi 4 au vendredi 29 juillet.<br>Le trafic est interrompu entre Paris Montparnasse et Plaisir - Grignon.<br>Un service de bus de remplacement est mis en place, avec desserte des gares intermédiaires.<br><a href=""https://www.transilien.com/sites/transilien/files/sentinelle-n-paris-plaisirgrignon-du04au29juillet.pdf"" target="""">Pour plus d'informations, cliquez ici pour télécharger l'affiche PDF.</a><br>Les horaires du calculateur d'itinéraire tiennent compte des travaux.<br>Motif : travaux de maintenance.</p> / Ligne N : Paris Montp. - Plaisir Gr. du 4 au 29/7";20220521T132507;Transilien Train Transilien N;ab2b7dfa-d8f8-11ec-8fa7-005056a44da2;travaux
active;Incidents;30;perturbée;SIGNIFICANT_DELAYS;20220714T235500;20220715T023000;ab2b7dfa-d8f8-11ec-8fa7-005056a44da2;" / Ligne N : Paris Montp. - Plaisir Gr. du 4 au 29/7 / <p>Période : en semaine, le soir à partir de 0h00.<br>Dates : du lundi 4 au vendredi 29 juillet.<br>Le trafic est interrompu entre Paris Montparnasse et Plaisir - Grignon.<br>Un service de bus de remplacement est mis en place, avec desserte des gares intermédiaires.<br><a href=""https://www.transilien.com/sites/transilien/files/sentinelle-n-paris-plaisirgrignon-du04au29juillet.pdf"" target="""">Pour plus d'informations, cliquez ici pour télécharger l'affiche PDF.</a><br>Les horaires du calculateur d'itinéraire tiennent compte des travaux.<br>Motif : travaux de maintenance.</p> / Ligne N : Paris Montp. - Plaisir Gr. du 4 au 29/7";20220521T132507;Transilien Train Transilien N;ab2b7dfa-d8f8-11ec-8fa7-005056a44da2;travaux
active;Incidents;30;perturbée;SIGNIFICANT_DELAYS;20220713T235500;20220714T023000;ab2b7dfa-d8f8-11ec-8fa7-005056a44da2;" / Ligne N : Paris Montp. - Plaisir Gr. du 4 au 29/7 / <p>Période : en semaine, le soir à partir de 0h00.<br>Dates : du lundi 4 au vendredi 29 juillet.<br>Le trafic est interrompu entre Paris Montparnasse et Plaisir - Grignon.<br>Un service de bus de remplacement est mis en place, avec desserte des gares intermédiaires.<br><a href=""https://www.transilien.com/sites/transilien/files/sentinelle-n-paris-plaisirgrignon-du04au29juillet.pdf"" target="""">Pour plus d'informations, cliquez ici pour télécharger l'affiche PDF.</a><br>Les horaires du calculateur d'itinéraire tiennent compte des travaux.<br>Motif : travaux de maintenance.</p> / Ligne N : Paris Montp. - Plaisir Gr. du 4 au 29/7";20220521T132507;Transilien Train Transilien N;ab2b7dfa-d8f8-11ec-8fa7-005056a44da2;travaux
active;Incidents;30;perturbée;SIGNIFICANT_DELAYS;20220712T235500;20220713T023000;ab2b7dfa-d8f8-11ec-8fa7-005056a44da2;" / Ligne N : Paris Montp. - Plaisir Gr. du 4 au 29/7 / <p>Période : en semaine, le soir à partir de 0h00.<br>Dates : du lundi 4 au vendredi 29 juillet.<br>Le trafic est interrompu entre Paris Montparnasse et Plaisir - Grignon.<br>Un service de bus de remplacement est mis en place, avec desserte des gares intermédiaires.<br><a href=""https://www.transilien.com/sites/transilien/files/sentinelle-n-paris-plaisirgrignon-du04au29juillet.pdf"" target="""">Pour plus d'informations, cliquez ici pour télécharger l'affiche PDF.</a><br>Les horaires du calculateur d'itinéraire tiennent compte des travaux.<br>Motif : travaux de maintenance.</p> / Ligne N : Paris Montp. - Plaisir Gr. du 4 au 29/7";20220521T132507;Transilien Train Transilien N;ab2b7dfa-d8f8-11ec-8fa7-005056a44da2;travaux
active;Incidents;30;perturbée;SIGNIFICANT_DELAYS;20220711T235500;20220712T023000;ab2b7dfa-d8f8-11ec-8fa7-005056a44da2;" / Ligne N : Paris Montp. - Plaisir Gr. du 4 au 29/7 / <p>Période : en semaine, le soir à partir de 0h00.<br>Dates : du lundi 4 au vendredi 29 juillet.<br>Le trafic est interrompu entre Paris Montparnasse et Plaisir - Grignon.<br>Un service de bus de remplacement est mis en place, avec desserte des gares intermédiaires.<br><a href=""https://www.transilien.com/sites/transilien/files/sentinelle-n-paris-plaisirgrignon-du04au29juillet.pdf"" target="""">Pour plus d'informations, cliquez ici pour télécharger l'affiche PDF.</a><br>Les horaires du calculateur d'itinéraire tiennent compte des travaux.<br>Motif : travaux de maintenance.</p> / Ligne N : Paris Montp. - Plaisir Gr. du 4 au 29/7";20220521T132507;Transilien Train Transilien N;ab2b7dfa-d8f8-11ec-8fa7-005056a44da2;travaux
active;Incidents;30;perturbée;SIGNIFICANT_DELAYS;20220708T235500;20220709T023000;ab2b7dfa-d8f8-11ec-8fa7-005056a44da2;" / Ligne N : Paris Montp. - Plaisir Gr. du 4 au 29/7 / <p>Période : en semaine, le soir à partir de 0h00.<br>Dates : du lundi 4 au vendredi 29 juillet.<br>Le trafic est interrompu entre Paris Montparnasse et Plaisir - Grignon.<br>Un service de bus de remplacement est mis en place, avec desserte des gares intermédiaires.<br><a href=""https://www.transilien.com/sites/transilien/files/sentinelle-n-paris-plaisirgrignon-du04au29juillet.pdf"" target="""">Pour plus d'informations, cliquez ici pour télécharger l'affiche PDF.</a><br>Les horaires du calculateur d'itinéraire tiennent compte des travaux.<br>Motif : travaux de maintenance.</p> / Ligne N : Paris Montp. - Plaisir Gr. du 4 au 29/7";20220521T132507;Transilien Train Transilien N;ab2b7dfa-d8f8-11ec-8fa7-005056a44da2;travaux
active;Incidents;30;perturbée;SIGNIFICANT_DELAYS;20220707T235500;20220708T023000;ab2b7dfa-d8f8-11ec-8fa7-005056a44da2;" / Ligne N : Paris Montp. - Plaisir Gr. du 4 au 29/7 / <p>Période : en semaine, le soir à partir de 0h00.<br>Dates : du lundi 4 au vendredi 29 juillet.<br>Le trafic est interrompu entre Paris Montparnasse et Plaisir - Grignon.<br>Un service de bus de remplacement est mis en place, avec desserte des gares intermédiaires.<br><a href=""https://www.transilien.com/sites/transilien/files/sentinelle-n-paris-plaisirgrignon-du04au29juillet.pdf"" target="""">Pour plus d'informations, cliquez ici pour télécharger l'affiche PDF.</a><br>Les horaires du calculateur d'itinéraire tiennent compte des travaux.<br>Motif : travaux de maintenance.</p> / Ligne N : Paris Montp. - Plaisir Gr. du 4 au 29/7";20220521T132507;Transilien Train Transilien N;ab2b7dfa-d8f8-11ec-8fa7-005056a44da2;travaux
active;Incidents;30;perturbée;SIGNIFICANT_DELAYS;20220706T235500;20220707T023000;ab2b7dfa-d8f8-11ec-8fa7-005056a44da2;" / Ligne N : Paris Montp. - Plaisir Gr. du 4 au 29/7 / <p>Période : en semaine, le soir à partir de 0h00.<br>Dates : du lundi 4 au vendredi 29 juillet.<br>Le trafic est interrompu entre Paris Montparnasse et Plaisir - Grignon.<br>Un service de bus de remplacement est mis en place, avec desserte des gares intermédiaires.<br><a href=""https://www.transilien.com/sites/transilien/files/sentinelle-n-paris-plaisirgrignon-du04au29juillet.pdf"" target="""">Pour plus d'informations, cliquez ici pour télécharger l'affiche PDF.</a><br>Les horaires du calculateur d'itinéraire tiennent compte des travaux.<br>Motif : travaux de maintenance.</p> / Ligne N : Paris Montp. - Plaisir Gr. du 4 au 29/7";20220521T132507;Transilien Train Transilien N;ab2b7dfa-d8f8-11ec-8fa7-005056a44da2;travaux
future;Incidents;30;perturbée;SIGNIFICANT_DELAYS;20220707T193000;20220708T020000;9bff43d6-dc2a-11ec-842d-005056a44da2;" / Ligne P : Paris Est-Provins du 02.05 au 29.07 / <p>Période : à partir de 20h <br>Dates : du lundi 2 mai au vendredi 29 juillet, du lundi au vendredi<br>Le trafic est interrompu entre Paris Est et Provins.<br>Un service de bus de remplacement est mis en place, avec desserte des gares intermédiaires.<br>Pour plus d'informations, <a href=""https://www.transilien.com/sites/transilien/files/sentinelle-P-provins-mai-juin-juillet.pdf"" target="""">cliquez ici pour télécharger l'affiche PDF.</a><br>Les horaires du calculateur d'itinéraire ne tient pas compte des bus de remplacement.<br>Motif : travaux de maintenance.</p> / Ligne P : Paris Est-Provins du 02.05 au 29.07";20220525T150010;Transilien Train Transilien P;9bff43d6-dc2a-11ec-842d-005056a44da2;travaux
future;Incidents;30;perturbée;SIGNIFICANT_DELAYS;20220616T193000;20220617T020000;9bff43d6-dc2a-11ec-842d-005056a44da2;" / Ligne P : Paris Est-Provins du 02.05 au 29.07 / <p>Période : à partir de 20h <br>Dates : du lundi 2 mai au vendredi 29 juillet, du lundi au vendredi<br>Le trafic est interrompu entre Paris Est et Provins.<br>Un service de bus de remplacement est mis en place, avec desserte des gares intermédiaires.<br>Pour plus d'informations, <a href=""https://www.transilien.com/sites/transilien/files/sentinelle-P-provins-mai-juin-juillet.pdf"" target="""">cliquez ici pour télécharger l'affiche PDF.</a><br>Les horaires du calculateur d'itinéraire ne tient pas compte des bus de remplacement.<br>Motif : travaux de maintenance.</p> / Ligne P : Paris Est-Provins du 02.05 au 29.07";20220525T150010;Transilien Train Transilien P;9bff43d6-dc2a-11ec-842d-005056a44da2;travaux
future;Incidents;30;perturbée;SIGNIFICANT_DELAYS;20220613T193000;20220614T020000;9bff43d6-dc2a-11ec-842d-005056a44da2;" / Ligne P : Paris Est-Provins du 02.05 au 29.07 / <p>Période : à partir de 20h <br>Dates : du lundi 2 mai au vendredi 29 juillet, du lundi au vendredi<br>Le trafic est interrompu entre Paris Est et Provins.<br>Un service de bus de remplacement est mis en place, avec desserte des gares intermédiaires.<br>Pour plus d'informations, <a href=""https://www.transilien.com/sites/transilien/files/sentinelle-P-provins-mai-juin-juillet.pdf"" target="""">cliquez ici pour télécharger l'affiche PDF.</a><br>Les horaires du calculateur d'itinéraire ne tient pas compte des bus de remplacement.<br>Motif : travaux de maintenance.</p> / Ligne P : Paris Est-Provins du 02.05 au 29.07";20220525T150010;Transilien Train Transilien P;9bff43d6-dc2a-11ec-842d-005056a44da2;travaux
future;Incidents;30;perturbée;SIGNIFICANT_DELAYS;20220614T193000;20220615T020000;9bff43d6-dc2a-11ec-842d-005056a44da2;" / Ligne P : Paris Est-Provins du 02.05 au 29.07 / <p>Période : à partir de 20h <br>Dates : du lundi 2 mai au vendredi 29 juillet, du lundi au vendredi<br>Le trafic est interrompu entre Paris Est et Provins.<br>Un service de bus de remplacement est mis en place, avec desserte des gares intermédiaires.<br>Pour plus d'informations, <a href=""https://www.transilien.com/sites/transilien/files/sentinelle-P-provins-mai-juin-juillet.pdf"" target="""">cliquez ici pour télécharger l'affiche PDF.</a><br>Les horaires du calculateur d'itinéraire ne tient pas compte des bus de remplacement.<br>Motif : travaux de maintenance.</p> / Ligne P : Paris Est-Provins du 02.05 au 29.07";20220525T150010;Transilien Train Transilien P;9bff43d6-dc2a-11ec-842d-005056a44da2;travaux
future;Incidents;30;perturbée;SIGNIFICANT_DELAYS;20220617T193000;20220618T020000;9bff43d6-dc2a-11ec-842d-005056a44da2;" / Ligne P : Paris Est-Provins du 02.05 au 29.07 / <p>Période : à partir de 20h <br>Dates : du lundi 2 mai au vendredi 29 juillet, du lundi au vendredi<br>Le trafic est interrompu entre Paris Est et Provins.<br>Un service de bus de remplacement est mis en place, avec desserte des gares intermédiaires.<br>Pour plus d'informations, <a href=""https://www.transilien.com/sites/transilien/files/sentinelle-P-provins-mai-juin-juillet.pdf"" target="""">cliquez ici pour télécharger l'affiche PDF.</a><br>Les horaires du calculateur d'itinéraire ne tient pas compte des bus de remplacement.<br>Motif : travaux de maintenance.</p> / Ligne P : Paris Est-Provins du 02.05 au 29.07";20220525T150010;Transilien Train Transilien P;9bff43d6-dc2a-11ec-842d-005056a44da2;travaux
future;Incidents;30;perturbée;SIGNIFICANT_DELAYS;20220602T193000;20220603T020000;9bff43d6-dc2a-11ec-842d-005056a44da2;" / Ligne P : Paris Est-Provins du 02.05 au 29.07 / <p>Période : à partir de 20h <br>Dates : du lundi 2 mai au vendredi 29 juillet, du lundi au vendredi<br>Le trafic est interrompu entre Paris Est et Provins.<br>Un service de bus de remplacement est mis en place, avec desserte des gares intermédiaires.<br>Pour plus d'informations, <a href=""https://www.transilien.com/sites/transilien/files/sentinelle-P-provins-mai-juin-juillet.pdf"" target="""">cliquez ici pour télécharger l'affiche PDF.</a><br>Les horaires du calculateur d'itinéraire ne tient pas compte des bus de remplacement.<br>Motif : travaux de maintenance.</p> / Ligne P : Paris Est-Provins du 02.05 au 29.07";20220525T150010;Transilien Train Transilien P;9bff43d6-dc2a-11ec-842d-005056a44da2;travaux
future;Incidents;30;perturbée;SIGNIFICANT_DELAYS;20220504T193000;20220505T020000;9bff43d6-dc2a-11ec-842d-005056a44da2;" / Ligne P : Paris Est-Provins du 02.05 au 29.07 / <p>Période : à partir de 20h <br>Dates : du lundi 2 mai au vendredi 29 juillet, du lundi au vendredi<br>Le trafic est interrompu entre Paris Est et Provins.<br>Un service de bus de remplacement est mis en place, avec desserte des gares intermédiaires.<br>Pour plus d'informations, <a href=""https://www.transilien.com/sites/transilien/files/sentinelle-P-provins-mai-juin-juillet.pdf"" target="""">cliquez ici pour télécharger l'affiche PDF.</a><br>Les horaires du calculateur d'itinéraire ne tient pas compte des bus de remplacement.<br>Motif : travaux de maintenance.</p> / Ligne P : Paris Est-Provins du 02.05 au 29.07";20220525T150010;Transilien Train Transilien P;9bff43d6-dc2a-11ec-842d-005056a44da2;travaux
future;Incidents;30;perturbée;SIGNIFICANT_DELAYS;20220609T193000;20220610T020000;9bff43d6-dc2a-11ec-842d-005056a44da2;" / Ligne P : Paris Est-Provins du 02.05 au 29.07 / <p>Période : à partir de 20h <br>Dates : du lundi 2 mai au vendredi 29 juillet, du lundi au vendredi<br>Le trafic est interrompu entre Paris Est et Provins.<br>Un service de bus de remplacement est mis en place, avec desserte des gares intermédiaires.<br>Pour plus d'informations, <a href=""https://www.transilien.com/sites/transilien/files/sentinelle-P-provins-mai-juin-juillet.pdf"" target="""">cliquez ici pour télécharger l'affiche PDF.</a><br>Les horaires du calculateur d'itinéraire ne tient pas compte des bus de remplacement.<br>Motif : travaux de maintenance.</p> / Ligne P : Paris Est-Provins du 02.05 au 29.07";20220525T150010;Transilien Train Transilien P;9bff43d6-dc2a-11ec-842d-005056a44da2;travaux
future;Incidents;30;perturbée;SIGNIFICANT_DELAYS;20220530T193000;20220531T020000;9bff43d6-dc2a-11ec-842d-005056a44da2;" / Ligne P : Paris Est-Provins du 02.05 au 29.07 / <p>Période : à partir de 20h <br>Dates : du lundi 2 mai au vendredi 29 juillet, du lundi au vendredi<br>Le trafic est interrompu entre Paris Est et Provins.<br>Un service de bus de remplacement est mis en place, avec desserte des gares intermédiaires.<br>Pour plus d'informations, <a href=""https://www.transilien.com/sites/transilien/files/sentinelle-P-provins-mai-juin-juillet.pdf"" target="""">cliquez ici pour télécharger l'affiche PDF.</a><br>Les horaires du calculateur d'itinéraire ne tient pas compte des bus de remplacement.<br>Motif : travaux de maintenance.</p> / Ligne P : Paris Est-Provins du 02.05 au 29.07";20220525T150010;Transilien Train Transilien P;9bff43d6-dc2a-11ec-842d-005056a44da2;travaux
future;Incidents;30;perturbée;SIGNIFICANT_DELAYS;20220524T193000;20220525T020000;9bff43d6-dc2a-11ec-842d-005056a44da2;" / Ligne P : Paris Est-Provins du 02.05 au 29.07 / <p>Période : à partir de 20h <br>Dates : du lundi 2 mai au vendredi 29 juillet, du lundi au vendredi<br>Le trafic est interrompu entre Paris Est et Provins.<br>Un service de bus de remplacement est mis en place, avec desserte des gares intermédiaires.<br>Pour plus d'informations, <a href=""https://www.transilien.com/sites/transilien/files/sentinelle-P-provins-mai-juin-juillet.pdf"" target="""">cliquez ici pour télécharger l'affiche PDF.</a><br>Les horaires du calculateur d'itinéraire ne tient pas compte des bus de remplacement.<br>Motif : travaux de maintenance.</p> / Ligne P : Paris Est-Provins du 02.05 au 29.07";20220525T150010;Transilien Train Transilien P;9bff43d6-dc2a-11ec-842d-005056a44da2;travaux
future;Incidents;30;perturbée;SIGNIFICANT_DELAYS;20220518T193000;20220519T020000;9bff43d6-dc2a-11ec-842d-005056a44da2;" / Ligne P : Paris Est-Provins du 02.05 au 29.07 / <p>Période : à partir de 20h <br>Dates : du lundi 2 mai au vendredi 29 juillet, du lundi au vendredi<br>Le trafic est interrompu entre Paris Est et Provins.<br>Un service de bus de remplacement est mis en place, avec desserte des gares intermédiaires.<br>Pour plus d'informations, <a href=""https://www.transilien.com/sites/transilien/files/sentinelle-P-provins-mai-juin-juillet.pdf"" target="""">cliquez ici pour télécharger l'affiche PDF.</a><br>Les horaires du calculateur d'itinéraire ne tient pas compte des bus de remplacement.<br>Motif : travaux de maintenance.</p> / Ligne P : Paris Est-Provins du 02.05 au 29.07";20220525T150010;Transilien Train Transilien P;9bff43d6-dc2a-11ec-842d-005056a44da2;travaux
future;Incidents;30;perturbée;SIGNIFICANT_DELAYS;20220506T193000;20220507T020000;9bff43d6-dc2a-11ec-842d-005056a44da2;" / Ligne P : Paris Est-Provins du 02.05 au 29.07 / <p>Période : à partir de 20h <br>Dates : du lundi 2 mai au vendredi 29 juillet, du lundi au vendredi<br>Le trafic est interrompu entre Paris Est et Provins.<br>Un service de bus de remplacement est mis en place, avec desserte des gares intermédiaires.<br>Pour plus d'informations, <a href=""https://www.transilien.com/sites/transilien/files/sentinelle-P-provins-mai-juin-juillet.pdf"" target="""">cliquez ici pour télécharger l'affiche PDF.</a><br>Les horaires du calculateur d'itinéraire ne tient pas compte des bus de remplacement.<br>Motif : travaux de maintenance.</p> / Ligne P : Paris Est-Provins du 02.05 au 29.07";20220525T150010;Transilien Train Transilien P;9bff43d6-dc2a-11ec-842d-005056a44da2;travaux
future;Incidents;30;perturbée;SIGNIFICANT_DELAYS;20220603T193000;20220604T020000;9bff43d6-dc2a-11ec-842d-005056a44da2;" / Ligne P : Paris Est-Provins du 02.05 au 29.07 / <p>Période : à partir de 20h <br>Dates : du lundi 2 mai au vendredi 29 juillet, du lundi au vendredi<br>Le trafic est interrompu entre Paris Est et Provins.<br>Un service de bus de remplacement est mis en place, avec desserte des gares intermédiaires.<br>Pour plus d'informations, <a href=""https://www.transilien.com/sites/transilien/files/sentinelle-P-provins-mai-juin-juillet.pdf"" target="""">cliquez ici pour télécharger l'affiche PDF.</a><br>Les horaires du calculateur d'itinéraire ne tient pas compte des bus de remplacement.<br>Motif : travaux de maintenance.</p> / Ligne P : Paris Est-Provins du 02.05 au 29.07";20220525T150010;Transilien Train Transilien P;9bff43d6-dc2a-11ec-842d-005056a44da2;travaux
future;Incidents;30;perturbée;SIGNIFICANT_DELAYS;20220606T193000;20220607T020000;9bff43d6-dc2a-11ec-842d-005056a44da2;" / Ligne P : Paris Est-Provins du 02.05 au 29.07 / <p>Période : à partir de 20h <br>Dates : du lundi 2 mai au vendredi 29 juillet, du lundi au vendredi<br>Le trafic est interrompu entre Paris Est et Provins.<br>Un service de bus de remplacement est mis en place, avec desserte des gares intermédiaires.<br>Pour plus d'informations, <a href=""https://www.transilien.com/sites/transilien/files/sentinelle-P-provins-mai-juin-juillet.pdf"" target="""">cliquez ici pour télécharger l'affiche PDF.</a><br>Les horaires du calculateur d'itinéraire ne tient pas compte des bus de remplacement.<br>Motif : travaux de maintenance.</p> / Ligne P : Paris Est-Provins du 02.05 au 29.07";20220525T150010;Transilien Train Transilien P;9bff43d6-dc2a-11ec-842d-005056a44da2;travaux
future;Incidents;30;perturbée;SIGNIFICANT_DELAYS;20220601T193000;20220602T020000;9bff43d6-dc2a-11ec-842d-005056a44da2;" / Ligne P : Paris Est-Provins du 02.05 au 29.07 / <p>Période : à partir de 20h <br>Dates : du lundi 2 mai au vendredi 29 juillet, du lundi au vendredi<br>Le trafic est interrompu entre Paris Est et Provins.<br>Un service de bus de remplacement est mis en place, avec desserte des gares intermédiaires.<br>Pour plus d'informations, <a href=""https://www.transilien.com/sites/transilien/files/sentinelle-P-provins-mai-juin-juillet.pdf"" target="""">cliquez ici pour télécharger l'affiche PDF.</a><br>Les horaires du calculateur d'itinéraire ne tient pas compte des bus de remplacement.<br>Motif : travaux de maintenance.</p> / Ligne P : Paris Est-Provins du 02.05 au 29.07";20220525T150010;Transilien Train Transilien P;9bff43d6-dc2a-11ec-842d-005056a44da2;travaux
future;Incidents;30;perturbée;SIGNIFICANT_DELAYS;20220727T193000;20220728T020000;9bff43d6-dc2a-11ec-842d-005056a44da2;" / Ligne P : Paris Est-Provins du 02.05 au 29.07 / <p>Période : à partir de 20h <br>Dates : du lundi 2 mai au vendredi 29 juillet, du lundi au vendredi<br>Le trafic est interrompu entre Paris Est et Provins.<br>Un service de bus de remplacement est mis en place, avec desserte des gares intermédiaires.<br>Pour plus d'informations, <a href=""https://www.transilien.com/sites/transilien/files/sentinelle-P-provins-mai-juin-juillet.pdf"" target="""">cliquez ici pour télécharger l'affiche PDF.</a><br>Les horaires du calculateur d'itinéraire ne tient pas compte des bus de remplacement.<br>Motif : travaux de maintenance.</p> / Ligne P : Paris Est-Provins du 02.05 au 29.07";20220525T150010;Transilien Train Transilien P;9bff43d6-dc2a-11ec-842d-005056a44da2;travaux
future;Incidents;30;perturbée;SIGNIFICANT_DELAYS;20220706T193000;20220707T020000;9bff43d6-dc2a-11ec-842d-005056a44da2;" / Ligne P : Paris Est-Provins du 02.05 au 29.07 / <p>Période : à partir de 20h <br>Dates : du lundi 2 mai au vendredi 29 juillet, du lundi au vendredi<br>Le trafic est interrompu entre Paris Est et Provins.<br>Un service de bus de remplacement est mis en place, avec desserte des gares intermédiaires.<br>Pour plus d'informations, <a href=""https://www.transilien.com/sites/transilien/files/sentinelle-P-provins-mai-juin-juillet.pdf"" target="""">cliquez ici pour télécharger l'affiche PDF.</a><br>Les horaires du calculateur d'itinéraire ne tient pas compte des bus de remplacement.<br>Motif : travaux de maintenance.</p> / Ligne P : Paris Est-Provins du 02.05 au 29.07";20220525T150010;Transilien Train Transilien P;9bff43d6-dc2a-11ec-842d-005056a44da2;travaux
future;Incidents;30;perturbée;SIGNIFICANT_DELAYS;20220525T193000;20220526T020000;9bff43d6-dc2a-11ec-842d-005056a44da2;" / Ligne P : Paris Est-Provins du 02.05 au 29.07 / <p>Période : à partir de 20h <br>Dates : du lundi 2 mai au vendredi 29 juillet, du lundi au vendredi<br>Le trafic est interrompu entre Paris Est et Provins.<br>Un service de bus de remplacement est mis en place, avec desserte des gares intermédiaires.<br>Pour plus d'informations, <a href=""https://www.transilien.com/sites/transilien/files/sentinelle-P-provins-mai-juin-juillet.pdf"" target="""">cliquez ici pour télécharger l'affiche PDF.</a><br>Les horaires du calculateur d'itinéraire ne tient pas compte des bus de remplacement.<br>Motif : travaux de maintenance.</p> / Ligne P : Paris Est-Provins du 02.05 au 29.07";20220525T150010;Transilien Train Transilien P;9bff43d6-dc2a-11ec-842d-005056a44da2;travaux
future;Incidents;30;perturbée;SIGNIFICANT_DELAYS;20220627T193000;20220628T020000;9bff43d6-dc2a-11ec-842d-005056a44da2;" / Ligne P : Paris Est-Provins du 02.05 au 29.07 / <p>Période : à partir de 20h <br>Dates : du lundi 2 mai au vendredi 29 juillet, du lundi au vendredi<br>Le trafic est interrompu entre Paris Est et Provins.<br>Un service de bus de remplacement est mis en place, avec desserte des gares intermédiaires.<br>Pour plus d'informations, <a href=""https://www.transilien.com/sites/transilien/files/sentinelle-P-provins-mai-juin-juillet.pdf"" target="""">cliquez ici pour télécharger l'affiche PDF.</a><br>Les horaires du calculateur d'itinéraire ne tient pas compte des bus de remplacement.<br>Motif : travaux de maintenance.</p> / Ligne P : Paris Est-Provins du 02.05 au 29.07";20220525T150010;Transilien Train Transilien P;9bff43d6-dc2a-11ec-842d-005056a44da2;travaux
future;Incidents;30;perturbée;SIGNIFICANT_DELAYS;20220705T193000;20220706T020000;9bff43d6-dc2a-11ec-842d-005056a44da2;" / Ligne P : Paris Est-Provins du 02.05 au 29.07 / <p>Période : à partir de 20h <br>Dates : du lundi 2 mai au vendredi 29 juillet, du lundi au vendredi<br>Le trafic est interrompu entre Paris Est et Provins.<br>Un service de bus de remplacement est mis en place, avec desserte des gares intermédiaires.<br>Pour plus d'informations, <a href=""https://www.transilien.com/sites/transilien/files/sentinelle-P-provins-mai-juin-juillet.pdf"" target="""">cliquez ici pour télécharger l'affiche PDF.</a><br>Les horaires du calculateur d'itinéraire ne tient pas compte des bus de remplacement.<br>Motif : travaux de maintenance.</p> / Ligne P : Paris Est-Provins du 02.05 au 29.07";20220525T150010;Transilien Train Transilien P;9bff43d6-dc2a-11ec-842d-005056a44da2;travaux
future;Incidents;30;perturbée;SIGNIFICANT_DELAYS;20220704T193000;20220705T020000;9bff43d6-dc2a-11ec-842d-005056a44da2;" / Ligne P : Paris Est-Provins du 02.05 au 29.07 / <p>Période : à partir de 20h <br>Dates : du lundi 2 mai au vendredi 29 juillet, du lundi au vendredi<br>Le trafic est interrompu entre Paris Est et Provins.<br>Un service de bus de remplacement est mis en place, avec desserte des gares intermédiaires.<br>Pour plus d'informations, <a href=""https://www.transilien.com/sites/transilien/files/sentinelle-P-provins-mai-juin-juillet.pdf"" target="""">cliquez ici pour télécharger l'affiche PDF.</a><br>Les horaires du calculateur d'itinéraire ne tient pas compte des bus de remplacement.<br>Motif : travaux de maintenance.</p> / Ligne P : Paris Est-Provins du 02.05 au 29.07";20220525T150010;Transilien Train Transilien P;9bff43d6-dc2a-11ec-842d-005056a44da2;travaux
future;Incidents;30;perturbée;SIGNIFICANT_DELAYS;20220624T193000;20220625T020000;9bff43d6-dc2a-11ec-842d-005056a44da2;" / Ligne P : Paris Est-Provins du 02.05 au 29.07 / <p>Période : à partir de 20h <br>Dates : du lundi 2 mai au vendredi 29 juillet, du lundi au vendredi<br>Le trafic est interrompu entre Paris Est et Provins.<br>Un service de bus de remplacement est mis en place, avec desserte des gares intermédiaires.<br>Pour plus d'informations, <a href=""https://www.transilien.com/sites/transilien/files/sentinelle-P-provins-mai-juin-juillet.pdf"" target="""">cliquez ici pour télécharger l'affiche PDF.</a><br>Les horaires du calculateur d'itinéraire ne tient pas compte des bus de remplacement.<br>Motif : travaux de maintenance.</p> / Ligne P : Paris Est-Provins du 02.05 au 29.07";20220525T150010;Transilien Train Transilien P;9bff43d6-dc2a-11ec-842d-005056a44da2;travaux
future;Incidents;30;perturbée;SIGNIFICANT_DELAYS;20220622T193000;20220623T020000;9bff43d6-dc2a-11ec-842d-005056a44da2;" / Ligne P : Paris Est-Provins du 02.05 au 29.07 / <p>Période : à partir de 20h <br>Dates : du lundi 2 mai au vendredi 29 juillet, du lundi au vendredi<br>Le trafic est interrompu entre Paris Est et Provins.<br>Un service de bus de remplacement est mis en place, avec desserte des gares intermédiaires.<br>Pour plus d'informations, <a href=""https://www.transilien.com/sites/transilien/files/sentinelle-P-provins-mai-juin-juillet.pdf"" target="""">cliquez ici pour télécharger l'affiche PDF.</a><br>Les horaires du calculateur d'itinéraire ne tient pas compte des bus de remplacement.<br>Motif : travaux de maintenance.</p> / Ligne P : Paris Est-Provins du 02.05 au 29.07";20220525T150010;Transilien Train Transilien P;9bff43d6-dc2a-11ec-842d-005056a44da2;travaux
future;Incidents;30;perturbée;SIGNIFICANT_DELAYS;20220615T193000;20220616T020000;9bff43d6-dc2a-11ec-842d-005056a44da2;" / Ligne P : Paris Est-Provins du 02.05 au 29.07 / <p>Période : à partir de 20h <br>Dates : du lundi 2 mai au vendredi 29 juillet, du lundi au vendredi<br>Le trafic est interrompu entre Paris Est et Provins.<br>Un service de bus de remplacement est mis en place, avec desserte des gares intermédiaires.<br>Pour plus d'informations, <a href=""https://www.transilien.com/sites/transilien/files/sentinelle-P-provins-mai-juin-juillet.pdf"" target="""">cliquez ici pour télécharger l'affiche PDF.</a><br>Les horaires du calculateur d'itinéraire ne tient pas compte des bus de remplacement.<br>Motif : travaux de maintenance.</p> / Ligne P : Paris Est-Provins du 02.05 au 29.07";20220525T150010;Transilien Train Transilien P;9bff43d6-dc2a-11ec-842d-005056a44da2;travaux
future;Incidents;30;perturbée;SIGNIFICANT_DELAYS;20220523T193000;20220524T020000;9bff43d6-dc2a-11ec-842d-005056a44da2;" / Ligne P : Paris Est-Provins du 02.05 au 29.07 / <p>Période : à partir de 20h <br>Dates : du lundi 2 mai au vendredi 29 juillet, du lundi au vendredi<br>Le trafic est interrompu entre Paris Est et Provins.<br>Un service de bus de remplacement est mis en place, avec desserte des gares intermédiaires.<br>Pour plus d'informations, <a href=""https://www.transilien.com/sites/transilien/files/sentinelle-P-provins-mai-juin-juillet.pdf"" target="""">cliquez ici pour télécharger l'affiche PDF.</a><br>Les horaires du calculateur d'itinéraire ne tient pas compte des bus de remplacement.<br>Motif : travaux de maintenance.</p> / Ligne P : Paris Est-Provins du 02.05 au 29.07";20220525T150010;Transilien Train Transilien P;9bff43d6-dc2a-11ec-842d-005056a44da2;travaux
future;Incidents;30;perturbée;SIGNIFICANT_DELAYS;20220621T193000;20220622T020000;9bff43d6-dc2a-11ec-842d-005056a44da2;" / Ligne P : Paris Est-Provins du 02.05 au 29.07 / <p>Période : à partir de 20h <br>Dates : du lundi 2 mai au vendredi 29 juillet, du lundi au vendredi<br>Le trafic est interrompu entre Paris Est et Provins.<br>Un service de bus de remplacement est mis en place, avec desserte des gares intermédiaires.<br>Pour plus d'informations, <a href=""https://www.transilien.com/sites/transilien/files/sentinelle-P-provins-mai-juin-juillet.pdf"" target="""">cliquez ici pour télécharger l'affiche PDF.</a><br>Les horaires du calculateur d'itinéraire ne tient pas compte des bus de remplacement.<br>Motif : travaux de maintenance.</p> / Ligne P : Paris Est-Provins du 02.05 au 29.07";20220525T150010;Transilien Train Transilien P;9bff43d6-dc2a-11ec-842d-005056a44da2;travaux
future;Incidents;30;perturbée;SIGNIFICANT_DELAYS;20220620T193000;20220621T020000;9bff43d6-dc2a-11ec-842d-005056a44da2;" / Ligne P : Paris Est-Provins du 02.05 au 29.07 / <p>Période : à partir de 20h <br>Dates : du lundi 2 mai au vendredi 29 juillet, du lundi au vendredi<br>Le trafic est interrompu entre Paris Est et Provins.<br>Un service de bus de remplacement est mis en place, avec desserte des gares intermédiaires.<br>Pour plus d'informations, <a href=""https://www.transilien.com/sites/transilien/files/sentinelle-P-provins-mai-juin-juillet.pdf"" target="""">cliquez ici pour télécharger l'affiche PDF.</a><br>Les horaires du calculateur d'itinéraire ne tient pas compte des bus de remplacement.<br>Motif : travaux de maintenance.</p> / Ligne P : Paris Est-Provins du 02.05 au 29.07";20220525T150010;Transilien Train Transilien P;9bff43d6-dc2a-11ec-842d-005056a44da2;travaux
future;Incidents;30;perturbée;SIGNIFICANT_DELAYS;20220505T193000;20220506T020000;9bff43d6-dc2a-11ec-842d-005056a44da2;" / Ligne P : Paris Est-Provins du 02.05 au 29.07 / <p>Période : à partir de 20h <br>Dates : du lundi 2 mai au vendredi 29 juillet, du lundi au vendredi<br>Le trafic est interrompu entre Paris Est et Provins.<br>Un service de bus de remplacement est mis en place, avec desserte des gares intermédiaires.<br>Pour plus d'informations, <a href=""https://www.transilien.com/sites/transilien/files/sentinelle-P-provins-mai-juin-juillet.pdf"" target="""">cliquez ici pour télécharger l'affiche PDF.</a><br>Les horaires du calculateur d'itinéraire ne tient pas compte des bus de remplacement.<br>Motif : travaux de maintenance.</p> / Ligne P : Paris Est-Provins du 02.05 au 29.07";20220525T150010;Transilien Train Transilien P;9bff43d6-dc2a-11ec-842d-005056a44da2;travaux
future;Incidents;30;perturbée;SIGNIFICANT_DELAYS;20220510T193000;20220511T020000;9bff43d6-dc2a-11ec-842d-005056a44da2;" / Ligne P : Paris Est-Provins du 02.05 au 29.07 / <p>Période : à partir de 20h <br>Dates : du lundi 2 mai au vendredi 29 juillet, du lundi au vendredi<br>Le trafic est interrompu entre Paris Est et Provins.<br>Un service de bus de remplacement est mis en place, avec desserte des gares intermédiaires.<br>Pour plus d'informations, <a href=""https://www.transilien.com/sites/transilien/files/sentinelle-P-provins-mai-juin-juillet.pdf"" target="""">cliquez ici pour télécharger l'affiche PDF.</a><br>Les horaires du calculateur d'itinéraire ne tient pas compte des bus de remplacement.<br>Motif : travaux de maintenance.</p> / Ligne P : Paris Est-Provins du 02.05 au 29.07";20220525T150010;Transilien Train Transilien P;9bff43d6-dc2a-11ec-842d-005056a44da2;travaux
future;Incidents;30;perturbée;SIGNIFICANT_DELAYS;20220509T193000;20220510T020000;9bff43d6-dc2a-11ec-842d-005056a44da2;" / Ligne P : Paris Est-Provins du 02.05 au 29.07 / <p>Période : à partir de 20h <br>Dates : du lundi 2 mai au vendredi 29 juillet, du lundi au vendredi<br>Le trafic est interrompu entre Paris Est et Provins.<br>Un service de bus de remplacement est mis en place, avec desserte des gares intermédiaires.<br>Pour plus d'informations, <a href=""https://www.transilien.com/sites/transilien/files/sentinelle-P-provins-mai-juin-juillet.pdf"" target="""">cliquez ici pour télécharger l'affiche PDF.</a><br>Les horaires du calculateur d'itinéraire ne tient pas compte des bus de remplacement.<br>Motif : travaux de maintenance.</p> / Ligne P : Paris Est-Provins du 02.05 au 29.07";20220525T150010;Transilien Train Transilien P;9bff43d6-dc2a-11ec-842d-005056a44da2;travaux
future;Incidents;30;perturbée;SIGNIFICANT_DELAYS;20220512T193000;20220513T020000;9bff43d6-dc2a-11ec-842d-005056a44da2;" / Ligne P : Paris Est-Provins du 02.05 au 29.07 / <p>Période : à partir de 20h <br>Dates : du lundi 2 mai au vendredi 29 juillet, du lundi au vendredi<br>Le trafic est interrompu entre Paris Est et Provins.<br>Un service de bus de remplacement est mis en place, avec desserte des gares intermédiaires.<br>Pour plus d'informations, <a href=""https://www.transilien.com/sites/transilien/files/sentinelle-P-provins-mai-juin-juillet.pdf"" target="""">cliquez ici pour télécharger l'affiche PDF.</a><br>Les horaires du calculateur d'itinéraire ne tient pas compte des bus de remplacement.<br>Motif : travaux de maintenance.</p> / Ligne P : Paris Est-Provins du 02.05 au 29.07";20220525T150010;Transilien Train Transilien P;9bff43d6-dc2a-11ec-842d-005056a44da2;travaux
future;Incidents;30;perturbée;SIGNIFICANT_DELAYS;20220511T193000;20220512T020000;9bff43d6-dc2a-11ec-842d-005056a44da2;" / Ligne P : Paris Est-Provins du 02.05 au 29.07 / <p>Période : à partir de 20h <br>Dates : du lundi 2 mai au vendredi 29 juillet, du lundi au vendredi<br>Le trafic est interrompu entre Paris Est et Provins.<br>Un service de bus de remplacement est mis en place, avec desserte des gares intermédiaires.<br>Pour plus d'informations, <a href=""https://www.transilien.com/sites/transilien/files/sentinelle-P-provins-mai-juin-juillet.pdf"" target="""">cliquez ici pour télécharger l'affiche PDF.</a><br>Les horaires du calculateur d'itinéraire ne tient pas compte des bus de remplacement.<br>Motif : travaux de maintenance.</p> / Ligne P : Paris Est-Provins du 02.05 au 29.07";20220525T150010;Transilien Train Transilien P;9bff43d6-dc2a-11ec-842d-005056a44da2;travaux
future;Incidents;30;perturbée;SIGNIFICANT_DELAYS;20220516T193000;20220517T020000;9bff43d6-dc2a-11ec-842d-005056a44da2;" / Ligne P : Paris Est-Provins du 02.05 au 29.07 / <p>Période : à partir de 20h <br>Dates : du lundi 2 mai au vendredi 29 juillet, du lundi au vendredi<br>Le trafic est interrompu entre Paris Est et Provins.<br>Un service de bus de remplacement est mis en place, avec desserte des gares intermédiaires.<br>Pour plus d'informations, <a href=""https://www.transilien.com/sites/transilien/files/sentinelle-P-provins-mai-juin-juillet.pdf"" target="""">cliquez ici pour télécharger l'affiche PDF.</a><br>Les horaires du calculateur d'itinéraire ne tient pas compte des bus de remplacement.<br>Motif : travaux de maintenance.</p> / Ligne P : Paris Est-Provins du 02.05 au 29.07";20220525T150010;Transilien Train Transilien P;9bff43d6-dc2a-11ec-842d-005056a44da2;travaux
future;Incidents;30;perturbée;SIGNIFICANT_DELAYS;20220513T193000;20220514T020000;9bff43d6-dc2a-11ec-842d-005056a44da2;" / Ligne P : Paris Est-Provins du 02.05 au 29.07 / <p>Période : à partir de 20h <br>Dates : du lundi 2 mai au vendredi 29 juillet, du lundi au vendredi<br>Le trafic est interrompu entre Paris Est et Provins.<br>Un service de bus de remplacement est mis en place, avec desserte des gares intermédiaires.<br>Pour plus d'informations, <a href=""https://www.transilien.com/sites/transilien/files/sentinelle-P-provins-mai-juin-juillet.pdf"" target="""">cliquez ici pour télécharger l'affiche PDF.</a><br>Les horaires du calculateur d'itinéraire ne tient pas compte des bus de remplacement.<br>Motif : travaux de maintenance.</p> / Ligne P : Paris Est-Provins du 02.05 au 29.07";20220525T150010;Transilien Train Transilien P;9bff43d6-dc2a-11ec-842d-005056a44da2;travaux
future;Incidents;30;perturbée;SIGNIFICANT_DELAYS;20220517T193000;20220518T020000;9bff43d6-dc2a-11ec-842d-005056a44da2;" / Ligne P : Paris Est-Provins du 02.05 au 29.07 / <p>Période : à partir de 20h <br>Dates : du lundi 2 mai au vendredi 29 juillet, du lundi au vendredi<br>Le trafic est interrompu entre Paris Est et Provins.<br>Un service de bus de remplacement est mis en place, avec desserte des gares intermédiaires.<br>Pour plus d'informations, <a href=""https://www.transilien.com/sites/transilien/files/sentinelle-P-provins-mai-juin-juillet.pdf"" target="""">cliquez ici pour télécharger l'affiche PDF.</a><br>Les horaires du calculateur d'itinéraire ne tient pas compte des bus de remplacement.<br>Motif : travaux de maintenance.</p> / Ligne P : Paris Est-Provins du 02.05 au 29.07";20220525T150010;Transilien Train Transilien P;9bff43d6-dc2a-11ec-842d-005056a44da2;travaux
future;Incidents;30;perturbée;SIGNIFICANT_DELAYS;20220520T193000;20220521T020000;9bff43d6-dc2a-11ec-842d-005056a44da2;" / Ligne P : Paris Est-Provins du 02.05 au 29.07 / <p>Période : à partir de 20h <br>Dates : du lundi 2 mai au vendredi 29 juillet, du lundi au vendredi<br>Le trafic est interrompu entre Paris Est et Provins.<br>Un service de bus de remplacement est mis en place, avec desserte des gares intermédiaires.<br>Pour plus d'informations, <a href=""https://www.transilien.com/sites/transilien/files/sentinelle-P-provins-mai-juin-juillet.pdf"" target="""">cliquez ici pour télécharger l'affiche PDF.</a><br>Les horaires du calculateur d'itinéraire ne tient pas compte des bus de remplacement.<br>Motif : travaux de maintenance.</p> / Ligne P : Paris Est-Provins du 02.05 au 29.07";20220525T150010;Transilien Train Transilien P;9bff43d6-dc2a-11ec-842d-005056a44da2;travaux
future;Incidents;30;perturbée;SIGNIFICANT_DELAYS;20220519T193000;20220520T020000;9bff43d6-dc2a-11ec-842d-005056a44da2;" / Ligne P : Paris Est-Provins du 02.05 au 29.07 / <p>Période : à partir de 20h <br>Dates : du lundi 2 mai au vendredi 29 juillet, du lundi au vendredi<br>Le trafic est interrompu entre Paris Est et Provins.<br>Un service de bus de remplacement est mis en place, avec desserte des gares intermédiaires.<br>Pour plus d'informations, <a href=""https://www.transilien.com/sites/transilien/files/sentinelle-P-provins-mai-juin-juillet.pdf"" target="""">cliquez ici pour télécharger l'affiche PDF.</a><br>Les horaires du calculateur d'itinéraire ne tient pas compte des bus de remplacement.<br>Motif : travaux de maintenance.</p> / Ligne P : Paris Est-Provins du 02.05 au 29.07";20220525T150010;Transilien Train Transilien P;9bff43d6-dc2a-11ec-842d-005056a44da2;travaux
future;Incidents;30;perturbée;SIGNIFICANT_DELAYS;20220725T193000;20220726T020000;9bff43d6-dc2a-11ec-842d-005056a44da2;" / Ligne P : Paris Est-Provins du 02.05 au 29.07 / <p>Période : à partir de 20h <br>Dates : du lundi 2 mai au vendredi 29 juillet, du lundi au vendredi<br>Le trafic est interrompu entre Paris Est et Provins.<br>Un service de bus de remplacement est mis en place, avec desserte des gares intermédiaires.<br>Pour plus d'informations, <a href=""https://www.transilien.com/sites/transilien/files/sentinelle-P-provins-mai-juin-juillet.pdf"" target="""">cliquez ici pour télécharger l'affiche PDF.</a><br>Les horaires du calculateur d'itinéraire ne tient pas compte des bus de remplacement.<br>Motif : travaux de maintenance.</p> / Ligne P : Paris Est-Provins du 02.05 au 29.07";20220525T150010;Transilien Train Transilien P;9bff43d6-dc2a-11ec-842d-005056a44da2;travaux
future;Incidents;30;perturbée;SIGNIFICANT_DELAYS;20220623T193000;20220624T020000;9bff43d6-dc2a-11ec-842d-005056a44da2;" / Ligne P : Paris Est-Provins du 02.05 au 29.07 / <p>Période : à partir de 20h <br>Dates : du lundi 2 mai au vendredi 29 juillet, du lundi au vendredi<br>Le trafic est interrompu entre Paris Est et Provins.<br>Un service de bus de remplacement est mis en place, avec desserte des gares intermédiaires.<br>Pour plus d'informations, <a href=""https://www.transilien.com/sites/transilien/files/sentinelle-P-provins-mai-juin-juillet.pdf"" target="""">cliquez ici pour télécharger l'affiche PDF.</a><br>Les horaires du calculateur d'itinéraire ne tient pas compte des bus de remplacement.<br>Motif : travaux de maintenance.</p> / Ligne P : Paris Est-Provins du 02.05 au 29.07";20220525T150010;Transilien Train Transilien P;9bff43d6-dc2a-11ec-842d-005056a44da2;travaux
future;Incidents;30;perturbée;SIGNIFICANT_DELAYS;20220722T193000;20220723T020000;9bff43d6-dc2a-11ec-842d-005056a44da2;" / Ligne P : Paris Est-Provins du 02.05 au 29.07 / <p>Période : à partir de 20h <br>Dates : du lundi 2 mai au vendredi 29 juillet, du lundi au vendredi<br>Le trafic est interrompu entre Paris Est et Provins.<br>Un service de bus de remplacement est mis en place, avec desserte des gares intermédiaires.<br>Pour plus d'informations, <a href=""https://www.transilien.com/sites/transilien/files/sentinelle-P-provins-mai-juin-juillet.pdf"" target="""">cliquez ici pour télécharger l'affiche PDF.</a><br>Les horaires du calculateur d'itinéraire ne tient pas compte des bus de remplacement.<br>Motif : travaux de maintenance.</p> / Ligne P : Paris Est-Provins du 02.05 au 29.07";20220525T150010;Transilien Train Transilien P;9bff43d6-dc2a-11ec-842d-005056a44da2;travaux
future;Incidents;30;perturbée;SIGNIFICANT_DELAYS;20220607T193000;20220608T020000;9bff43d6-dc2a-11ec-842d-005056a44da2;" / Ligne P : Paris Est-Provins du 02.05 au 29.07 / <p>Période : à partir de 20h <br>Dates : du lundi 2 mai au vendredi 29 juillet, du lundi au vendredi<br>Le trafic est interrompu entre Paris Est et Provins.<br>Un service de bus de remplacement est mis en place, avec desserte des gares intermédiaires.<br>Pour plus d'informations, <a href=""https://www.transilien.com/sites/transilien/files/sentinelle-P-provins-mai-juin-juillet.pdf"" target="""">cliquez ici pour télécharger l'affiche PDF.</a><br>Les horaires du calculateur d'itinéraire ne tient pas compte des bus de remplacement.<br>Motif : travaux de maintenance.</p> / Ligne P : Paris Est-Provins du 02.05 au 29.07";20220525T150010;Transilien Train Transilien P;9bff43d6-dc2a-11ec-842d-005056a44da2;travaux
future;Incidents;30;perturbée;SIGNIFICANT_DELAYS;20220502T193000;20220503T020000;9bff43d6-dc2a-11ec-842d-005056a44da2;" / Ligne P : Paris Est-Provins du 02.05 au 29.07 / <p>Période : à partir de 20h <br>Dates : du lundi 2 mai au vendredi 29 juillet, du lundi au vendredi<br>Le trafic est interrompu entre Paris Est et Provins.<br>Un service de bus de remplacement est mis en place, avec desserte des gares intermédiaires.<br>Pour plus d'informations, <a href=""https://www.transilien.com/sites/transilien/files/sentinelle-P-provins-mai-juin-juillet.pdf"" target="""">cliquez ici pour télécharger l'affiche PDF.</a><br>Les horaires du calculateur d'itinéraire ne tient pas compte des bus de remplacement.<br>Motif : travaux de maintenance.</p> / Ligne P : Paris Est-Provins du 02.05 au 29.07";20220525T150010;Transilien Train Transilien P;9bff43d6-dc2a-11ec-842d-005056a44da2;travaux
future;Incidents;30;perturbée;SIGNIFICANT_DELAYS;20220526T193000;20220527T020000;9bff43d6-dc2a-11ec-842d-005056a44da2;" / Ligne P : Paris Est-Provins du 02.05 au 29.07 / <p>Période : à partir de 20h <br>Dates : du lundi 2 mai au vendredi 29 juillet, du lundi au vendredi<br>Le trafic est interrompu entre Paris Est et Provins.<br>Un service de bus de remplacement est mis en place, avec desserte des gares intermédiaires.<br>Pour plus d'informations, <a href=""https://www.transilien.com/sites/transilien/files/sentinelle-P-provins-mai-juin-juillet.pdf"" target="""">cliquez ici pour télécharger l'affiche PDF.</a><br>Les horaires du calculateur d'itinéraire ne tient pas compte des bus de remplacement.<br>Motif : travaux de maintenance.</p> / Ligne P : Paris Est-Provins du 02.05 au 29.07";20220525T150010;Transilien Train Transilien P;9bff43d6-dc2a-11ec-842d-005056a44da2;travaux
future;Incidents;30;perturbée;SIGNIFICANT_DELAYS;20220721T193000;20220722T020000;9bff43d6-dc2a-11ec-842d-005056a44da2;" / Ligne P : Paris Est-Provins du 02.05 au 29.07 / <p>Période : à partir de 20h <br>Dates : du lundi 2 mai au vendredi 29 juillet, du lundi au vendredi<br>Le trafic est interrompu entre Paris Est et Provins.<br>Un service de bus de remplacement est mis en place, avec desserte des gares intermédiaires.<br>Pour plus d'informations, <a href=""https://www.transilien.com/sites/transilien/files/sentinelle-P-provins-mai-juin-juillet.pdf"" target="""">cliquez ici pour télécharger l'affiche PDF.</a><br>Les horaires du calculateur d'itinéraire ne tient pas compte des bus de remplacement.<br>Motif : travaux de maintenance.</p> / Ligne P : Paris Est-Provins du 02.05 au 29.07";20220525T150010;Transilien Train Transilien P;9bff43d6-dc2a-11ec-842d-005056a44da2;travaux
future;Incidents;30;perturbée;SIGNIFICANT_DELAYS;20220729T193000;20220730T020000;9bff43d6-dc2a-11ec-842d-005056a44da2;" / Ligne P : Paris Est-Provins du 02.05 au 29.07 / <p>Période : à partir de 20h <br>Dates : du lundi 2 mai au vendredi 29 juillet, du lundi au vendredi<br>Le trafic est interrompu entre Paris Est et Provins.<br>Un service de bus de remplacement est mis en place, avec desserte des gares intermédiaires.<br>Pour plus d'informations, <a href=""https://www.transilien.com/sites/transilien/files/sentinelle-P-provins-mai-juin-juillet.pdf"" target="""">cliquez ici pour télécharger l'affiche PDF.</a><br>Les horaires du calculateur d'itinéraire ne tient pas compte des bus de remplacement.<br>Motif : travaux de maintenance.</p> / Ligne P : Paris Est-Provins du 02.05 au 29.07";20220525T150010;Transilien Train Transilien P;9bff43d6-dc2a-11ec-842d-005056a44da2;travaux
future;Incidents;30;perturbée;SIGNIFICANT_DELAYS;20220713T193000;20220714T020000;9bff43d6-dc2a-11ec-842d-005056a44da2;" / Ligne P : Paris Est-Provins du 02.05 au 29.07 / <p>Période : à partir de 20h <br>Dates : du lundi 2 mai au vendredi 29 juillet, du lundi au vendredi<br>Le trafic est interrompu entre Paris Est et Provins.<br>Un service de bus de remplacement est mis en place, avec desserte des gares intermédiaires.<br>Pour plus d'informations, <a href=""https://www.transilien.com/sites/transilien/files/sentinelle-P-provins-mai-juin-juillet.pdf"" target="""">cliquez ici pour télécharger l'affiche PDF.</a><br>Les horaires du calculateur d'itinéraire ne tient pas compte des bus de remplacement.<br>Motif : travaux de maintenance.</p> / Ligne P : Paris Est-Provins du 02.05 au 29.07";20220525T150010;Transilien Train Transilien P;9bff43d6-dc2a-11ec-842d-005056a44da2;travaux
future;Incidents;30;perturbée;SIGNIFICANT_DELAYS;20220527T193000;20220528T020000;9bff43d6-dc2a-11ec-842d-005056a44da2;" / Ligne P : Paris Est-Provins du 02.05 au 29.07 / <p>Période : à partir de 20h <br>Dates : du lundi 2 mai au vendredi 29 juillet, du lundi au vendredi<br>Le trafic est interrompu entre Paris Est et Provins.<br>Un service de bus de remplacement est mis en place, avec desserte des gares intermédiaires.<br>Pour plus d'informations, <a href=""https://www.transilien.com/sites/transilien/files/sentinelle-P-provins-mai-juin-juillet.pdf"" target="""">cliquez ici pour télécharger l'affiche PDF.</a><br>Les horaires du calculateur d'itinéraire ne tient pas compte des bus de remplacement.<br>Motif : travaux de maintenance.</p> / Ligne P : Paris Est-Provins du 02.05 au 29.07";20220525T150010;Transilien Train Transilien P;9bff43d6-dc2a-11ec-842d-005056a44da2;travaux
future;Incidents;30;perturbée;SIGNIFICANT_DELAYS;20220720T193000;20220721T020000;9bff43d6-dc2a-11ec-842d-005056a44da2;" / Ligne P : Paris Est-Provins du 02.05 au 29.07 / <p>Période : à partir de 20h <br>Dates : du lundi 2 mai au vendredi 29 juillet, du lundi au vendredi<br>Le trafic est interrompu entre Paris Est et Provins.<br>Un service de bus de remplacement est mis en place, avec desserte des gares intermédiaires.<br>Pour plus d'informations, <a href=""https://www.transilien.com/sites/transilien/files/sentinelle-P-provins-mai-juin-juillet.pdf"" target="""">cliquez ici pour télécharger l'affiche PDF.</a><br>Les horaires du calculateur d'itinéraire ne tient pas compte des bus de remplacement.<br>Motif : travaux de maintenance.</p> / Ligne P : Paris Est-Provins du 02.05 au 29.07";20220525T150010;Transilien Train Transilien P;9bff43d6-dc2a-11ec-842d-005056a44da2;travaux
future;Incidents;30;perturbée;SIGNIFICANT_DELAYS;20220531T193000;20220601T020000;9bff43d6-dc2a-11ec-842d-005056a44da2;" / Ligne P : Paris Est-Provins du 02.05 au 29.07 / <p>Période : à partir de 20h <br>Dates : du lundi 2 mai au vendredi 29 juillet, du lundi au vendredi<br>Le trafic est interrompu entre Paris Est et Provins.<br>Un service de bus de remplacement est mis en place, avec desserte des gares intermédiaires.<br>Pour plus d'informations, <a href=""https://www.transilien.com/sites/transilien/files/sentinelle-P-provins-mai-juin-juillet.pdf"" target="""">cliquez ici pour télécharger l'affiche PDF.</a><br>Les horaires du calculateur d'itinéraire ne tient pas compte des bus de remplacement.<br>Motif : travaux de maintenance.</p> / Ligne P : Paris Est-Provins du 02.05 au 29.07";20220525T150010;Transilien Train Transilien P;9bff43d6-dc2a-11ec-842d-005056a44da2;travaux
future;Incidents;30;perturbée;SIGNIFICANT_DELAYS;20220712T193000;20220713T020000;9bff43d6-dc2a-11ec-842d-005056a44da2;" / Ligne P : Paris Est-Provins du 02.05 au 29.07 / <p>Période : à partir de 20h <br>Dates : du lundi 2 mai au vendredi 29 juillet, du lundi au vendredi<br>Le trafic est interrompu entre Paris Est et Provins.<br>Un service de bus de remplacement est mis en place, avec desserte des gares intermédiaires.<br>Pour plus d'informations, <a href=""https://www.transilien.com/sites/transilien/files/sentinelle-P-provins-mai-juin-juillet.pdf"" target="""">cliquez ici pour télécharger l'affiche PDF.</a><br>Les horaires du calculateur d'itinéraire ne tient pas compte des bus de remplacement.<br>Motif : travaux de maintenance.</p> / Ligne P : Paris Est-Provins du 02.05 au 29.07";20220525T150010;Transilien Train Transilien P;9bff43d6-dc2a-11ec-842d-005056a44da2;travaux
future;Incidents;30;perturbée;SIGNIFICANT_DELAYS;20220711T193000;20220712T020000;9bff43d6-dc2a-11ec-842d-005056a44da2;" / Ligne P : Paris Est-Provins du 02.05 au 29.07 / <p>Période : à partir de 20h <br>Dates : du lundi 2 mai au vendredi 29 juillet, du lundi au vendredi<br>Le trafic est interrompu entre Paris Est et Provins.<br>Un service de bus de remplacement est mis en place, avec desserte des gares intermédiaires.<br>Pour plus d'informations, <a href=""https://www.transilien.com/sites/transilien/files/sentinelle-P-provins-mai-juin-juillet.pdf"" target="""">cliquez ici pour télécharger l'affiche PDF.</a><br>Les horaires du calculateur d'itinéraire ne tient pas compte des bus de remplacement.<br>Motif : travaux de maintenance.</p> / Ligne P : Paris Est-Provins du 02.05 au 29.07";20220525T150010;Transilien Train Transilien P;9bff43d6-dc2a-11ec-842d-005056a44da2;travaux
future;Incidents;30;perturbée;SIGNIFICANT_DELAYS;20220608T193000;20220609T020000;9bff43d6-dc2a-11ec-842d-005056a44da2;" / Ligne P : Paris Est-Provins du 02.05 au 29.07 / <p>Période : à partir de 20h <br>Dates : du lundi 2 mai au vendredi 29 juillet, du lundi au vendredi<br>Le trafic est interrompu entre Paris Est et Provins.<br>Un service de bus de remplacement est mis en place, avec desserte des gares intermédiaires.<br>Pour plus d'informations, <a href=""https://www.transilien.com/sites/transilien/files/sentinelle-P-provins-mai-juin-juillet.pdf"" target="""">cliquez ici pour télécharger l'affiche PDF.</a><br>Les horaires du calculateur d'itinéraire ne tient pas compte des bus de remplacement.<br>Motif : travaux de maintenance.</p> / Ligne P : Paris Est-Provins du 02.05 au 29.07";20220525T150010;Transilien Train Transilien P;9bff43d6-dc2a-11ec-842d-005056a44da2;travaux
future;Incidents;30;perturbée;SIGNIFICANT_DELAYS;20220708T193000;20220709T020000;9bff43d6-dc2a-11ec-842d-005056a44da2;" / Ligne P : Paris Est-Provins du 02.05 au 29.07 / <p>Période : à partir de 20h <br>Dates : du lundi 2 mai au vendredi 29 juillet, du lundi au vendredi<br>Le trafic est interrompu entre Paris Est et Provins.<br>Un service de bus de remplacement est mis en place, avec desserte des gares intermédiaires.<br>Pour plus d'informations, <a href=""https://www.transilien.com/sites/transilien/files/sentinelle-P-provins-mai-juin-juillet.pdf"" target="""">cliquez ici pour télécharger l'affiche PDF.</a><br>Les horaires du calculateur d'itinéraire ne tient pas compte des bus de remplacement.<br>Motif : travaux de maintenance.</p> / Ligne P : Paris Est-Provins du 02.05 au 29.07";20220525T150010;Transilien Train Transilien P;9bff43d6-dc2a-11ec-842d-005056a44da2;travaux
future;Incidents;30;perturbée;SIGNIFICANT_DELAYS;20220503T193000;20220504T020000;9bff43d6-dc2a-11ec-842d-005056a44da2;" / Ligne P : Paris Est-Provins du 02.05 au 29.07 / <p>Période : à partir de 20h <br>Dates : du lundi 2 mai au vendredi 29 juillet, du lundi au vendredi<br>Le trafic est interrompu entre Paris Est et Provins.<br>Un service de bus de remplacement est mis en place, avec desserte des gares intermédiaires.<br>Pour plus d'informations, <a href=""https://www.transilien.com/sites/transilien/files/sentinelle-P-provins-mai-juin-juillet.pdf"" target="""">cliquez ici pour télécharger l'affiche PDF.</a><br>Les horaires du calculateur d'itinéraire ne tient pas compte des bus de remplacement.<br>Motif : travaux de maintenance.</p> / Ligne P : Paris Est-Provins du 02.05 au 29.07";20220525T150010;Transilien Train Transilien P;9bff43d6-dc2a-11ec-842d-005056a44da2;travaux
future;Incidents;30;perturbée;SIGNIFICANT_DELAYS;20220714T193000;20220715T020000;9bff43d6-dc2a-11ec-842d-005056a44da2;" / Ligne P : Paris Est-Provins du 02.05 au 29.07 / <p>Période : à partir de 20h <br>Dates : du lundi 2 mai au vendredi 29 juillet, du lundi au vendredi<br>Le trafic est interrompu entre Paris Est et Provins.<br>Un service de bus de remplacement est mis en place, avec desserte des gares intermédiaires.<br>Pour plus d'informations, <a href=""https://www.transilien.com/sites/transilien/files/sentinelle-P-provins-mai-juin-juillet.pdf"" target="""">cliquez ici pour télécharger l'affiche PDF.</a><br>Les horaires du calculateur d'itinéraire ne tient pas compte des bus de remplacement.<br>Motif : travaux de maintenance.</p> / Ligne P : Paris Est-Provins du 02.05 au 29.07";20220525T150010;Transilien Train Transilien P;9bff43d6-dc2a-11ec-842d-005056a44da2;travaux
future;Incidents;30;perturbée;SIGNIFICANT_DELAYS;20220701T193000;20220702T020000;9bff43d6-dc2a-11ec-842d-005056a44da2;" / Ligne P : Paris Est-Provins du 02.05 au 29.07 / <p>Période : à partir de 20h <br>Dates : du lundi 2 mai au vendredi 29 juillet, du lundi au vendredi<br>Le trafic est interrompu entre Paris Est et Provins.<br>Un service de bus de remplacement est mis en place, avec desserte des gares intermédiaires.<br>Pour plus d'informations, <a href=""https://www.transilien.com/sites/transilien/files/sentinelle-P-provins-mai-juin-juillet.pdf"" target="""">cliquez ici pour télécharger l'affiche PDF.</a><br>Les horaires du calculateur d'itinéraire ne tient pas compte des bus de remplacement.<br>Motif : travaux de maintenance.</p> / Ligne P : Paris Est-Provins du 02.05 au 29.07";20220525T150010;Transilien Train Transilien P;9bff43d6-dc2a-11ec-842d-005056a44da2;travaux
future;Incidents;30;perturbée;SIGNIFICANT_DELAYS;20220630T193000;20220701T020000;9bff43d6-dc2a-11ec-842d-005056a44da2;" / Ligne P : Paris Est-Provins du 02.05 au 29.07 / <p>Période : à partir de 20h <br>Dates : du lundi 2 mai au vendredi 29 juillet, du lundi au vendredi<br>Le trafic est interrompu entre Paris Est et Provins.<br>Un service de bus de remplacement est mis en place, avec desserte des gares intermédiaires.<br>Pour plus d'informations, <a href=""https://www.transilien.com/sites/transilien/files/sentinelle-P-provins-mai-juin-juillet.pdf"" target="""">cliquez ici pour télécharger l'affiche PDF.</a><br>Les horaires du calculateur d'itinéraire ne tient pas compte des bus de remplacement.<br>Motif : travaux de maintenance.</p> / Ligne P : Paris Est-Provins du 02.05 au 29.07";20220525T150010;Transilien Train Transilien P;9bff43d6-dc2a-11ec-842d-005056a44da2;travaux
future;Incidents;30;perturbée;SIGNIFICANT_DELAYS;20220715T193000;20220716T020000;9bff43d6-dc2a-11ec-842d-005056a44da2;" / Ligne P : Paris Est-Provins du 02.05 au 29.07 / <p>Période : à partir de 20h <br>Dates : du lundi 2 mai au vendredi 29 juillet, du lundi au vendredi<br>Le trafic est interrompu entre Paris Est et Provins.<br>Un service de bus de remplacement est mis en place, avec desserte des gares intermédiaires.<br>Pour plus d'informations, <a href=""https://www.transilien.com/sites/transilien/files/sentinelle-P-provins-mai-juin-juillet.pdf"" target="""">cliquez ici pour télécharger l'affiche PDF.</a><br>Les horaires du calculateur d'itinéraire ne tient pas compte des bus de remplacement.<br>Motif : travaux de maintenance.</p> / Ligne P : Paris Est-Provins du 02.05 au 29.07";20220525T150010;Transilien Train Transilien P;9bff43d6-dc2a-11ec-842d-005056a44da2;travaux
future;Incidents;30;perturbée;SIGNIFICANT_DELAYS;20220628T193000;20220629T020000;9bff43d6-dc2a-11ec-842d-005056a44da2;" / Ligne P : Paris Est-Provins du 02.05 au 29.07 / <p>Période : à partir de 20h <br>Dates : du lundi 2 mai au vendredi 29 juillet, du lundi au vendredi<br>Le trafic est interrompu entre Paris Est et Provins.<br>Un service de bus de remplacement est mis en place, avec desserte des gares intermédiaires.<br>Pour plus d'informations, <a href=""https://www.transilien.com/sites/transilien/files/sentinelle-P-provins-mai-juin-juillet.pdf"" target="""">cliquez ici pour télécharger l'affiche PDF.</a><br>Les horaires du calculateur d'itinéraire ne tient pas compte des bus de remplacement.<br>Motif : travaux de maintenance.</p> / Ligne P : Paris Est-Provins du 02.05 au 29.07";20220525T150010;Transilien Train Transilien P;9bff43d6-dc2a-11ec-842d-005056a44da2;travaux
future;Incidents;30;perturbée;SIGNIFICANT_DELAYS;20220629T193000;20220630T020000;9bff43d6-dc2a-11ec-842d-005056a44da2;" / Ligne P : Paris Est-Provins du 02.05 au 29.07 / <p>Période : à partir de 20h <br>Dates : du lundi 2 mai au vendredi 29 juillet, du lundi au vendredi<br>Le trafic est interrompu entre Paris Est et Provins.<br>Un service de bus de remplacement est mis en place, avec desserte des gares intermédiaires.<br>Pour plus d'informations, <a href=""https://www.transilien.com/sites/transilien/files/sentinelle-P-provins-mai-juin-juillet.pdf"" target="""">cliquez ici pour télécharger l'affiche PDF.</a><br>Les horaires du calculateur d'itinéraire ne tient pas compte des bus de remplacement.<br>Motif : travaux de maintenance.</p> / Ligne P : Paris Est-Provins du 02.05 au 29.07";20220525T150010;Transilien Train Transilien P;9bff43d6-dc2a-11ec-842d-005056a44da2;travaux
future;Incidents;30;perturbée;SIGNIFICANT_DELAYS;20220719T193000;20220720T020000;9bff43d6-dc2a-11ec-842d-005056a44da2;" / Ligne P : Paris Est-Provins du 02.05 au 29.07 / <p>Période : à partir de 20h <br>Dates : du lundi 2 mai au vendredi 29 juillet, du lundi au vendredi<br>Le trafic est interrompu entre Paris Est et Provins.<br>Un service de bus de remplacement est mis en place, avec desserte des gares intermédiaires.<br>Pour plus d'informations, <a href=""https://www.transilien.com/sites/transilien/files/sentinelle-P-provins-mai-juin-juillet.pdf"" target="""">cliquez ici pour télécharger l'affiche PDF.</a><br>Les horaires du calculateur d'itinéraire ne tient pas compte des bus de remplacement.<br>Motif : travaux de maintenance.</p> / Ligne P : Paris Est-Provins du 02.05 au 29.07";20220525T150010;Transilien Train Transilien P;9bff43d6-dc2a-11ec-842d-005056a44da2;travaux
future;Incidents;30;perturbée;SIGNIFICANT_DELAYS;20220728T193000;20220729T020000;9bff43d6-dc2a-11ec-842d-005056a44da2;" / Ligne P : Paris Est-Provins du 02.05 au 29.07 / <p>Période : à partir de 20h <br>Dates : du lundi 2 mai au vendredi 29 juillet, du lundi au vendredi<br>Le trafic est interrompu entre Paris Est et Provins.<br>Un service de bus de remplacement est mis en place, avec desserte des gares intermédiaires.<br>Pour plus d'informations, <a href=""https://www.transilien.com/sites/transilien/files/sentinelle-P-provins-mai-juin-juillet.pdf"" target="""">cliquez ici pour télécharger l'affiche PDF.</a><br>Les horaires du calculateur d'itinéraire ne tient pas compte des bus de remplacement.<br>Motif : travaux de maintenance.</p> / Ligne P : Paris Est-Provins du 02.05 au 29.07";20220525T150010;Transilien Train Transilien P;9bff43d6-dc2a-11ec-842d-005056a44da2;travaux
future;Incidents;30;perturbée;SIGNIFICANT_DELAYS;20220610T193000;20220611T020000;9bff43d6-dc2a-11ec-842d-005056a44da2;" / Ligne P : Paris Est-Provins du 02.05 au 29.07 / <p>Période : à partir de 20h <br>Dates : du lundi 2 mai au vendredi 29 juillet, du lundi au vendredi<br>Le trafic est interrompu entre Paris Est et Provins.<br>Un service de bus de remplacement est mis en place, avec desserte des gares intermédiaires.<br>Pour plus d'informations, <a href=""https://www.transilien.com/sites/transilien/files/sentinelle-P-provins-mai-juin-juillet.pdf"" target="""">cliquez ici pour télécharger l'affiche PDF.</a><br>Les horaires du calculateur d'itinéraire ne tient pas compte des bus de remplacement.<br>Motif : travaux de maintenance.</p> / Ligne P : Paris Est-Provins du 02.05 au 29.07";20220525T150010;Transilien Train Transilien P;9bff43d6-dc2a-11ec-842d-005056a44da2;travaux
future;Incidents;30;perturbée;SIGNIFICANT_DELAYS;20220726T193000;20220727T020000;9bff43d6-dc2a-11ec-842d-005056a44da2;" / Ligne P : Paris Est-Provins du 02.05 au 29.07 / <p>Période : à partir de 20h <br>Dates : du lundi 2 mai au vendredi 29 juillet, du lundi au vendredi<br>Le trafic est interrompu entre Paris Est et Provins.<br>Un service de bus de remplacement est mis en place, avec desserte des gares intermédiaires.<br>Pour plus d'informations, <a href=""https://www.transilien.com/sites/transilien/files/sentinelle-P-provins-mai-juin-juillet.pdf"" target="""">cliquez ici pour télécharger l'affiche PDF.</a><br>Les horaires du calculateur d'itinéraire ne tient pas compte des bus de remplacement.<br>Motif : travaux de maintenance.</p> / Ligne P : Paris Est-Provins du 02.05 au 29.07";20220525T150010;Transilien Train Transilien P;9bff43d6-dc2a-11ec-842d-005056a44da2;travaux
future;Incidents;30;perturbée;SIGNIFICANT_DELAYS;20220718T193000;20220719T020000;9bff43d6-dc2a-11ec-842d-005056a44da2;" / Ligne P : Paris Est-Provins du 02.05 au 29.07 / <p>Période : à partir de 20h <br>Dates : du lundi 2 mai au vendredi 29 juillet, du lundi au vendredi<br>Le trafic est interrompu entre Paris Est et Provins.<br>Un service de bus de remplacement est mis en place, avec desserte des gares intermédiaires.<br>Pour plus d'informations, <a href=""https://www.transilien.com/sites/transilien/files/sentinelle-P-provins-mai-juin-juillet.pdf"" target="""">cliquez ici pour télécharger l'affiche PDF.</a><br>Les horaires du calculateur d'itinéraire ne tient pas compte des bus de remplacement.<br>Motif : travaux de maintenance.</p> / Ligne P : Paris Est-Provins du 02.05 au 29.07";20220525T150010;Transilien Train Transilien P;9bff43d6-dc2a-11ec-842d-005056a44da2;travaux
future;Incidents;30;perturbée;SIGNIFICANT_DELAYS;20220726T223000;20220727T020000;4d2fe1aa-e8d4-11ec-827b-005056a47b86;" / Ligne P : Coulommiers - Paris Est du 4/07 au 12/08 / <p>Période : à partir de 22h30<br>Dates : du lundi 04 juillet au vendredi 12 août sauf les samedis et dimanches<br>Le trafic est interrompu entre Coulommiers et Paris Est.<br>Un service de bus de remplacement est mis en place, avec desserte des gares intermédiaires.<br>Pour plus d'informations, <a href=""https://www.transilien.com/sites/transilien/files/sentinelle-202204704-p-pariscoulommiers-du4juilletau12aout.pdf"" target="""">cliquez ici pour télécharger l'affiche PDF.</a><br>Les horaires du calculateur d'itinéraire tiennent compte des travaux.<br>Motif : travaux.</p>";20220610T174506;Transilien Train Transilien P;4d2fe1aa-e8d4-11ec-827b-005056a47b86;travaux
future;Incidents;30;perturbée;SIGNIFICANT_DELAYS;20220811T223000;20220812T020000;4d2fe1aa-e8d4-11ec-827b-005056a47b86;" / Ligne P : Coulommiers - Paris Est du 4/07 au 12/08 / <p>Période : à partir de 22h30<br>Dates : du lundi 04 juillet au vendredi 12 août sauf les samedis et dimanches<br>Le trafic est interrompu entre Coulommiers et Paris Est.<br>Un service de bus de remplacement est mis en place, avec desserte des gares intermédiaires.<br>Pour plus d'informations, <a href=""https://www.transilien.com/sites/transilien/files/sentinelle-202204704-p-pariscoulommiers-du4juilletau12aout.pdf"" target="""">cliquez ici pour télécharger l'affiche PDF.</a><br>Les horaires du calculateur d'itinéraire tiennent compte des travaux.<br>Motif : travaux.</p>";20220610T174506;Transilien Train Transilien P;4d2fe1aa-e8d4-11ec-827b-005056a47b86;travaux
future;Incidents;30;perturbée;SIGNIFICANT_DELAYS;20220809T223000;20220810T020000;4d2fe1aa-e8d4-11ec-827b-005056a47b86;" / Ligne P : Coulommiers - Paris Est du 4/07 au 12/08 / <p>Période : à partir de 22h30<br>Dates : du lundi 04 juillet au vendredi 12 août sauf les samedis et dimanches<br>Le trafic est interrompu entre Coulommiers et Paris Est.<br>Un service de bus de remplacement est mis en place, avec desserte des gares intermédiaires.<br>Pour plus d'informations, <a href=""https://www.transilien.com/sites/transilien/files/sentinelle-202204704-p-pariscoulommiers-du4juilletau12aout.pdf"" target="""">cliquez ici pour télécharger l'affiche PDF.</a><br>Les horaires du calculateur d'itinéraire tiennent compte des travaux.<br>Motif : travaux.</p>";20220610T174506;Transilien Train Transilien P;4d2fe1aa-e8d4-11ec-827b-005056a47b86;travaux
future;Incidents;30;perturbée;SIGNIFICANT_DELAYS;20220705T223000;20220706T020000;4d2fe1aa-e8d4-11ec-827b-005056a47b86;" / Ligne P : Coulommiers - Paris Est du 4/07 au 12/08 / <p>Période : à partir de 22h30<br>Dates : du lundi 04 juillet au vendredi 12 août sauf les samedis et dimanches<br>Le trafic est interrompu entre Coulommiers et Paris Est.<br>Un service de bus de remplacement est mis en place, avec desserte des gares intermédiaires.<br>Pour plus d'informations, <a href=""https://www.transilien.com/sites/transilien/files/sentinelle-202204704-p-pariscoulommiers-du4juilletau12aout.pdf"" target="""">cliquez ici pour télécharger l'affiche PDF.</a><br>Les horaires du calculateur d'itinéraire tiennent compte des travaux.<br>Motif : travaux.</p>";20220610T174506;Transilien Train Transilien P;4d2fe1aa-e8d4-11ec-827b-005056a47b86;travaux
future;Incidents;30;perturbée;SIGNIFICANT_DELAYS;20220812T223000;20220813T020000;4d2fe1aa-e8d4-11ec-827b-005056a47b86;" / Ligne P : Coulommiers - Paris Est du 4/07 au 12/08 / <p>Période : à partir de 22h30<br>Dates : du lundi 04 juillet au vendredi 12 août sauf les samedis et dimanches<br>Le trafic est interrompu entre Coulommiers et Paris Est.<br>Un service de bus de remplacement est mis en place, avec desserte des gares intermédiaires.<br>Pour plus d'informations, <a href=""https://www.transilien.com/sites/transilien/files/sentinelle-202204704-p-pariscoulommiers-du4juilletau12aout.pdf"" target="""">cliquez ici pour télécharger l'affiche PDF.</a><br>Les horaires du calculateur d'itinéraire tiennent compte des travaux.<br>Motif : travaux.</p>";20220610T174506;Transilien Train Transilien P;4d2fe1aa-e8d4-11ec-827b-005056a47b86;travaux
future;Incidents;30;perturbée;SIGNIFICANT_DELAYS;20220715T223000;20220716T020000;4d2fe1aa-e8d4-11ec-827b-005056a47b86;" / Ligne P : Coulommiers - Paris Est du 4/07 au 12/08 / <p>Période : à partir de 22h30<br>Dates : du lundi 04 juillet au vendredi 12 août sauf les samedis et dimanches<br>Le trafic est interrompu entre Coulommiers et Paris Est.<br>Un service de bus de remplacement est mis en place, avec desserte des gares intermédiaires.<br>Pour plus d'informations, <a href=""https://www.transilien.com/sites/transilien/files/sentinelle-202204704-p-pariscoulommiers-du4juilletau12aout.pdf"" target="""">cliquez ici pour télécharger l'affiche PDF.</a><br>Les horaires du calculateur d'itinéraire tiennent compte des travaux.<br>Motif : travaux.</p>";20220610T174506;Transilien Train Transilien P;4d2fe1aa-e8d4-11ec-827b-005056a47b86;travaux
future;Incidents;30;perturbée;SIGNIFICANT_DELAYS;20220721T223000;20220722T020000;4d2fe1aa-e8d4-11ec-827b-005056a47b86;" / Ligne P : Coulommiers - Paris Est du 4/07 au 12/08 / <p>Période : à partir de 22h30<br>Dates : du lundi 04 juillet au vendredi 12 août sauf les samedis et dimanches<br>Le trafic est interrompu entre Coulommiers et Paris Est.<br>Un service de bus de remplacement est mis en place, avec desserte des gares intermédiaires.<br>Pour plus d'informations, <a href=""https://www.transilien.com/sites/transilien/files/sentinelle-202204704-p-pariscoulommiers-du4juilletau12aout.pdf"" target="""">cliquez ici pour télécharger l'affiche PDF.</a><br>Les horaires du calculateur d'itinéraire tiennent compte des travaux.<br>Motif : travaux.</p>";20220610T174506;Transilien Train Transilien P;4d2fe1aa-e8d4-11ec-827b-005056a47b86;travaux
future;Incidents;30;perturbée;SIGNIFICANT_DELAYS;20220719T223000;20220720T020000;4d2fe1aa-e8d4-11ec-827b-005056a47b86;" / Ligne P : Coulommiers - Paris Est du 4/07 au 12/08 / <p>Période : à partir de 22h30<br>Dates : du lundi 04 juillet au vendredi 12 août sauf les samedis et dimanches<br>Le trafic est interrompu entre Coulommiers et Paris Est.<br>Un service de bus de remplacement est mis en place, avec desserte des gares intermédiaires.<br>Pour plus d'informations, <a href=""https://www.transilien.com/sites/transilien/files/sentinelle-202204704-p-pariscoulommiers-du4juilletau12aout.pdf"" target="""">cliquez ici pour télécharger l'affiche PDF.</a><br>Les horaires du calculateur d'itinéraire tiennent compte des travaux.<br>Motif : travaux.</p>";20220610T174506;Transilien Train Transilien P;4d2fe1aa-e8d4-11ec-827b-005056a47b86;travaux
future;Incidents;30;perturbée;SIGNIFICANT_DELAYS;20220728T223000;20220729T020000;4d2fe1aa-e8d4-11ec-827b-005056a47b86;" / Ligne P : Coulommiers - Paris Est du 4/07 au 12/08 / <p>Période : à partir de 22h30<br>Dates : du lundi 04 juillet au vendredi 12 août sauf les samedis et dimanches<br>Le trafic est interrompu entre Coulommiers et Paris Est.<br>Un service de bus de remplacement est mis en place, avec desserte des gares intermédiaires.<br>Pour plus d'informations, <a href=""https://www.transilien.com/sites/transilien/files/sentinelle-202204704-p-pariscoulommiers-du4juilletau12aout.pdf"" target="""">cliquez ici pour télécharger l'affiche PDF.</a><br>Les horaires du calculateur d'itinéraire tiennent compte des travaux.<br>Motif : travaux.</p>";20220610T174506;Transilien Train Transilien P;4d2fe1aa-e8d4-11ec-827b-005056a47b86;travaux
future;Incidents;30;perturbée;SIGNIFICANT_DELAYS;20220727T223000;20220728T020000;4d2fe1aa-e8d4-11ec-827b-005056a47b86;" / Ligne P : Coulommiers - Paris Est du 4/07 au 12/08 / <p>Période : à partir de 22h30<br>Dates : du lundi 04 juillet au vendredi 12 août sauf les samedis et dimanches<br>Le trafic est interrompu entre Coulommiers et Paris Est.<br>Un service de bus de remplacement est mis en place, avec desserte des gares intermédiaires.<br>Pour plus d'informations, <a href=""https://www.transilien.com/sites/transilien/files/sentinelle-202204704-p-pariscoulommiers-du4juilletau12aout.pdf"" target="""">cliquez ici pour télécharger l'affiche PDF.</a><br>Les horaires du calculateur d'itinéraire tiennent compte des travaux.<br>Motif : travaux.</p>";20220610T174506;Transilien Train Transilien P;4d2fe1aa-e8d4-11ec-827b-005056a47b86;travaux
future;Incidents;30;perturbée;SIGNIFICANT_DELAYS;20220704T223000;20220705T020000;4d2fe1aa-e8d4-11ec-827b-005056a47b86;" / Ligne P : Coulommiers - Paris Est du 4/07 au 12/08 / <p>Période : à partir de 22h30<br>Dates : du lundi 04 juillet au vendredi 12 août sauf les samedis et dimanches<br>Le trafic est interrompu entre Coulommiers et Paris Est.<br>Un service de bus de remplacement est mis en place, avec desserte des gares intermédiaires.<br>Pour plus d'informations, <a href=""https://www.transilien.com/sites/transilien/files/sentinelle-202204704-p-pariscoulommiers-du4juilletau12aout.pdf"" target="""">cliquez ici pour télécharger l'affiche PDF.</a><br>Les horaires du calculateur d'itinéraire tiennent compte des travaux.<br>Motif : travaux.</p>";20220610T174506;Transilien Train Transilien P;4d2fe1aa-e8d4-11ec-827b-005056a47b86;travaux
future;Incidents;30;perturbée;SIGNIFICANT_DELAYS;20220808T223000;20220809T020000;4d2fe1aa-e8d4-11ec-827b-005056a47b86;" / Ligne P : Coulommiers - Paris Est du 4/07 au 12/08 / <p>Période : à partir de 22h30<br>Dates : du lundi 04 juillet au vendredi 12 août sauf les samedis et dimanches<br>Le trafic est interrompu entre Coulommiers et Paris Est.<br>Un service de bus de remplacement est mis en place, avec desserte des gares intermédiaires.<br>Pour plus d'informations, <a href=""https://www.transilien.com/sites/transilien/files/sentinelle-202204704-p-pariscoulommiers-du4juilletau12aout.pdf"" target="""">cliquez ici pour télécharger l'affiche PDF.</a><br>Les horaires du calculateur d'itinéraire tiennent compte des travaux.<br>Motif : travaux.</p>";20220610T174506;Transilien Train Transilien P;4d2fe1aa-e8d4-11ec-827b-005056a47b86;travaux
future;Incidents;30;perturbée;SIGNIFICANT_DELAYS;20220725T223000;20220726T020000;4d2fe1aa-e8d4-11ec-827b-005056a47b86;" / Ligne P : Coulommiers - Paris Est du 4/07 au 12/08 / <p>Période : à partir de 22h30<br>Dates : du lundi 04 juillet au vendredi 12 août sauf les samedis et dimanches<br>Le trafic est interrompu entre Coulommiers et Paris Est.<br>Un service de bus de remplacement est mis en place, avec desserte des gares intermédiaires.<br>Pour plus d'informations, <a href=""https://www.transilien.com/sites/transilien/files/sentinelle-202204704-p-pariscoulommiers-du4juilletau12aout.pdf"" target="""">cliquez ici pour télécharger l'affiche PDF.</a><br>Les horaires du calculateur d'itinéraire tiennent compte des travaux.<br>Motif : travaux.</p>";20220610T174506;Transilien Train Transilien P;4d2fe1aa-e8d4-11ec-827b-005056a47b86;travaux
future;Incidents;30;perturbée;SIGNIFICANT_DELAYS;20220804T223000;20220805T020000;4d2fe1aa-e8d4-11ec-827b-005056a47b86;" / Ligne P : Coulommiers - Paris Est du 4/07 au 12/08 / <p>Période : à partir de 22h30<br>Dates : du lundi 04 juillet au vendredi 12 août sauf les samedis et dimanches<br>Le trafic est interrompu entre Coulommiers et Paris Est.<br>Un service de bus de remplacement est mis en place, avec desserte des gares intermédiaires.<br>Pour plus d'informations, <a href=""https://www.transilien.com/sites/transilien/files/sentinelle-202204704-p-pariscoulommiers-du4juilletau12aout.pdf"" target="""">cliquez ici pour télécharger l'affiche PDF.</a><br>Les horaires du calculateur d'itinéraire tiennent compte des travaux.<br>Motif : travaux.</p>";20220610T174506;Transilien Train Transilien P;4d2fe1aa-e8d4-11ec-827b-005056a47b86;travaux
future;Incidents;30;perturbée;SIGNIFICANT_DELAYS;20220802T223000;20220803T020000;4d2fe1aa-e8d4-11ec-827b-005056a47b86;" / Ligne P : Coulommiers - Paris Est du 4/07 au 12/08 / <p>Période : à partir de 22h30<br>Dates : du lundi 04 juillet au vendredi 12 août sauf les samedis et dimanches<br>Le trafic est interrompu entre Coulommiers et Paris Est.<br>Un service de bus de remplacement est mis en place, avec desserte des gares intermédiaires.<br>Pour plus d'informations, <a href=""https://www.transilien.com/sites/transilien/files/sentinelle-202204704-p-pariscoulommiers-du4juilletau12aout.pdf"" target="""">cliquez ici pour télécharger l'affiche PDF.</a><br>Les horaires du calculateur d'itinéraire tiennent compte des travaux.<br>Motif : travaux.</p>";20220610T174506;Transilien Train Transilien P;4d2fe1aa-e8d4-11ec-827b-005056a47b86;travaux
future;Incidents;30;perturbée;SIGNIFICANT_DELAYS;20220729T223000;20220730T020000;4d2fe1aa-e8d4-11ec-827b-005056a47b86;" / Ligne P : Coulommiers - Paris Est du 4/07 au 12/08 / <p>Période : à partir de 22h30<br>Dates : du lundi 04 juillet au vendredi 12 août sauf les samedis et dimanches<br>Le trafic est interrompu entre Coulommiers et Paris Est.<br>Un service de bus de remplacement est mis en place, avec desserte des gares intermédiaires.<br>Pour plus d'informations, <a href=""https://www.transilien.com/sites/transilien/files/sentinelle-202204704-p-pariscoulommiers-du4juilletau12aout.pdf"" target="""">cliquez ici pour télécharger l'affiche PDF.</a><br>Les horaires du calculateur d'itinéraire tiennent compte des travaux.<br>Motif : travaux.</p>";20220610T174506;Transilien Train Transilien P;4d2fe1aa-e8d4-11ec-827b-005056a47b86;travaux
future;Incidents;30;perturbée;SIGNIFICANT_DELAYS;20220711T223000;20220712T020000;4d2fe1aa-e8d4-11ec-827b-005056a47b86;" / Ligne P : Coulommiers - Paris Est du 4/07 au 12/08 / <p>Période : à partir de 22h30<br>Dates : du lundi 04 juillet au vendredi 12 août sauf les samedis et dimanches<br>Le trafic est interrompu entre Coulommiers et Paris Est.<br>Un service de bus de remplacement est mis en place, avec desserte des gares intermédiaires.<br>Pour plus d'informations, <a href=""https://www.transilien.com/sites/transilien/files/sentinelle-202204704-p-pariscoulommiers-du4juilletau12aout.pdf"" target="""">cliquez ici pour télécharger l'affiche PDF.</a><br>Les horaires du calculateur d'itinéraire tiennent compte des travaux.<br>Motif : travaux.</p>";20220610T174506;Transilien Train Transilien P;4d2fe1aa-e8d4-11ec-827b-005056a47b86;travaux
future;Incidents;30;perturbée;SIGNIFICANT_DELAYS;20220803T223000;20220804T020000;4d2fe1aa-e8d4-11ec-827b-005056a47b86;" / Ligne P : Coulommiers - Paris Est du 4/07 au 12/08 / <p>Période : à partir de 22h30<br>Dates : du lundi 04 juillet au vendredi 12 août sauf les samedis et dimanches<br>Le trafic est interrompu entre Coulommiers et Paris Est.<br>Un service de bus de remplacement est mis en place, avec desserte des gares intermédiaires.<br>Pour plus d'informations, <a href=""https://www.transilien.com/sites/transilien/files/sentinelle-202204704-p-pariscoulommiers-du4juilletau12aout.pdf"" target="""">cliquez ici pour télécharger l'affiche PDF.</a><br>Les horaires du calculateur d'itinéraire tiennent compte des travaux.<br>Motif : travaux.</p>";20220610T174506;Transilien Train Transilien P;4d2fe1aa-e8d4-11ec-827b-005056a47b86;travaux
future;Incidents;30;perturbée;SIGNIFICANT_DELAYS;20220720T223000;20220721T020000;4d2fe1aa-e8d4-11ec-827b-005056a47b86;" / Ligne P : Coulommiers - Paris Est du 4/07 au 12/08 / <p>Période : à partir de 22h30<br>Dates : du lundi 04 juillet au vendredi 12 août sauf les samedis et dimanches<br>Le trafic est interrompu entre Coulommiers et Paris Est.<br>Un service de bus de remplacement est mis en place, avec desserte des gares intermédiaires.<br>Pour plus d'informations, <a href=""https://www.transilien.com/sites/transilien/files/sentinelle-202204704-p-pariscoulommiers-du4juilletau12aout.pdf"" target="""">cliquez ici pour télécharger l'affiche PDF.</a><br>Les horaires du calculateur d'itinéraire tiennent compte des travaux.<br>Motif : travaux.</p>";20220610T174506;Transilien Train Transilien P;4d2fe1aa-e8d4-11ec-827b-005056a47b86;travaux
future;Incidents;30;perturbée;SIGNIFICANT_DELAYS;20220714T223000;20220715T020000;4d2fe1aa-e8d4-11ec-827b-005056a47b86;" / Ligne P : Coulommiers - Paris Est du 4/07 au 12/08 / <p>Période : à partir de 22h30<br>Dates : du lundi 04 juillet au vendredi 12 août sauf les samedis et dimanches<br>Le trafic est interrompu entre Coulommiers et Paris Est.<br>Un service de bus de remplacement est mis en place, avec desserte des gares intermédiaires.<br>Pour plus d'informations, <a href=""https://www.transilien.com/sites/transilien/files/sentinelle-202204704-p-pariscoulommiers-du4juilletau12aout.pdf"" target="""">cliquez ici pour télécharger l'affiche PDF.</a><br>Les horaires du calculateur d'itinéraire tiennent compte des travaux.<br>Motif : travaux.</p>";20220610T174506;Transilien Train Transilien P;4d2fe1aa-e8d4-11ec-827b-005056a47b86;travaux
future;Incidents;30;perturbée;SIGNIFICANT_DELAYS;20220801T223000;20220802T020000;4d2fe1aa-e8d4-11ec-827b-005056a47b86;" / Ligne P : Coulommiers - Paris Est du 4/07 au 12/08 / <p>Période : à partir de 22h30<br>Dates : du lundi 04 juillet au vendredi 12 août sauf les samedis et dimanches<br>Le trafic est interrompu entre Coulommiers et Paris Est.<br>Un service de bus de remplacement est mis en place, avec desserte des gares intermédiaires.<br>Pour plus d'informations, <a href=""https://www.transilien.com/sites/transilien/files/sentinelle-202204704-p-pariscoulommiers-du4juilletau12aout.pdf"" target="""">cliquez ici pour télécharger l'affiche PDF.</a><br>Les horaires du calculateur d'itinéraire tiennent compte des travaux.<br>Motif : travaux.</p>";20220610T174506;Transilien Train Transilien P;4d2fe1aa-e8d4-11ec-827b-005056a47b86;travaux
future;Incidents;30;perturbée;SIGNIFICANT_DELAYS;20220810T223000;20220811T020000;4d2fe1aa-e8d4-11ec-827b-005056a47b86;" / Ligne P : Coulommiers - Paris Est du 4/07 au 12/08 / <p>Période : à partir de 22h30<br>Dates : du lundi 04 juillet au vendredi 12 août sauf les samedis et dimanches<br>Le trafic est interrompu entre Coulommiers et Paris Est.<br>Un service de bus de remplacement est mis en place, avec desserte des gares intermédiaires.<br>Pour plus d'informations, <a href=""https://www.transilien.com/sites/transilien/files/sentinelle-202204704-p-pariscoulommiers-du4juilletau12aout.pdf"" target="""">cliquez ici pour télécharger l'affiche PDF.</a><br>Les horaires du calculateur d'itinéraire tiennent compte des travaux.<br>Motif : travaux.</p>";20220610T174506;Transilien Train Transilien P;4d2fe1aa-e8d4-11ec-827b-005056a47b86;travaux
future;Incidents;30;perturbée;SIGNIFICANT_DELAYS;20220805T223000;20220806T020000;4d2fe1aa-e8d4-11ec-827b-005056a47b86;" / Ligne P : Coulommiers - Paris Est du 4/07 au 12/08 / <p>Période : à partir de 22h30<br>Dates : du lundi 04 juillet au vendredi 12 août sauf les samedis et dimanches<br>Le trafic est interrompu entre Coulommiers et Paris Est.<br>Un service de bus de remplacement est mis en place, avec desserte des gares intermédiaires.<br>Pour plus d'informations, <a href=""https://www.transilien.com/sites/transilien/files/sentinelle-202204704-p-pariscoulommiers-du4juilletau12aout.pdf"" target="""">cliquez ici pour télécharger l'affiche PDF.</a><br>Les horaires du calculateur d'itinéraire tiennent compte des travaux.<br>Motif : travaux.</p>";20220610T174506;Transilien Train Transilien P;4d2fe1aa-e8d4-11ec-827b-005056a47b86;travaux
future;Incidents;30;perturbée;SIGNIFICANT_DELAYS;20220707T223000;20220708T020000;4d2fe1aa-e8d4-11ec-827b-005056a47b86;" / Ligne P : Coulommiers - Paris Est du 4/07 au 12/08 / <p>Période : à partir de 22h30<br>Dates : du lundi 04 juillet au vendredi 12 août sauf les samedis et dimanches<br>Le trafic est interrompu entre Coulommiers et Paris Est.<br>Un service de bus de remplacement est mis en place, avec desserte des gares intermédiaires.<br>Pour plus d'informations, <a href=""https://www.transilien.com/sites/transilien/files/sentinelle-202204704-p-pariscoulommiers-du4juilletau12aout.pdf"" target="""">cliquez ici pour télécharger l'affiche PDF.</a><br>Les horaires du calculateur d'itinéraire tiennent compte des travaux.<br>Motif : travaux.</p>";20220610T174506;Transilien Train Transilien P;4d2fe1aa-e8d4-11ec-827b-005056a47b86;travaux
future;Incidents;30;perturbée;SIGNIFICANT_DELAYS;20220706T223000;20220707T020000;4d2fe1aa-e8d4-11ec-827b-005056a47b86;" / Ligne P : Coulommiers - Paris Est du 4/07 au 12/08 / <p>Période : à partir de 22h30<br>Dates : du lundi 04 juillet au vendredi 12 août sauf les samedis et dimanches<br>Le trafic est interrompu entre Coulommiers et Paris Est.<br>Un service de bus de remplacement est mis en place, avec desserte des gares intermédiaires.<br>Pour plus d'informations, <a href=""https://www.transilien.com/sites/transilien/files/sentinelle-202204704-p-pariscoulommiers-du4juilletau12aout.pdf"" target="""">cliquez ici pour télécharger l'affiche PDF.</a><br>Les horaires du calculateur d'itinéraire tiennent compte des travaux.<br>Motif : travaux.</p>";20220610T174506;Transilien Train Transilien P;4d2fe1aa-e8d4-11ec-827b-005056a47b86;travaux
future;Incidents;30;perturbée;SIGNIFICANT_DELAYS;20220708T223000;20220709T020000;4d2fe1aa-e8d4-11ec-827b-005056a47b86;" / Ligne P : Coulommiers - Paris Est du 4/07 au 12/08 / <p>Période : à partir de 22h30<br>Dates : du lundi 04 juillet au vendredi 12 août sauf les samedis et dimanches<br>Le trafic est interrompu entre Coulommiers et Paris Est.<br>Un service de bus de remplacement est mis en place, avec desserte des gares intermédiaires.<br>Pour plus d'informations, <a href=""https://www.transilien.com/sites/transilien/files/sentinelle-202204704-p-pariscoulommiers-du4juilletau12aout.pdf"" target="""">cliquez ici pour télécharger l'affiche PDF.</a><br>Les horaires du calculateur d'itinéraire tiennent compte des travaux.<br>Motif : travaux.</p>";20220610T174506;Transilien Train Transilien P;4d2fe1aa-e8d4-11ec-827b-005056a47b86;travaux
future;Incidents;30;perturbée;SIGNIFICANT_DELAYS;20220713T223000;20220714T020000;4d2fe1aa-e8d4-11ec-827b-005056a47b86;" / Ligne P : Coulommiers - Paris Est du 4/07 au 12/08 / <p>Période : à partir de 22h30<br>Dates : du lundi 04 juillet au vendredi 12 août sauf les samedis et dimanches<br>Le trafic est interrompu entre Coulommiers et Paris Est.<br>Un service de bus de remplacement est mis en place, avec desserte des gares intermédiaires.<br>Pour plus d'informations, <a href=""https://www.transilien.com/sites/transilien/files/sentinelle-202204704-p-pariscoulommiers-du4juilletau12aout.pdf"" target="""">cliquez ici pour télécharger l'affiche PDF.</a><br>Les horaires du calculateur d'itinéraire tiennent compte des travaux.<br>Motif : travaux.</p>";20220610T174506;Transilien Train Transilien P;4d2fe1aa-e8d4-11ec-827b-005056a47b86;travaux
future;Incidents;30;perturbée;SIGNIFICANT_DELAYS;20220712T223000;20220713T020000;4d2fe1aa-e8d4-11ec-827b-005056a47b86;" / Ligne P : Coulommiers - Paris Est du 4/07 au 12/08 / <p>Période : à partir de 22h30<br>Dates : du lundi 04 juillet au vendredi 12 août sauf les samedis et dimanches<br>Le trafic est interrompu entre Coulommiers et Paris Est.<br>Un service de bus de remplacement est mis en place, avec desserte des gares intermédiaires.<br>Pour plus d'informations, <a href=""https://www.transilien.com/sites/transilien/files/sentinelle-202204704-p-pariscoulommiers-du4juilletau12aout.pdf"" target="""">cliquez ici pour télécharger l'affiche PDF.</a><br>Les horaires du calculateur d'itinéraire tiennent compte des travaux.<br>Motif : travaux.</p>";20220610T174506;Transilien Train Transilien P;4d2fe1aa-e8d4-11ec-827b-005056a47b86;travaux
future;Incidents;30;perturbée;SIGNIFICANT_DELAYS;20220718T223000;20220719T020000;4d2fe1aa-e8d4-11ec-827b-005056a47b86;" / Ligne P : Coulommiers - Paris Est du 4/07 au 12/08 / <p>Période : à partir de 22h30<br>Dates : du lundi 04 juillet au vendredi 12 août sauf les samedis et dimanches<br>Le trafic est interrompu entre Coulommiers et Paris Est.<br>Un service de bus de remplacement est mis en place, avec desserte des gares intermédiaires.<br>Pour plus d'informations, <a href=""https://www.transilien.com/sites/transilien/files/sentinelle-202204704-p-pariscoulommiers-du4juilletau12aout.pdf"" target="""">cliquez ici pour télécharger l'affiche PDF.</a><br>Les horaires du calculateur d'itinéraire tiennent compte des travaux.<br>Motif : travaux.</p>";20220610T174506;Transilien Train Transilien P;4d2fe1aa-e8d4-11ec-827b-005056a47b86;travaux
future;Incidents;30;perturbée;SIGNIFICANT_DELAYS;20220722T223000;20220723T020000;4d2fe1aa-e8d4-11ec-827b-005056a47b86;" / Ligne P : Coulommiers - Paris Est du 4/07 au 12/08 / <p>Période : à partir de 22h30<br>Dates : du lundi 04 juillet au vendredi 12 août sauf les samedis et dimanches<br>Le trafic est interrompu entre Coulommiers et Paris Est.<br>Un service de bus de remplacement est mis en place, avec desserte des gares intermédiaires.<br>Pour plus d'informations, <a href=""https://www.transilien.com/sites/transilien/files/sentinelle-202204704-p-pariscoulommiers-du4juilletau12aout.pdf"" target="""">cliquez ici pour télécharger l'affiche PDF.</a><br>Les horaires du calculateur d'itinéraire tiennent compte des travaux.<br>Motif : travaux.</p>";20220610T174506;Transilien Train Transilien P;4d2fe1aa-e8d4-11ec-827b-005056a47b86;travaux
future;Incidents;30;perturbée;SIGNIFICANT_DELAYS;20220721T221000;20220721T230000;b4d82e9c-e8d5-11ec-827b-005056a47b86;" / Ligne P : Esbly - Crécy la Ch. du 04 au 22 juillet / <p>Période : à partir de 22h10<br>Dates : du lundi 04 au vendredi 22 juillet, sauf samedis et dimanches<br>Le trafic est interrompu entre Esbly et Crécy-la-Chapelle.<br>Un service de bus de remplacement est mis en place, avec desserte des gares intermédiaires.<br>Pour plus d'informations, <a href=""https://www.transilien.com/sites/transilien/files/20220704-p-esblycrecylachapelle-du4au22juillet.pdf"" target="""">cliquez ici pour télécharger l'affiche PDF.</a><br>Les horaires du calculateur d'itinéraire tiennent compte des travaux.<br>Motif : travaux.</p> / Ligne P : Esbly - Crécy la Ch. du 04 au 22 juillet";20220610T175510;Transilien Train Transilien P;b4d82e9c-e8d5-11ec-827b-005056a47b86;travaux
future;Incidents;30;perturbée;SIGNIFICANT_DELAYS;20220720T221000;20220720T230000;b4d82e9c-e8d5-11ec-827b-005056a47b86;" / Ligne P : Esbly - Crécy la Ch. du 04 au 22 juillet / <p>Période : à partir de 22h10<br>Dates : du lundi 04 au vendredi 22 juillet, sauf samedis et dimanches<br>Le trafic est interrompu entre Esbly et Crécy-la-Chapelle.<br>Un service de bus de remplacement est mis en place, avec desserte des gares intermédiaires.<br>Pour plus d'informations, <a href=""https://www.transilien.com/sites/transilien/files/20220704-p-esblycrecylachapelle-du4au22juillet.pdf"" target="""">cliquez ici pour télécharger l'affiche PDF.</a><br>Les horaires du calculateur d'itinéraire tiennent compte des travaux.<br>Motif : travaux.</p> / Ligne P : Esbly - Crécy la Ch. du 04 au 22 juillet";20220610T175510;Transilien Train Transilien P;b4d82e9c-e8d5-11ec-827b-005056a47b86;travaux
future;Incidents;30;perturbée;SIGNIFICANT_DELAYS;20220719T221000;20220719T230000;b4d82e9c-e8d5-11ec-827b-005056a47b86;" / Ligne P : Esbly - Crécy la Ch. du 04 au 22 juillet / <p>Période : à partir de 22h10<br>Dates : du lundi 04 au vendredi 22 juillet, sauf samedis et dimanches<br>Le trafic est interrompu entre Esbly et Crécy-la-Chapelle.<br>Un service de bus de remplacement est mis en place, avec desserte des gares intermédiaires.<br>Pour plus d'informations, <a href=""https://www.transilien.com/sites/transilien/files/20220704-p-esblycrecylachapelle-du4au22juillet.pdf"" target="""">cliquez ici pour télécharger l'affiche PDF.</a><br>Les horaires du calculateur d'itinéraire tiennent compte des travaux.<br>Motif : travaux.</p> / Ligne P : Esbly - Crécy la Ch. du 04 au 22 juillet";20220610T175510;Transilien Train Transilien P;b4d82e9c-e8d5-11ec-827b-005056a47b86;travaux
future;Incidents;30;perturbée;SIGNIFICANT_DELAYS;20220718T221000;20220718T230000;b4d82e9c-e8d5-11ec-827b-005056a47b86;" / Ligne P : Esbly - Crécy la Ch. du 04 au 22 juillet / <p>Période : à partir de 22h10<br>Dates : du lundi 04 au vendredi 22 juillet, sauf samedis et dimanches<br>Le trafic est interrompu entre Esbly et Crécy-la-Chapelle.<br>Un service de bus de remplacement est mis en place, avec desserte des gares intermédiaires.<br>Pour plus d'informations, <a href=""https://www.transilien.com/sites/transilien/files/20220704-p-esblycrecylachapelle-du4au22juillet.pdf"" target="""">cliquez ici pour télécharger l'affiche PDF.</a><br>Les horaires du calculateur d'itinéraire tiennent compte des travaux.<br>Motif : travaux.</p> / Ligne P : Esbly - Crécy la Ch. du 04 au 22 juillet";20220610T175510;Transilien Train Transilien P;b4d82e9c-e8d5-11ec-827b-005056a47b86;travaux
future;Incidents;30;perturbée;SIGNIFICANT_DELAYS;20220715T221000;20220715T230000;b4d82e9c-e8d5-11ec-827b-005056a47b86;" / Ligne P : Esbly - Crécy la Ch. du 04 au 22 juillet / <p>Période : à partir de 22h10<br>Dates : du lundi 04 au vendredi 22 juillet, sauf samedis et dimanches<br>Le trafic est interrompu entre Esbly et Crécy-la-Chapelle.<br>Un service de bus de remplacement est mis en place, avec desserte des gares intermédiaires.<br>Pour plus d'informations, <a href=""https://www.transilien.com/sites/transilien/files/20220704-p-esblycrecylachapelle-du4au22juillet.pdf"" target="""">cliquez ici pour télécharger l'affiche PDF.</a><br>Les horaires du calculateur d'itinéraire tiennent compte des travaux.<br>Motif : travaux.</p> / Ligne P : Esbly - Crécy la Ch. du 04 au 22 juillet";20220610T175510;Transilien Train Transilien P;b4d82e9c-e8d5-11ec-827b-005056a47b86;travaux
future;Incidents;30;perturbée;SIGNIFICANT_DELAYS;20220714T221000;20220714T230000;b4d82e9c-e8d5-11ec-827b-005056a47b86;" / Ligne P : Esbly - Crécy la Ch. du 04 au 22 juillet / <p>Période : à partir de 22h10<br>Dates : du lundi 04 au vendredi 22 juillet, sauf samedis et dimanches<br>Le trafic est interrompu entre Esbly et Crécy-la-Chapelle.<br>Un service de bus de remplacement est mis en place, avec desserte des gares intermédiaires.<br>Pour plus d'informations, <a href=""https://www.transilien.com/sites/transilien/files/20220704-p-esblycrecylachapelle-du4au22juillet.pdf"" target="""">cliquez ici pour télécharger l'affiche PDF.</a><br>Les horaires du calculateur d'itinéraire tiennent compte des travaux.<br>Motif : travaux.</p> / Ligne P : Esbly - Crécy la Ch. du 04 au 22 juillet";20220610T175510;Transilien Train Transilien P;b4d82e9c-e8d5-11ec-827b-005056a47b86;travaux
future;Incidents;30;perturbée;SIGNIFICANT_DELAYS;20220713T221000;20220713T230000;b4d82e9c-e8d5-11ec-827b-005056a47b86;" / Ligne P : Esbly - Crécy la Ch. du 04 au 22 juillet / <p>Période : à partir de 22h10<br>Dates : du lundi 04 au vendredi 22 juillet, sauf samedis et dimanches<br>Le trafic est interrompu entre Esbly et Crécy-la-Chapelle.<br>Un service de bus de remplacement est mis en place, avec desserte des gares intermédiaires.<br>Pour plus d'informations, <a href=""https://www.transilien.com/sites/transilien/files/20220704-p-esblycrecylachapelle-du4au22juillet.pdf"" target="""">cliquez ici pour télécharger l'affiche PDF.</a><br>Les horaires du calculateur d'itinéraire tiennent compte des travaux.<br>Motif : travaux.</p> / Ligne P : Esbly - Crécy la Ch. du 04 au 22 juillet";20220610T175510;Transilien Train Transilien P;b4d82e9c-e8d5-11ec-827b-005056a47b86;travaux
future;Incidents;30;perturbée;SIGNIFICANT_DELAYS;20220712T221000;20220712T230000;b4d82e9c-e8d5-11ec-827b-005056a47b86;" / Ligne P : Esbly - Crécy la Ch. du 04 au 22 juillet / <p>Période : à partir de 22h10<br>Dates : du lundi 04 au vendredi 22 juillet, sauf samedis et dimanches<br>Le trafic est interrompu entre Esbly et Crécy-la-Chapelle.<br>Un service de bus de remplacement est mis en place, avec desserte des gares intermédiaires.<br>Pour plus d'informations, <a href=""https://www.transilien.com/sites/transilien/files/20220704-p-esblycrecylachapelle-du4au22juillet.pdf"" target="""">cliquez ici pour télécharger l'affiche PDF.</a><br>Les horaires du calculateur d'itinéraire tiennent compte des travaux.<br>Motif : travaux.</p> / Ligne P : Esbly - Crécy la Ch. du 04 au 22 juillet";20220610T175510;Transilien Train Transilien P;b4d82e9c-e8d5-11ec-827b-005056a47b86;travaux
future;Incidents;30;perturbée;SIGNIFICANT_DELAYS;20220711T221000;20220711T230000;b4d82e9c-e8d5-11ec-827b-005056a47b86;" / Ligne P : Esbly - Crécy la Ch. du 04 au 22 juillet / <p>Période : à partir de 22h10<br>Dates : du lundi 04 au vendredi 22 juillet, sauf samedis et dimanches<br>Le trafic est interrompu entre Esbly et Crécy-la-Chapelle.<br>Un service de bus de remplacement est mis en place, avec desserte des gares intermédiaires.<br>Pour plus d'informations, <a href=""https://www.transilien.com/sites/transilien/files/20220704-p-esblycrecylachapelle-du4au22juillet.pdf"" target="""">cliquez ici pour télécharger l'affiche PDF.</a><br>Les horaires du calculateur d'itinéraire tiennent compte des travaux.<br>Motif : travaux.</p> / Ligne P : Esbly - Crécy la Ch. du 04 au 22 juillet";20220610T175510;Transilien Train Transilien P;b4d82e9c-e8d5-11ec-827b-005056a47b86;travaux
future;Incidents;30;perturbée;SIGNIFICANT_DELAYS;20220708T221000;20220708T230000;b4d82e9c-e8d5-11ec-827b-005056a47b86;" / Ligne P : Esbly - Crécy la Ch. du 04 au 22 juillet / <p>Période : à partir de 22h10<br>Dates : du lundi 04 au vendredi 22 juillet, sauf samedis et dimanches<br>Le trafic est interrompu entre Esbly et Crécy-la-Chapelle.<br>Un service de bus de remplacement est mis en place, avec desserte des gares intermédiaires.<br>Pour plus d'informations, <a href=""https://www.transilien.com/sites/transilien/files/20220704-p-esblycrecylachapelle-du4au22juillet.pdf"" target="""">cliquez ici pour télécharger l'affiche PDF.</a><br>Les horaires du calculateur d'itinéraire tiennent compte des travaux.<br>Motif : travaux.</p> / Ligne P : Esbly - Crécy la Ch. du 04 au 22 juillet";20220610T175510;Transilien Train Transilien P;b4d82e9c-e8d5-11ec-827b-005056a47b86;travaux
future;Incidents;30;perturbée;SIGNIFICANT_DELAYS;20220707T221000;20220707T230000;b4d82e9c-e8d5-11ec-827b-005056a47b86;" / Ligne P : Esbly - Crécy la Ch. du 04 au 22 juillet / <p>Période : à partir de 22h10<br>Dates : du lundi 04 au vendredi 22 juillet, sauf samedis et dimanches<br>Le trafic est interrompu entre Esbly et Crécy-la-Chapelle.<br>Un service de bus de remplacement est mis en place, avec desserte des gares intermédiaires.<br>Pour plus d'informations, <a href=""https://www.transilien.com/sites/transilien/files/20220704-p-esblycrecylachapelle-du4au22juillet.pdf"" target="""">cliquez ici pour télécharger l'affiche PDF.</a><br>Les horaires du calculateur d'itinéraire tiennent compte des travaux.<br>Motif : travaux.</p> / Ligne P : Esbly - Crécy la Ch. du 04 au 22 juillet";20220610T175510;Transilien Train Transilien P;b4d82e9c-e8d5-11ec-827b-005056a47b86;travaux
future;Incidents;30;perturbée;SIGNIFICANT_DELAYS;20220706T221000;20220706T230000;b4d82e9c-e8d5-11ec-827b-005056a47b86;" / Ligne P : Esbly - Crécy la Ch. du 04 au 22 juillet / <p>Période : à partir de 22h10<br>Dates : du lundi 04 au vendredi 22 juillet, sauf samedis et dimanches<br>Le trafic est interrompu entre Esbly et Crécy-la-Chapelle.<br>Un service de bus de remplacement est mis en place, avec desserte des gares intermédiaires.<br>Pour plus d'informations, <a href=""https://www.transilien.com/sites/transilien/files/20220704-p-esblycrecylachapelle-du4au22juillet.pdf"" target="""">cliquez ici pour télécharger l'affiche PDF.</a><br>Les horaires du calculateur d'itinéraire tiennent compte des travaux.<br>Motif : travaux.</p> / Ligne P : Esbly - Crécy la Ch. du 04 au 22 juillet";20220610T175510;Transilien Train Transilien P;b4d82e9c-e8d5-11ec-827b-005056a47b86;travaux
future;Incidents;30;perturbée;SIGNIFICANT_DELAYS;20220705T221000;20220705T230000;b4d82e9c-e8d5-11ec-827b-005056a47b86;" / Ligne P : Esbly - Crécy la Ch. du 04 au 22 juillet / <p>Période : à partir de 22h10<br>Dates : du lundi 04 au vendredi 22 juillet, sauf samedis et dimanches<br>Le trafic est interrompu entre Esbly et Crécy-la-Chapelle.<br>Un service de bus de remplacement est mis en place, avec desserte des gares intermédiaires.<br>Pour plus d'informations, <a href=""https://www.transilien.com/sites/transilien/files/20220704-p-esblycrecylachapelle-du4au22juillet.pdf"" target="""">cliquez ici pour télécharger l'affiche PDF.</a><br>Les horaires du calculateur d'itinéraire tiennent compte des travaux.<br>Motif : travaux.</p> / Ligne P : Esbly - Crécy la Ch. du 04 au 22 juillet";20220610T175510;Transilien Train Transilien P;b4d82e9c-e8d5-11ec-827b-005056a47b86;travaux
future;Incidents;30;perturbée;SIGNIFICANT_DELAYS;20220704T221000;20220704T230000;b4d82e9c-e8d5-11ec-827b-005056a47b86;" / Ligne P : Esbly - Crécy la Ch. du 04 au 22 juillet / <p>Période : à partir de 22h10<br>Dates : du lundi 04 au vendredi 22 juillet, sauf samedis et dimanches<br>Le trafic est interrompu entre Esbly et Crécy-la-Chapelle.<br>Un service de bus de remplacement est mis en place, avec desserte des gares intermédiaires.<br>Pour plus d'informations, <a href=""https://www.transilien.com/sites/transilien/files/20220704-p-esblycrecylachapelle-du4au22juillet.pdf"" target="""">cliquez ici pour télécharger l'affiche PDF.</a><br>Les horaires du calculateur d'itinéraire tiennent compte des travaux.<br>Motif : travaux.</p> / Ligne P : Esbly - Crécy la Ch. du 04 au 22 juillet";20220610T175510;Transilien Train Transilien P;b4d82e9c-e8d5-11ec-827b-005056a47b86;travaux
future;Incidents;30;perturbée;SIGNIFICANT_DELAYS;20220722T221000;20220722T230000;b4d82e9c-e8d5-11ec-827b-005056a47b86;" / Ligne P : Esbly - Crécy la Ch. du 04 au 22 juillet / <p>Période : à partir de 22h10<br>Dates : du lundi 04 au vendredi 22 juillet, sauf samedis et dimanches<br>Le trafic est interrompu entre Esbly et Crécy-la-Chapelle.<br>Un service de bus de remplacement est mis en place, avec desserte des gares intermédiaires.<br>Pour plus d'informations, <a href=""https://www.transilien.com/sites/transilien/files/20220704-p-esblycrecylachapelle-du4au22juillet.pdf"" target="""">cliquez ici pour télécharger l'affiche PDF.</a><br>Les horaires du calculateur d'itinéraire tiennent compte des travaux.<br>Motif : travaux.</p> / Ligne P : Esbly - Crécy la Ch. du 04 au 22 juillet";20220610T175510;Transilien Train Transilien P;b4d82e9c-e8d5-11ec-827b-005056a47b86;travaux
future;Incidents;30;perturbée;SIGNIFICANT_DELAYS;20220704T214500;20220705T020000;6882b6b0-e8d6-11ec-9900-005056a44da2;" / Ligne P : Paris Est - Meaux du 04 au 22 juillet / <p>Période : à partir de 21h50<br>Dates : du lundi 04 au vendredi 22 juillet, sauf samedis et dimanches<br>Le trafic est interrompu entre Paris Est et Meaux.<br>Un service de bus de remplacement est mis en place, avec desserte des gares intermédiaires.<br>Pour plus d'informations, <a href=""https://www.transilien.com/sites/transilien/files/sentinelle-20220704-p-parisest-meaux-4au22juillet.pdf"" target="""">cliquez ici pour télécharger l'affiche PDF.</a><br>Les horaires du calculateur d'itinéraire tiennent compte des travaux.<br>Motif : travaux.</p>";20220610T180011;Transilien Train Transilien P;6882b6b0-e8d6-11ec-9900-005056a44da2;travaux
future;Incidents;30;perturbée;SIGNIFICANT_DELAYS;20220705T214500;20220706T020000;6882b6b0-e8d6-11ec-9900-005056a44da2;" / Ligne P : Paris Est - Meaux du 04 au 22 juillet / <p>Période : à partir de 21h50<br>Dates : du lundi 04 au vendredi 22 juillet, sauf samedis et dimanches<br>Le trafic est interrompu entre Paris Est et Meaux.<br>Un service de bus de remplacement est mis en place, avec desserte des gares intermédiaires.<br>Pour plus d'informations, <a href=""https://www.transilien.com/sites/transilien/files/sentinelle-20220704-p-parisest-meaux-4au22juillet.pdf"" target="""">cliquez ici pour télécharger l'affiche PDF.</a><br>Les horaires du calculateur d'itinéraire tiennent compte des travaux.<br>Motif : travaux.</p>";20220610T180011;Transilien Train Transilien P;6882b6b0-e8d6-11ec-9900-005056a44da2;travaux
future;Incidents;30;perturbée;SIGNIFICANT_DELAYS;20220722T214500;20220723T020000;6882b6b0-e8d6-11ec-9900-005056a44da2;" / Ligne P : Paris Est - Meaux du 04 au 22 juillet / <p>Période : à partir de 21h50<br>Dates : du lundi 04 au vendredi 22 juillet, sauf samedis et dimanches<br>Le trafic est interrompu entre Paris Est et Meaux.<br>Un service de bus de remplacement est mis en place, avec desserte des gares intermédiaires.<br>Pour plus d'informations, <a href=""https://www.transilien.com/sites/transilien/files/sentinelle-20220704-p-parisest-meaux-4au22juillet.pdf"" target="""">cliquez ici pour télécharger l'affiche PDF.</a><br>Les horaires du calculateur d'itinéraire tiennent compte des travaux.<br>Motif : travaux.</p>";20220610T180011;Transilien Train Transilien P;6882b6b0-e8d6-11ec-9900-005056a44da2;travaux
future;Incidents;30;perturbée;SIGNIFICANT_DELAYS;20220721T214500;20220722T020000;6882b6b0-e8d6-11ec-9900-005056a44da2;" / Ligne P : Paris Est - Meaux du 04 au 22 juillet / <p>Période : à partir de 21h50<br>Dates : du lundi 04 au vendredi 22 juillet, sauf samedis et dimanches<br>Le trafic est interrompu entre Paris Est et Meaux.<br>Un service de bus de remplacement est mis en place, avec desserte des gares intermédiaires.<br>Pour plus d'informations, <a href=""https://www.transilien.com/sites/transilien/files/sentinelle-20220704-p-parisest-meaux-4au22juillet.pdf"" target="""">cliquez ici pour télécharger l'affiche PDF.</a><br>Les horaires du calculateur d'itinéraire tiennent compte des travaux.<br>Motif : travaux.</p>";20220610T180011;Transilien Train Transilien P;6882b6b0-e8d6-11ec-9900-005056a44da2;travaux
future;Incidents;30;perturbée;SIGNIFICANT_DELAYS;20220720T214500;20220721T020000;6882b6b0-e8d6-11ec-9900-005056a44da2;" / Ligne P : Paris Est - Meaux du 04 au 22 juillet / <p>Période : à partir de 21h50<br>Dates : du lundi 04 au vendredi 22 juillet, sauf samedis et dimanches<br>Le trafic est interrompu entre Paris Est et Meaux.<br>Un service de bus de remplacement est mis en place, avec desserte des gares intermédiaires.<br>Pour plus d'informations, <a href=""https://www.transilien.com/sites/transilien/files/sentinelle-20220704-p-parisest-meaux-4au22juillet.pdf"" target="""">cliquez ici pour télécharger l'affiche PDF.</a><br>Les horaires du calculateur d'itinéraire tiennent compte des travaux.<br>Motif : travaux.</p>";20220610T180011;Transilien Train Transilien P;6882b6b0-e8d6-11ec-9900-005056a44da2;travaux
future;Incidents;30;perturbée;SIGNIFICANT_DELAYS;20220719T214500;20220720T020000;6882b6b0-e8d6-11ec-9900-005056a44da2;" / Ligne P : Paris Est - Meaux du 04 au 22 juillet / <p>Période : à partir de 21h50<br>Dates : du lundi 04 au vendredi 22 juillet, sauf samedis et dimanches<br>Le trafic est interrompu entre Paris Est et Meaux.<br>Un service de bus de remplacement est mis en place, avec desserte des gares intermédiaires.<br>Pour plus d'informations, <a href=""https://www.transilien.com/sites/transilien/files/sentinelle-20220704-p-parisest-meaux-4au22juillet.pdf"" target="""">cliquez ici pour télécharger l'affiche PDF.</a><br>Les horaires du calculateur d'itinéraire tiennent compte des travaux.<br>Motif : travaux.</p>";20220610T180011;Transilien Train Transilien P;6882b6b0-e8d6-11ec-9900-005056a44da2;travaux
future;Incidents;30;perturbée;SIGNIFICANT_DELAYS;20220718T214500;20220719T020000;6882b6b0-e8d6-11ec-9900-005056a44da2;" / Ligne P : Paris Est - Meaux du 04 au 22 juillet / <p>Période : à partir de 21h50<br>Dates : du lundi 04 au vendredi 22 juillet, sauf samedis et dimanches<br>Le trafic est interrompu entre Paris Est et Meaux.<br>Un service de bus de remplacement est mis en place, avec desserte des gares intermédiaires.<br>Pour plus d'informations, <a href=""https://www.transilien.com/sites/transilien/files/sentinelle-20220704-p-parisest-meaux-4au22juillet.pdf"" target="""">cliquez ici pour télécharger l'affiche PDF.</a><br>Les horaires du calculateur d'itinéraire tiennent compte des travaux.<br>Motif : travaux.</p>";20220610T180011;Transilien Train Transilien P;6882b6b0-e8d6-11ec-9900-005056a44da2;travaux
future;Incidents;30;perturbée;SIGNIFICANT_DELAYS;20220715T214500;20220716T020000;6882b6b0-e8d6-11ec-9900-005056a44da2;" / Ligne P : Paris Est - Meaux du 04 au 22 juillet / <p>Période : à partir de 21h50<br>Dates : du lundi 04 au vendredi 22 juillet, sauf samedis et dimanches<br>Le trafic est interrompu entre Paris Est et Meaux.<br>Un service de bus de remplacement est mis en place, avec desserte des gares intermédiaires.<br>Pour plus d'informations, <a href=""https://www.transilien.com/sites/transilien/files/sentinelle-20220704-p-parisest-meaux-4au22juillet.pdf"" target="""">cliquez ici pour télécharger l'affiche PDF.</a><br>Les horaires du calculateur d'itinéraire tiennent compte des travaux.<br>Motif : travaux.</p>";20220610T180011;Transilien Train Transilien P;6882b6b0-e8d6-11ec-9900-005056a44da2;travaux
future;Incidents;30;perturbée;SIGNIFICANT_DELAYS;20220714T214500;20220715T020000;6882b6b0-e8d6-11ec-9900-005056a44da2;" / Ligne P : Paris Est - Meaux du 04 au 22 juillet / <p>Période : à partir de 21h50<br>Dates : du lundi 04 au vendredi 22 juillet, sauf samedis et dimanches<br>Le trafic est interrompu entre Paris Est et Meaux.<br>Un service de bus de remplacement est mis en place, avec desserte des gares intermédiaires.<br>Pour plus d'informations, <a href=""https://www.transilien.com/sites/transilien/files/sentinelle-20220704-p-parisest-meaux-4au22juillet.pdf"" target="""">cliquez ici pour télécharger l'affiche PDF.</a><br>Les horaires du calculateur d'itinéraire tiennent compte des travaux.<br>Motif : travaux.</p>";20220610T180011;Transilien Train Transilien P;6882b6b0-e8d6-11ec-9900-005056a44da2;travaux
future;Incidents;30;perturbée;SIGNIFICANT_DELAYS;20220713T214500;20220714T020000;6882b6b0-e8d6-11ec-9900-005056a44da2;" / Ligne P : Paris Est - Meaux du 04 au 22 juillet / <p>Période : à partir de 21h50<br>Dates : du lundi 04 au vendredi 22 juillet, sauf samedis et dimanches<br>Le trafic est interrompu entre Paris Est et Meaux.<br>Un service de bus de remplacement est mis en place, avec desserte des gares intermédiaires.<br>Pour plus d'informations, <a href=""https://www.transilien.com/sites/transilien/files/sentinelle-20220704-p-parisest-meaux-4au22juillet.pdf"" target="""">cliquez ici pour télécharger l'affiche PDF.</a><br>Les horaires du calculateur d'itinéraire tiennent compte des travaux.<br>Motif : travaux.</p>";20220610T180011;Transilien Train Transilien P;6882b6b0-e8d6-11ec-9900-005056a44da2;travaux
future;Incidents;30;perturbée;SIGNIFICANT_DELAYS;20220712T214500;20220713T020000;6882b6b0-e8d6-11ec-9900-005056a44da2;" / Ligne P : Paris Est - Meaux du 04 au 22 juillet / <p>Période : à partir de 21h50<br>Dates : du lundi 04 au vendredi 22 juillet, sauf samedis et dimanches<br>Le trafic est interrompu entre Paris Est et Meaux.<br>Un service de bus de remplacement est mis en place, avec desserte des gares intermédiaires.<br>Pour plus d'informations, <a href=""https://www.transilien.com/sites/transilien/files/sentinelle-20220704-p-parisest-meaux-4au22juillet.pdf"" target="""">cliquez ici pour télécharger l'affiche PDF.</a><br>Les horaires du calculateur d'itinéraire tiennent compte des travaux.<br>Motif : travaux.</p>";20220610T180011;Transilien Train Transilien P;6882b6b0-e8d6-11ec-9900-005056a44da2;travaux
future;Incidents;30;perturbée;SIGNIFICANT_DELAYS;20220711T214500;20220712T020000;6882b6b0-e8d6-11ec-9900-005056a44da2;" / Ligne P : Paris Est - Meaux du 04 au 22 juillet / <p>Période : à partir de 21h50<br>Dates : du lundi 04 au vendredi 22 juillet, sauf samedis et dimanches<br>Le trafic est interrompu entre Paris Est et Meaux.<br>Un service de bus de remplacement est mis en place, avec desserte des gares intermédiaires.<br>Pour plus d'informations, <a href=""https://www.transilien.com/sites/transilien/files/sentinelle-20220704-p-parisest-meaux-4au22juillet.pdf"" target="""">cliquez ici pour télécharger l'affiche PDF.</a><br>Les horaires du calculateur d'itinéraire tiennent compte des travaux.<br>Motif : travaux.</p>";20220610T180011;Transilien Train Transilien P;6882b6b0-e8d6-11ec-9900-005056a44da2;travaux
future;Incidents;30;perturbée;SIGNIFICANT_DELAYS;20220708T214500;20220709T020000;6882b6b0-e8d6-11ec-9900-005056a44da2;" / Ligne P : Paris Est - Meaux du 04 au 22 juillet / <p>Période : à partir de 21h50<br>Dates : du lundi 04 au vendredi 22 juillet, sauf samedis et dimanches<br>Le trafic est interrompu entre Paris Est et Meaux.<br>Un service de bus de remplacement est mis en place, avec desserte des gares intermédiaires.<br>Pour plus d'informations, <a href=""https://www.transilien.com/sites/transilien/files/sentinelle-20220704-p-parisest-meaux-4au22juillet.pdf"" target="""">cliquez ici pour télécharger l'affiche PDF.</a><br>Les horaires du calculateur d'itinéraire tiennent compte des travaux.<br>Motif : travaux.</p>";20220610T180011;Transilien Train Transilien P;6882b6b0-e8d6-11ec-9900-005056a44da2;travaux
future;Incidents;30;perturbée;SIGNIFICANT_DELAYS;20220707T214500;20220708T020000;6882b6b0-e8d6-11ec-9900-005056a44da2;" / Ligne P : Paris Est - Meaux du 04 au 22 juillet / <p>Période : à partir de 21h50<br>Dates : du lundi 04 au vendredi 22 juillet, sauf samedis et dimanches<br>Le trafic est interrompu entre Paris Est et Meaux.<br>Un service de bus de remplacement est mis en place, avec desserte des gares intermédiaires.<br>Pour plus d'informations, <a href=""https://www.transilien.com/sites/transilien/files/sentinelle-20220704-p-parisest-meaux-4au22juillet.pdf"" target="""">cliquez ici pour télécharger l'affiche PDF.</a><br>Les horaires du calculateur d'itinéraire tiennent compte des travaux.<br>Motif : travaux.</p>";20220610T180011;Transilien Train Transilien P;6882b6b0-e8d6-11ec-9900-005056a44da2;travaux
future;Incidents;30;perturbée;SIGNIFICANT_DELAYS;20220706T214500;20220707T020000;6882b6b0-e8d6-11ec-9900-005056a44da2;" / Ligne P : Paris Est - Meaux du 04 au 22 juillet / <p>Période : à partir de 21h50<br>Dates : du lundi 04 au vendredi 22 juillet, sauf samedis et dimanches<br>Le trafic est interrompu entre Paris Est et Meaux.<br>Un service de bus de remplacement est mis en place, avec desserte des gares intermédiaires.<br>Pour plus d'informations, <a href=""https://www.transilien.com/sites/transilien/files/sentinelle-20220704-p-parisest-meaux-4au22juillet.pdf"" target="""">cliquez ici pour télécharger l'affiche PDF.</a><br>Les horaires du calculateur d'itinéraire tiennent compte des travaux.<br>Motif : travaux.</p>";20220610T180011;Transilien Train Transilien P;6882b6b0-e8d6-11ec-9900-005056a44da2;travaux
future;Incidents;30;perturbée;SIGNIFICANT_DELAYS;20220713T135300;20220714T020000;f4d43710-eb15-11ec-adb7-005056a47b86;" / Ligne J : Paris - Mantes-la-Jolie. du 04 au 14/07 / <p>Période : à partir de 21h45<br>Dates : du lundi 04 au jeudi 14 juillet sauf vendredi 08, le samedi 09 et le dimanche 10 juillet.<br>  <br>Le trafic est interrompu entre Paris Saint-Lazare et Mantes-la-Jolie via Poissy.<br>Un service de bus de remplacement est mis en place entre Sartrouville et Mantes la Jolie, avec desserte des gares intermédiaires.<br><a href=""https://www.transilien.com/sites/transilien/files/sentinelle-20220704-j-parisstlazare-mantesviapoissy-4au14juillet.pdf"" target="""">Pour plus d'informations, cliquez ici pour télécharger l'affiche PDF.</a><br>Les horaires du calculateur d'itinéraire tiennent compte des travaux.<br>Motif : travaux.</p>";20220613T144007;Transilien Train Transilien J;f4d43710-eb15-11ec-adb7-005056a47b86;travaux
future;Incidents;30;perturbée;SIGNIFICANT_DELAYS;20220712T135300;20220713T020000;f4d43710-eb15-11ec-adb7-005056a47b86;" / Ligne J : Paris - Mantes-la-Jolie. du 04 au 14/07 / <p>Période : à partir de 21h45<br>Dates : du lundi 04 au jeudi 14 juillet sauf vendredi 08, le samedi 09 et le dimanche 10 juillet.<br>  <br>Le trafic est interrompu entre Paris Saint-Lazare et Mantes-la-Jolie via Poissy.<br>Un service de bus de remplacement est mis en place entre Sartrouville et Mantes la Jolie, avec desserte des gares intermédiaires.<br><a href=""https://www.transilien.com/sites/transilien/files/sentinelle-20220704-j-parisstlazare-mantesviapoissy-4au14juillet.pdf"" target="""">Pour plus d'informations, cliquez ici pour télécharger l'affiche PDF.</a><br>Les horaires du calculateur d'itinéraire tiennent compte des travaux.<br>Motif : travaux.</p>";20220613T144007;Transilien Train Transilien J;f4d43710-eb15-11ec-adb7-005056a47b86;travaux
future;Incidents;30;perturbée;SIGNIFICANT_DELAYS;20220711T135300;20220712T020000;f4d43710-eb15-11ec-adb7-005056a47b86;" / Ligne J : Paris - Mantes-la-Jolie. du 04 au 14/07 / <p>Période : à partir de 21h45<br>Dates : du lundi 04 au jeudi 14 juillet sauf vendredi 08, le samedi 09 et le dimanche 10 juillet.<br>  <br>Le trafic est interrompu entre Paris Saint-Lazare et Mantes-la-Jolie via Poissy.<br>Un service de bus de remplacement est mis en place entre Sartrouville et Mantes la Jolie, avec desserte des gares intermédiaires.<br><a href=""https://www.transilien.com/sites/transilien/files/sentinelle-20220704-j-parisstlazare-mantesviapoissy-4au14juillet.pdf"" target="""">Pour plus d'informations, cliquez ici pour télécharger l'affiche PDF.</a><br>Les horaires du calculateur d'itinéraire tiennent compte des travaux.<br>Motif : travaux.</p>";20220613T144007;Transilien Train Transilien J;f4d43710-eb15-11ec-adb7-005056a47b86;travaux
future;Incidents;30;perturbée;SIGNIFICANT_DELAYS;20220707T135300;20220708T020000;f4d43710-eb15-11ec-adb7-005056a47b86;" / Ligne J : Paris - Mantes-la-Jolie. du 04 au 14/07 / <p>Période : à partir de 21h45<br>Dates : du lundi 04 au jeudi 14 juillet sauf vendredi 08, le samedi 09 et le dimanche 10 juillet.<br>  <br>Le trafic est interrompu entre Paris Saint-Lazare et Mantes-la-Jolie via Poissy.<br>Un service de bus de remplacement est mis en place entre Sartrouville et Mantes la Jolie, avec desserte des gares intermédiaires.<br><a href=""https://www.transilien.com/sites/transilien/files/sentinelle-20220704-j-parisstlazare-mantesviapoissy-4au14juillet.pdf"" target="""">Pour plus d'informations, cliquez ici pour télécharger l'affiche PDF.</a><br>Les horaires du calculateur d'itinéraire tiennent compte des travaux.<br>Motif : travaux.</p>";20220613T144007;Transilien Train Transilien J;f4d43710-eb15-11ec-adb7-005056a47b86;travaux
future;Incidents;30;perturbée;SIGNIFICANT_DELAYS;20220706T135300;20220707T020000;f4d43710-eb15-11ec-adb7-005056a47b86;" / Ligne J : Paris - Mantes-la-Jolie. du 04 au 14/07 / <p>Période : à partir de 21h45<br>Dates : du lundi 04 au jeudi 14 juillet sauf vendredi 08, le samedi 09 et le dimanche 10 juillet.<br>  <br>Le trafic est interrompu entre Paris Saint-Lazare et Mantes-la-Jolie via Poissy.<br>Un service de bus de remplacement est mis en place entre Sartrouville et Mantes la Jolie, avec desserte des gares intermédiaires.<br><a href=""https://www.transilien.com/sites/transilien/files/sentinelle-20220704-j-parisstlazare-mantesviapoissy-4au14juillet.pdf"" target="""">Pour plus d'informations, cliquez ici pour télécharger l'affiche PDF.</a><br>Les horaires du calculateur d'itinéraire tiennent compte des travaux.<br>Motif : travaux.</p>";20220613T144007;Transilien Train Transilien J;f4d43710-eb15-11ec-adb7-005056a47b86;travaux
future;Incidents;30;perturbée;SIGNIFICANT_DELAYS;20220705T135300;20220706T020000;f4d43710-eb15-11ec-adb7-005056a47b86;" / Ligne J : Paris - Mantes-la-Jolie. du 04 au 14/07 / <p>Période : à partir de 21h45<br>Dates : du lundi 04 au jeudi 14 juillet sauf vendredi 08, le samedi 09 et le dimanche 10 juillet.<br>  <br>Le trafic est interrompu entre Paris Saint-Lazare et Mantes-la-Jolie via Poissy.<br>Un service de bus de remplacement est mis en place entre Sartrouville et Mantes la Jolie, avec desserte des gares intermédiaires.<br><a href=""https://www.transilien.com/sites/transilien/files/sentinelle-20220704-j-parisstlazare-mantesviapoissy-4au14juillet.pdf"" target="""">Pour plus d'informations, cliquez ici pour télécharger l'affiche PDF.</a><br>Les horaires du calculateur d'itinéraire tiennent compte des travaux.<br>Motif : travaux.</p>";20220613T144007;Transilien Train Transilien J;f4d43710-eb15-11ec-adb7-005056a47b86;travaux
future;Incidents;30;perturbée;SIGNIFICANT_DELAYS;20220704T135300;20220705T020000;f4d43710-eb15-11ec-adb7-005056a47b86;" / Ligne J : Paris - Mantes-la-Jolie. du 04 au 14/07 / <p>Période : à partir de 21h45<br>Dates : du lundi 04 au jeudi 14 juillet sauf vendredi 08, le samedi 09 et le dimanche 10 juillet.<br>  <br>Le trafic est interrompu entre Paris Saint-Lazare et Mantes-la-Jolie via Poissy.<br>Un service de bus de remplacement est mis en place entre Sartrouville et Mantes la Jolie, avec desserte des gares intermédiaires.<br><a href=""https://www.transilien.com/sites/transilien/files/sentinelle-20220704-j-parisstlazare-mantesviapoissy-4au14juillet.pdf"" target="""">Pour plus d'informations, cliquez ici pour télécharger l'affiche PDF.</a><br>Les horaires du calculateur d'itinéraire tiennent compte des travaux.<br>Motif : travaux.</p>";20220613T144007;Transilien Train Transilien J;f4d43710-eb15-11ec-adb7-005056a47b86;travaux
future;Incidents;30;perturbée;SIGNIFICANT_DELAYS;20220714T135300;20220715T020000;f4d43710-eb15-11ec-adb7-005056a47b86;" / Ligne J : Paris - Mantes-la-Jolie. du 04 au 14/07 / <p>Période : à partir de 21h45<br>Dates : du lundi 04 au jeudi 14 juillet sauf vendredi 08, le samedi 09 et le dimanche 10 juillet.<br>  <br>Le trafic est interrompu entre Paris Saint-Lazare et Mantes-la-Jolie via Poissy.<br>Un service de bus de remplacement est mis en place entre Sartrouville et Mantes la Jolie, avec desserte des gares intermédiaires.<br><a href=""https://www.transilien.com/sites/transilien/files/sentinelle-20220704-j-parisstlazare-mantesviapoissy-4au14juillet.pdf"" target="""">Pour plus d'informations, cliquez ici pour télécharger l'affiche PDF.</a><br>Les horaires du calculateur d'itinéraire tiennent compte des travaux.<br>Motif : travaux.</p>";20220613T144007;Transilien Train Transilien J;f4d43710-eb15-11ec-adb7-005056a47b86;travaux
future;Incidents;30;perturbée;SIGNIFICANT_DELAYS;20220715T220000;20220716T020000;adb54b7a-eb34-11ec-ab66-005056a44da2;" / Ligne L : Paris - Maisons Laffitte 08 et 15/07 / <p>Période : à partir de 22h<br>Dates : les vendredis 08 et 15 juillet<br>Le trafic est interrompu entre Paris Saint-Lazare et Nanterre Université / Maisons-Laffitte.<br>Un service de bus de remplacement est mis en place entre Bécon les Bruyères et Sartrouville, avec desserte des gares intermédiaires.<br>Des travaux ont également lieu sur la ligne A en soirée :<br>Le trafic est interrompu entre Nanterre Préfecture et Cergy / Poissy.<br><a href=""https://www.transilien.com/sites/transilien/files/sentinelle-al-cergy-poissy-8au15juillet.pdf"" target="""">Pour plus d'informations, cliquez ici pour télécharger l'affiche PDF.</a><br>Les horaires du calculateur d'itinéraire tiennent compte des travaux.<br>Motif : travaux.</p>";20220613T182002;Transilien Train Transilien L;adb54b7a-eb34-11ec-ab66-005056a44da2;travaux
future;Incidents;30;perturbée;SIGNIFICANT_DELAYS;20220708T220000;20220709T020000;adb54b7a-eb34-11ec-ab66-005056a44da2;" / Ligne L : Paris - Maisons Laffitte 08 et 15/07 / <p>Période : à partir de 22h<br>Dates : les vendredis 08 et 15 juillet<br>Le trafic est interrompu entre Paris Saint-Lazare et Nanterre Université / Maisons-Laffitte.<br>Un service de bus de remplacement est mis en place entre Bécon les Bruyères et Sartrouville, avec desserte des gares intermédiaires.<br>Des travaux ont également lieu sur la ligne A en soirée :<br>Le trafic est interrompu entre Nanterre Préfecture et Cergy / Poissy.<br><a href=""https://www.transilien.com/sites/transilien/files/sentinelle-al-cergy-poissy-8au15juillet.pdf"" target="""">Pour plus d'informations, cliquez ici pour télécharger l'affiche PDF.</a><br>Les horaires du calculateur d'itinéraire tiennent compte des travaux.<br>Motif : travaux.</p>";20220613T182002;Transilien Train Transilien L;adb54b7a-eb34-11ec-ab66-005056a44da2;travaux
future;Incidents;30;perturbée;SIGNIFICANT_DELAYS;20220709T225000;20220710T025000;793c7f14-ebf5-11ec-9d57-005056a47b86;" / Ligne P : Paris Est - Meaux du 09 au 24 juillet / <p>Période : dès 22h50<br>Dates :<br>- le samedi 9 et le dimanche 10 juillet<br>- le samedi 16 et le dimanche 17 juillet<br>- le samedi 23 et le dimanche 24 juillet<br>Le trafic est interrompu entre Paris Est et Meaux.<br>Un service de bus de remplacement est mis en place, avec desserte des gares intermédiaires.<br>Pour plus d'informations, <a href=""https://www.transilien.com/sites/transilien/files/sentinelle-20220709-p-paris-meaux-bus-09au24juillet.pdf"" target="""">cliquez ici pour télécharger l'affiche PDF</a>.<br>Les horaires du calculateur d'itinéraire tiennent compte des travaux.<br>Motif : travaux.</p>";20220614T172007;Transilien Train Transilien P;793c7f14-ebf5-11ec-9d57-005056a47b86;travaux
future;Incidents;30;perturbée;SIGNIFICANT_DELAYS;20220710T225000;20220711T025000;793c7f14-ebf5-11ec-9d57-005056a47b86;" / Ligne P : Paris Est - Meaux du 09 au 24 juillet / <p>Période : dès 22h50<br>Dates :<br>- le samedi 9 et le dimanche 10 juillet<br>- le samedi 16 et le dimanche 17 juillet<br>- le samedi 23 et le dimanche 24 juillet<br>Le trafic est interrompu entre Paris Est et Meaux.<br>Un service de bus de remplacement est mis en place, avec desserte des gares intermédiaires.<br>Pour plus d'informations, <a href=""https://www.transilien.com/sites/transilien/files/sentinelle-20220709-p-paris-meaux-bus-09au24juillet.pdf"" target="""">cliquez ici pour télécharger l'affiche PDF</a>.<br>Les horaires du calculateur d'itinéraire tiennent compte des travaux.<br>Motif : travaux.</p>";20220614T172007;Transilien Train Transilien P;793c7f14-ebf5-11ec-9d57-005056a47b86;travaux
future;Incidents;30;perturbée;SIGNIFICANT_DELAYS;20220724T225000;20220725T025000;793c7f14-ebf5-11ec-9d57-005056a47b86;" / Ligne P : Paris Est - Meaux du 09 au 24 juillet / <p>Période : dès 22h50<br>Dates :<br>- le samedi 9 et le dimanche 10 juillet<br>- le samedi 16 et le dimanche 17 juillet<br>- le samedi 23 et le dimanche 24 juillet<br>Le trafic est interrompu entre Paris Est et Meaux.<br>Un service de bus de remplacement est mis en place, avec desserte des gares intermédiaires.<br>Pour plus d'informations, <a href=""https://www.transilien.com/sites/transilien/files/sentinelle-20220709-p-paris-meaux-bus-09au24juillet.pdf"" target="""">cliquez ici pour télécharger l'affiche PDF</a>.<br>Les horaires du calculateur d'itinéraire tiennent compte des travaux.<br>Motif : travaux.</p>";20220614T172007;Transilien Train Transilien P;793c7f14-ebf5-11ec-9d57-005056a47b86;travaux
future;Incidents;30;perturbée;SIGNIFICANT_DELAYS;20220723T225000;20220724T025000;793c7f14-ebf5-11ec-9d57-005056a47b86;" / Ligne P : Paris Est - Meaux du 09 au 24 juillet / <p>Période : dès 22h50<br>Dates :<br>- le samedi 9 et le dimanche 10 juillet<br>- le samedi 16 et le dimanche 17 juillet<br>- le samedi 23 et le dimanche 24 juillet<br>Le trafic est interrompu entre Paris Est et Meaux.<br>Un service de bus de remplacement est mis en place, avec desserte des gares intermédiaires.<br>Pour plus d'informations, <a href=""https://www.transilien.com/sites/transilien/files/sentinelle-20220709-p-paris-meaux-bus-09au24juillet.pdf"" target="""">cliquez ici pour télécharger l'affiche PDF</a>.<br>Les horaires du calculateur d'itinéraire tiennent compte des travaux.<br>Motif : travaux.</p>";20220614T172007;Transilien Train Transilien P;793c7f14-ebf5-11ec-9d57-005056a47b86;travaux
future;Incidents;30;perturbée;SIGNIFICANT_DELAYS;20220717T225000;20220718T025000;793c7f14-ebf5-11ec-9d57-005056a47b86;" / Ligne P : Paris Est - Meaux du 09 au 24 juillet / <p>Période : dès 22h50<br>Dates :<br>- le samedi 9 et le dimanche 10 juillet<br>- le samedi 16 et le dimanche 17 juillet<br>- le samedi 23 et le dimanche 24 juillet<br>Le trafic est interrompu entre Paris Est et Meaux.<br>Un service de bus de remplacement est mis en place, avec desserte des gares intermédiaires.<br>Pour plus d'informations, <a href=""https://www.transilien.com/sites/transilien/files/sentinelle-20220709-p-paris-meaux-bus-09au24juillet.pdf"" target="""">cliquez ici pour télécharger l'affiche PDF</a>.<br>Les horaires du calculateur d'itinéraire tiennent compte des travaux.<br>Motif : travaux.</p>";20220614T172007;Transilien Train Transilien P;793c7f14-ebf5-11ec-9d57-005056a47b86;travaux
future;Incidents;30;perturbée;SIGNIFICANT_DELAYS;20220716T225000;20220717T025000;793c7f14-ebf5-11ec-9d57-005056a47b86;" / Ligne P : Paris Est - Meaux du 09 au 24 juillet / <p>Période : dès 22h50<br>Dates :<br>- le samedi 9 et le dimanche 10 juillet<br>- le samedi 16 et le dimanche 17 juillet<br>- le samedi 23 et le dimanche 24 juillet<br>Le trafic est interrompu entre Paris Est et Meaux.<br>Un service de bus de remplacement est mis en place, avec desserte des gares intermédiaires.<br>Pour plus d'informations, <a href=""https://www.transilien.com/sites/transilien/files/sentinelle-20220709-p-paris-meaux-bus-09au24juillet.pdf"" target="""">cliquez ici pour télécharger l'affiche PDF</a>.<br>Les horaires du calculateur d'itinéraire tiennent compte des travaux.<br>Motif : travaux.</p>";20220614T172007;Transilien Train Transilien P;793c7f14-ebf5-11ec-9d57-005056a47b86;travaux
future;Incidents;30;perturbée;SIGNIFICANT_DELAYS;20220715T050000;20220715T224500;60d64a72-ecd6-11ec-92fe-005056a44da2;" / Ligne J : Epône - Mantes - Vernon vendredi 15/07 / <p>Période : toute la journée, jusqu'à 22h45<br>Date : vendredi 15 juillet<br>Le trafic est interrompu entre Épône - Mézières et Mantes-la-Jolie et entre Mantes-la-Jolie et Vernon - Giverny.<br>Un service de bus de remplacement est mis en place entre  Épône - Mézières et Mantes-la-Jolie et entre Mantes-la-Jolie et Vernon - Giverny, avec desserte des gares intermédiaires.<br><a href=""https://www.transilien.com/sites/transilien/files/sentinelle-20220715-j-epone-mantes-vernon-vendredi15juillet.pdf"" target="""">Pour plus d'informations, cliquez ici pour télécharger l'affiche PDF.</a><br>Les horaires du calculateur d'itinéraire tiennent compte des travaux.<br>Motif : travaux.</p>";20220615T201003;Transilien Train Transilien J;60d64a72-ecd6-11ec-92fe-005056a44da2;travaux
future;Incidents;30;perturbée;SIGNIFICANT_DELAYS;20220716T050000;20220718T020000;10e74e92-ee27-11ec-ab66-005056a44da2;" / Ligne J : Paris St-Lazare - Mantes les 16 et 17/07 / <p>Période : toute la journée<br>Dates : samedi 16 et dimanche 17 juillet  <br>Le trafic est interrompu entre Paris Saint-Lazare et Mantes-la-Jolie via Poissy.<br>Un service de bus de remplacement est mis en place entre Les Mureaux et Mantes-la-Jolie, avec desserte des gares intermédiaires. <br>Renforcement des lignes régulières:<br>- Express A 14 entre La Défense et Mantes la Jolie ainsi que La Défense et Les Mureaux<br>- Express 80 entre Les Mureaux et Mantes la Jolie le samedi 16 juillet.<br>- L26 entre Poissy et Les Mureaux<br>- L24 entre Poissy et St Germain<br>Des travaux ont également lieu sur les lignes L et A.<br><a href=""https://www.transilien.com/sites/transilien/files/sentinelle-laj-paris-maisonslaffitte-cergy-poissy-les16et17juillet-v2.pdf"" target="""">Pour plus d'informations, cliquez ici pour télécharger l'affiche PDF.</a><br>Les horaires du calculateur d'itinéraire tiennent compte des travaux.<br>Motif : travaux.</p> / Ligne J : Paris St-Lazare - Mantes les 16 et 17/07";20220617T122009;Transilien Train Transilien J;10e74e92-ee27-11ec-ab66-005056a44da2;travaux
future;Incidents;30;perturbée;SIGNIFICANT_DELAYS;20220716T050000;20220718T020000;c38fa062-ee27-11ec-adb7-005056a47b86;" / Ligne L : Houilles-C. - Maisons L. les 16 et 17/07 / <p>Période : toute la journée<br>Dates : samedi 16 et dimanche 17 juillet  <br>Le trafic est interrompu entre Houilles - Carrières-sur-Seine et Maisons-Laffitte. Moins de trains en gare de La Garenne Colombes.<br>Un service de bus de remplacement est mis en place, avec desserte des gares intermédiaires entre La Garenne Colombes et Poissy.<br>Un service de bus de remplacement direct est mis en place entre Nanterre Université et Poissy.<br>Renforcement de la ligne régulière : L24 entre Poissy et St Germain en Laye.<br>Des trains circulent entre Cergy le Haut et Poissy dans les deux sens.<br>Des travaux ont également lieu sur les lignes A et J : <br>Ligne A : le trafic est interrompu entre Nanterre Préfecture et Cergy le Haut / Poissy.<br>Ligne J : le trafic est interrompu entre Paris Saint-Lazare / Mantes la Jolie via Poissy.<br><a href=""https://www.transilien.com/sites/transilien/files/sentinelle-laj-paris-maisonslaffitte-cergy-poissy-les16et17juillet-v2.pdf"" target="""">Pour plus d'informations, cliquez ici pour télécharger l'affiche PDF.</a><br>Les horaires du calculateur d'itinéraire tiennent compte des travaux.<br>Motif : travaux.</p> / Ligne L : Houilles-C. - Maisons L. les 16 et 17/07";20220617T122509;Transilien Train Transilien L;c38fa062-ee27-11ec-adb7-005056a47b86;travaux
future;Incidents;30;perturbée;SIGNIFICANT_DELAYS;20220802T010000;20220802T023000;db4a5dea-f0ad-11ec-b4fc-005056a47b86;" / Ligne N : Paris vers Rambouillet du 01 au 12 août. / <p>Période : soirées à partir de 01H05.<br>Dates : du lundi 1er août au vendredi 12 août sauf les samedis et dimanches.<br>Le trafic est interrompu de Paris Montparnasse vers Rambouillet et Versailles Chantiers.<br>Un service de bus de remplacement est mis en place, avec desserte des gares intermédiaire.<br><a href=""https://www.transilien.com/sites/transilien/files/sentinelle-20220801-n-parisversaillesrambouillet-du1erau12aout.pdf"" target="""">Pour plus d'informations sur les bus de remplacement du lundi 1er août au vendredi 12 août (sauf samedis et dimanches), cliquez ici pour télécharger l'affiche PDF.​</a>​<br>Les horaires du calculateur d'itinéraire tiennent compte des travaux.<br>Motif : travaux.</p> / <p>Période : soirées à partir de 01H05.<br>Dates : du lundi 1er août au vendredi 12 août sauf les samedis et dimanches.<br>Le trafic est interrompu de Paris Montparnasse vers Rambouillet et Versailles Chantiers.<br>Un service de bus de remplacement est mis en place, avec desserte des gares intermédiaire.<br><a href=""https://www.transilien.com/sites/transilien/files/sentinelle-20220801-n-parisversaillesrambouillet-du1erau12aout.pdf"" target="""">Pour plus d'informations sur les bus de remplacement du lundi 1er août au vendredi 12 août (sauf samedis et dimanches), cliquez ici pour télécharger l'affiche PDF.​</a>​<br>Les horaires du calculateur d'itinéraire tiennent compte des travaux.<br>Motif : travaux.</p> / Ligne N : Paris vers Rambouillet du 01 au 12 août.";20220620T173004;Transilien Train Transilien N;db4a5dea-f0ad-11ec-b4fc-005056a47b86;travaux
future;Incidents;30;perturbée;SIGNIFICANT_DELAYS;20220804T010000;20220804T023000;db4a5dea-f0ad-11ec-b4fc-005056a47b86;" / Ligne N : Paris vers Rambouillet du 01 au 12 août. / <p>Période : soirées à partir de 01H05.<br>Dates : du lundi 1er août au vendredi 12 août sauf les samedis et dimanches.<br>Le trafic est interrompu de Paris Montparnasse vers Rambouillet et Versailles Chantiers.<br>Un service de bus de remplacement est mis en place, avec desserte des gares intermédiaire.<br><a href=""https://www.transilien.com/sites/transilien/files/sentinelle-20220801-n-parisversaillesrambouillet-du1erau12aout.pdf"" target="""">Pour plus d'informations sur les bus de remplacement du lundi 1er août au vendredi 12 août (sauf samedis et dimanches), cliquez ici pour télécharger l'affiche PDF.​</a>​<br>Les horaires du calculateur d'itinéraire tiennent compte des travaux.<br>Motif : travaux.</p> / <p>Période : soirées à partir de 01H05.<br>Dates : du lundi 1er août au vendredi 12 août sauf les samedis et dimanches.<br>Le trafic est interrompu de Paris Montparnasse vers Rambouillet et Versailles Chantiers.<br>Un service de bus de remplacement est mis en place, avec desserte des gares intermédiaire.<br><a href=""https://www.transilien.com/sites/transilien/files/sentinelle-20220801-n-parisversaillesrambouillet-du1erau12aout.pdf"" target="""">Pour plus d'informations sur les bus de remplacement du lundi 1er août au vendredi 12 août (sauf samedis et dimanches), cliquez ici pour télécharger l'affiche PDF.​</a>​<br>Les horaires du calculateur d'itinéraire tiennent compte des travaux.<br>Motif : travaux.</p> / Ligne N : Paris vers Rambouillet du 01 au 12 août.";20220620T173004;Transilien Train Transilien N;db4a5dea-f0ad-11ec-b4fc-005056a47b86;travaux
future;Incidents;30;perturbée;SIGNIFICANT_DELAYS;20220803T010000;20220803T023000;db4a5dea-f0ad-11ec-b4fc-005056a47b86;" / Ligne N : Paris vers Rambouillet du 01 au 12 août. / <p>Période : soirées à partir de 01H05.<br>Dates : du lundi 1er août au vendredi 12 août sauf les samedis et dimanches.<br>Le trafic est interrompu de Paris Montparnasse vers Rambouillet et Versailles Chantiers.<br>Un service de bus de remplacement est mis en place, avec desserte des gares intermédiaire.<br><a href=""https://www.transilien.com/sites/transilien/files/sentinelle-20220801-n-parisversaillesrambouillet-du1erau12aout.pdf"" target="""">Pour plus d'informations sur les bus de remplacement du lundi 1er août au vendredi 12 août (sauf samedis et dimanches), cliquez ici pour télécharger l'affiche PDF.​</a>​<br>Les horaires du calculateur d'itinéraire tiennent compte des travaux.<br>Motif : travaux.</p> / <p>Période : soirées à partir de 01H05.<br>Dates : du lundi 1er août au vendredi 12 août sauf les samedis et dimanches.<br>Le trafic est interrompu de Paris Montparnasse vers Rambouillet et Versailles Chantiers.<br>Un service de bus de remplacement est mis en place, avec desserte des gares intermédiaire.<br><a href=""https://www.transilien.com/sites/transilien/files/sentinelle-20220801-n-parisversaillesrambouillet-du1erau12aout.pdf"" target="""">Pour plus d'informations sur les bus de remplacement du lundi 1er août au vendredi 12 août (sauf samedis et dimanches), cliquez ici pour télécharger l'affiche PDF.​</a>​<br>Les horaires du calculateur d'itinéraire tiennent compte des travaux.<br>Motif : travaux.</p> / Ligne N : Paris vers Rambouillet du 01 au 12 août.";20220620T173004;Transilien Train Transilien N;db4a5dea-f0ad-11ec-b4fc-005056a47b86;travaux
future;Incidents;30;perturbée;SIGNIFICANT_DELAYS;20220801T010000;20220801T023000;db4a5dea-f0ad-11ec-b4fc-005056a47b86;" / Ligne N : Paris vers Rambouillet du 01 au 12 août. / <p>Période : soirées à partir de 01H05.<br>Dates : du lundi 1er août au vendredi 12 août sauf les samedis et dimanches.<br>Le trafic est interrompu de Paris Montparnasse vers Rambouillet et Versailles Chantiers.<br>Un service de bus de remplacement est mis en place, avec desserte des gares intermédiaire.<br><a href=""https://www.transilien.com/sites/transilien/files/sentinelle-20220801-n-parisversaillesrambouillet-du1erau12aout.pdf"" target="""">Pour plus d'informations sur les bus de remplacement du lundi 1er août au vendredi 12 août (sauf samedis et dimanches), cliquez ici pour télécharger l'affiche PDF.​</a>​<br>Les horaires du calculateur d'itinéraire tiennent compte des travaux.<br>Motif : travaux.</p> / <p>Période : soirées à partir de 01H05.<br>Dates : du lundi 1er août au vendredi 12 août sauf les samedis et dimanches.<br>Le trafic est interrompu de Paris Montparnasse vers Rambouillet et Versailles Chantiers.<br>Un service de bus de remplacement est mis en place, avec desserte des gares intermédiaire.<br><a href=""https://www.transilien.com/sites/transilien/files/sentinelle-20220801-n-parisversaillesrambouillet-du1erau12aout.pdf"" target="""">Pour plus d'informations sur les bus de remplacement du lundi 1er août au vendredi 12 août (sauf samedis et dimanches), cliquez ici pour télécharger l'affiche PDF.​</a>​<br>Les horaires du calculateur d'itinéraire tiennent compte des travaux.<br>Motif : travaux.</p> / Ligne N : Paris vers Rambouillet du 01 au 12 août.";20220620T173004;Transilien Train Transilien N;db4a5dea-f0ad-11ec-b4fc-005056a47b86;travaux
future;Incidents;30;perturbée;SIGNIFICANT_DELAYS;20220805T010000;20220805T023000;db4a5dea-f0ad-11ec-b4fc-005056a47b86;" / Ligne N : Paris vers Rambouillet du 01 au 12 août. / <p>Période : soirées à partir de 01H05.<br>Dates : du lundi 1er août au vendredi 12 août sauf les samedis et dimanches.<br>Le trafic est interrompu de Paris Montparnasse vers Rambouillet et Versailles Chantiers.<br>Un service de bus de remplacement est mis en place, avec desserte des gares intermédiaire.<br><a href=""https://www.transilien.com/sites/transilien/files/sentinelle-20220801-n-parisversaillesrambouillet-du1erau12aout.pdf"" target="""">Pour plus d'informations sur les bus de remplacement du lundi 1er août au vendredi 12 août (sauf samedis et dimanches), cliquez ici pour télécharger l'affiche PDF.​</a>​<br>Les horaires du calculateur d'itinéraire tiennent compte des travaux.<br>Motif : travaux.</p> / <p>Période : soirées à partir de 01H05.<br>Dates : du lundi 1er août au vendredi 12 août sauf les samedis et dimanches.<br>Le trafic est interrompu de Paris Montparnasse vers Rambouillet et Versailles Chantiers.<br>Un service de bus de remplacement est mis en place, avec desserte des gares intermédiaire.<br><a href=""https://www.transilien.com/sites/transilien/files/sentinelle-20220801-n-parisversaillesrambouillet-du1erau12aout.pdf"" target="""">Pour plus d'informations sur les bus de remplacement du lundi 1er août au vendredi 12 août (sauf samedis et dimanches), cliquez ici pour télécharger l'affiche PDF.​</a>​<br>Les horaires du calculateur d'itinéraire tiennent compte des travaux.<br>Motif : travaux.</p> / Ligne N : Paris vers Rambouillet du 01 au 12 août.";20220620T173004;Transilien Train Transilien N;db4a5dea-f0ad-11ec-b4fc-005056a47b86;travaux
future;Incidents;30;perturbée;SIGNIFICANT_DELAYS;20220809T214500;20220810T020000;9188466c-f0ae-11ec-b65f-005056a47b86;" / Ligne J: Paris SL - Mantes-la-J. du 18/07 au 02/09 / <p>Période : à partir de 21h45<br>Dates : du lundi 18 juillet au vendredi 02 septembre sauf les samedis et dimanches.<br>Le trafic est interrompu entre Paris Saint-Lazare et Mantes-la-Jolie via Poissy.<br>Un service de bus de remplacement est mis en place, avec desserte des gares intermédiaires.<br><a href=""https://www.transilien.com/sites/transilien/files/sentinelle-20220718-j-parissl-manteslj-viapoissy-18juilletau02septembre.pdf"" target="""">Pour plus d'informations, cliquez ici pour télécharger l'affiche PDF.</a><br>Les horaires du calculateur d'itinéraire tiennent compte des travaux.<br>Motif : travaux.</p>";20220620T173509;Transilien Train Transilien J;9188466c-f0ae-11ec-b65f-005056a47b86;travaux
future;Incidents;30;perturbée;SIGNIFICANT_DELAYS;20220819T214500;20220820T020000;9188466c-f0ae-11ec-b65f-005056a47b86;" / Ligne J: Paris SL - Mantes-la-J. du 18/07 au 02/09 / <p>Période : à partir de 21h45<br>Dates : du lundi 18 juillet au vendredi 02 septembre sauf les samedis et dimanches.<br>Le trafic est interrompu entre Paris Saint-Lazare et Mantes-la-Jolie via Poissy.<br>Un service de bus de remplacement est mis en place, avec desserte des gares intermédiaires.<br><a href=""https://www.transilien.com/sites/transilien/files/sentinelle-20220718-j-parissl-manteslj-viapoissy-18juilletau02septembre.pdf"" target="""">Pour plus d'informations, cliquez ici pour télécharger l'affiche PDF.</a><br>Les horaires du calculateur d'itinéraire tiennent compte des travaux.<br>Motif : travaux.</p>";20220620T173509;Transilien Train Transilien J;9188466c-f0ae-11ec-b65f-005056a47b86;travaux
future;Incidents;30;perturbée;SIGNIFICANT_DELAYS;20220825T214500;20220826T020000;9188466c-f0ae-11ec-b65f-005056a47b86;" / Ligne J: Paris SL - Mantes-la-J. du 18/07 au 02/09 / <p>Période : à partir de 21h45<br>Dates : du lundi 18 juillet au vendredi 02 septembre sauf les samedis et dimanches.<br>Le trafic est interrompu entre Paris Saint-Lazare et Mantes-la-Jolie via Poissy.<br>Un service de bus de remplacement est mis en place, avec desserte des gares intermédiaires.<br><a href=""https://www.transilien.com/sites/transilien/files/sentinelle-20220718-j-parissl-manteslj-viapoissy-18juilletau02septembre.pdf"" target="""">Pour plus d'informations, cliquez ici pour télécharger l'affiche PDF.</a><br>Les horaires du calculateur d'itinéraire tiennent compte des travaux.<br>Motif : travaux.</p>";20220620T173509;Transilien Train Transilien J;9188466c-f0ae-11ec-b65f-005056a47b86;travaux
future;Incidents;30;perturbée;SIGNIFICANT_DELAYS;20220728T214500;20220729T020000;9188466c-f0ae-11ec-b65f-005056a47b86;" / Ligne J: Paris SL - Mantes-la-J. du 18/07 au 02/09 / <p>Période : à partir de 21h45<br>Dates : du lundi 18 juillet au vendredi 02 septembre sauf les samedis et dimanches.<br>Le trafic est interrompu entre Paris Saint-Lazare et Mantes-la-Jolie via Poissy.<br>Un service de bus de remplacement est mis en place, avec desserte des gares intermédiaires.<br><a href=""https://www.transilien.com/sites/transilien/files/sentinelle-20220718-j-parissl-manteslj-viapoissy-18juilletau02septembre.pdf"" target="""">Pour plus d'informations, cliquez ici pour télécharger l'affiche PDF.</a><br>Les horaires du calculateur d'itinéraire tiennent compte des travaux.<br>Motif : travaux.</p>";20220620T173509;Transilien Train Transilien J;9188466c-f0ae-11ec-b65f-005056a47b86;travaux
future;Incidents;30;perturbée;SIGNIFICANT_DELAYS;20220831T214500;20220901T020000;9188466c-f0ae-11ec-b65f-005056a47b86;" / Ligne J: Paris SL - Mantes-la-J. du 18/07 au 02/09 / <p>Période : à partir de 21h45<br>Dates : du lundi 18 juillet au vendredi 02 septembre sauf les samedis et dimanches.<br>Le trafic est interrompu entre Paris Saint-Lazare et Mantes-la-Jolie via Poissy.<br>Un service de bus de remplacement est mis en place, avec desserte des gares intermédiaires.<br><a href=""https://www.transilien.com/sites/transilien/files/sentinelle-20220718-j-parissl-manteslj-viapoissy-18juilletau02septembre.pdf"" target="""">Pour plus d'informations, cliquez ici pour télécharger l'affiche PDF.</a><br>Les horaires du calculateur d'itinéraire tiennent compte des travaux.<br>Motif : travaux.</p>";20220620T173509;Transilien Train Transilien J;9188466c-f0ae-11ec-b65f-005056a47b86;travaux
future;Incidents;30;perturbée;SIGNIFICANT_DELAYS;20220815T214500;20220816T020000;9188466c-f0ae-11ec-b65f-005056a47b86;" / Ligne J: Paris SL - Mantes-la-J. du 18/07 au 02/09 / <p>Période : à partir de 21h45<br>Dates : du lundi 18 juillet au vendredi 02 septembre sauf les samedis et dimanches.<br>Le trafic est interrompu entre Paris Saint-Lazare et Mantes-la-Jolie via Poissy.<br>Un service de bus de remplacement est mis en place, avec desserte des gares intermédiaires.<br><a href=""https://www.transilien.com/sites/transilien/files/sentinelle-20220718-j-parissl-manteslj-viapoissy-18juilletau02septembre.pdf"" target="""">Pour plus d'informations, cliquez ici pour télécharger l'affiche PDF.</a><br>Les horaires du calculateur d'itinéraire tiennent compte des travaux.<br>Motif : travaux.</p>";20220620T173509;Transilien Train Transilien J;9188466c-f0ae-11ec-b65f-005056a47b86;travaux
future;Incidents;30;perturbée;SIGNIFICANT_DELAYS;20220722T214500;20220723T020000;9188466c-f0ae-11ec-b65f-005056a47b86;" / Ligne J: Paris SL - Mantes-la-J. du 18/07 au 02/09 / <p>Période : à partir de 21h45<br>Dates : du lundi 18 juillet au vendredi 02 septembre sauf les samedis et dimanches.<br>Le trafic est interrompu entre Paris Saint-Lazare et Mantes-la-Jolie via Poissy.<br>Un service de bus de remplacement est mis en place, avec desserte des gares intermédiaires.<br><a href=""https://www.transilien.com/sites/transilien/files/sentinelle-20220718-j-parissl-manteslj-viapoissy-18juilletau02septembre.pdf"" target="""">Pour plus d'informations, cliquez ici pour télécharger l'affiche PDF.</a><br>Les horaires du calculateur d'itinéraire tiennent compte des travaux.<br>Motif : travaux.</p>";20220620T173509;Transilien Train Transilien J;9188466c-f0ae-11ec-b65f-005056a47b86;travaux
future;Incidents;30;perturbée;SIGNIFICANT_DELAYS;20220720T214500;20220721T020000;9188466c-f0ae-11ec-b65f-005056a47b86;" / Ligne J: Paris SL - Mantes-la-J. du 18/07 au 02/09 / <p>Période : à partir de 21h45<br>Dates : du lundi 18 juillet au vendredi 02 septembre sauf les samedis et dimanches.<br>Le trafic est interrompu entre Paris Saint-Lazare et Mantes-la-Jolie via Poissy.<br>Un service de bus de remplacement est mis en place, avec desserte des gares intermédiaires.<br><a href=""https://www.transilien.com/sites/transilien/files/sentinelle-20220718-j-parissl-manteslj-viapoissy-18juilletau02septembre.pdf"" target="""">Pour plus d'informations, cliquez ici pour télécharger l'affiche PDF.</a><br>Les horaires du calculateur d'itinéraire tiennent compte des travaux.<br>Motif : travaux.</p>";20220620T173509;Transilien Train Transilien J;9188466c-f0ae-11ec-b65f-005056a47b86;travaux
future;Incidents;30;perturbée;SIGNIFICANT_DELAYS;20220725T214500;20220726T020000;9188466c-f0ae-11ec-b65f-005056a47b86;" / Ligne J: Paris SL - Mantes-la-J. du 18/07 au 02/09 / <p>Période : à partir de 21h45<br>Dates : du lundi 18 juillet au vendredi 02 septembre sauf les samedis et dimanches.<br>Le trafic est interrompu entre Paris Saint-Lazare et Mantes-la-Jolie via Poissy.<br>Un service de bus de remplacement est mis en place, avec desserte des gares intermédiaires.<br><a href=""https://www.transilien.com/sites/transilien/files/sentinelle-20220718-j-parissl-manteslj-viapoissy-18juilletau02septembre.pdf"" target="""">Pour plus d'informations, cliquez ici pour télécharger l'affiche PDF.</a><br>Les horaires du calculateur d'itinéraire tiennent compte des travaux.<br>Motif : travaux.</p>";20220620T173509;Transilien Train Transilien J;9188466c-f0ae-11ec-b65f-005056a47b86;travaux
future;Incidents;30;perturbée;SIGNIFICANT_DELAYS;20220803T214500;20220804T020000;9188466c-f0ae-11ec-b65f-005056a47b86;" / Ligne J: Paris SL - Mantes-la-J. du 18/07 au 02/09 / <p>Période : à partir de 21h45<br>Dates : du lundi 18 juillet au vendredi 02 septembre sauf les samedis et dimanches.<br>Le trafic est interrompu entre Paris Saint-Lazare et Mantes-la-Jolie via Poissy.<br>Un service de bus de remplacement est mis en place, avec desserte des gares intermédiaires.<br><a href=""https://www.transilien.com/sites/transilien/files/sentinelle-20220718-j-parissl-manteslj-viapoissy-18juilletau02septembre.pdf"" target="""">Pour plus d'informations, cliquez ici pour télécharger l'affiche PDF.</a><br>Les horaires du calculateur d'itinéraire tiennent compte des travaux.<br>Motif : travaux.</p>";20220620T173509;Transilien Train Transilien J;9188466c-f0ae-11ec-b65f-005056a47b86;travaux
future;Incidents;30;perturbée;SIGNIFICANT_DELAYS;20220718T214500;20220719T020000;9188466c-f0ae-11ec-b65f-005056a47b86;" / Ligne J: Paris SL - Mantes-la-J. du 18/07 au 02/09 / <p>Période : à partir de 21h45<br>Dates : du lundi 18 juillet au vendredi 02 septembre sauf les samedis et dimanches.<br>Le trafic est interrompu entre Paris Saint-Lazare et Mantes-la-Jolie via Poissy.<br>Un service de bus de remplacement est mis en place, avec desserte des gares intermédiaires.<br><a href=""https://www.transilien.com/sites/transilien/files/sentinelle-20220718-j-parissl-manteslj-viapoissy-18juilletau02septembre.pdf"" target="""">Pour plus d'informations, cliquez ici pour télécharger l'affiche PDF.</a><br>Les horaires du calculateur d'itinéraire tiennent compte des travaux.<br>Motif : travaux.</p>";20220620T173509;Transilien Train Transilien J;9188466c-f0ae-11ec-b65f-005056a47b86;travaux
future;Incidents;30;perturbée;SIGNIFICANT_DELAYS;20220719T214500;20220720T020000;9188466c-f0ae-11ec-b65f-005056a47b86;" / Ligne J: Paris SL - Mantes-la-J. du 18/07 au 02/09 / <p>Période : à partir de 21h45<br>Dates : du lundi 18 juillet au vendredi 02 septembre sauf les samedis et dimanches.<br>Le trafic est interrompu entre Paris Saint-Lazare et Mantes-la-Jolie via Poissy.<br>Un service de bus de remplacement est mis en place, avec desserte des gares intermédiaires.<br><a href=""https://www.transilien.com/sites/transilien/files/sentinelle-20220718-j-parissl-manteslj-viapoissy-18juilletau02septembre.pdf"" target="""">Pour plus d'informations, cliquez ici pour télécharger l'affiche PDF.</a><br>Les horaires du calculateur d'itinéraire tiennent compte des travaux.<br>Motif : travaux.</p>";20220620T173509;Transilien Train Transilien J;9188466c-f0ae-11ec-b65f-005056a47b86;travaux
future;Incidents;30;perturbée;SIGNIFICANT_DELAYS;20220902T214500;20220903T020000;9188466c-f0ae-11ec-b65f-005056a47b86;" / Ligne J: Paris SL - Mantes-la-J. du 18/07 au 02/09 / <p>Période : à partir de 21h45<br>Dates : du lundi 18 juillet au vendredi 02 septembre sauf les samedis et dimanches.<br>Le trafic est interrompu entre Paris Saint-Lazare et Mantes-la-Jolie via Poissy.<br>Un service de bus de remplacement est mis en place, avec desserte des gares intermédiaires.<br><a href=""https://www.transilien.com/sites/transilien/files/sentinelle-20220718-j-parissl-manteslj-viapoissy-18juilletau02septembre.pdf"" target="""">Pour plus d'informations, cliquez ici pour télécharger l'affiche PDF.</a><br>Les horaires du calculateur d'itinéraire tiennent compte des travaux.<br>Motif : travaux.</p>";20220620T173509;Transilien Train Transilien J;9188466c-f0ae-11ec-b65f-005056a47b86;travaux
future;Incidents;30;perturbée;SIGNIFICANT_DELAYS;20220901T214500;20220902T020000;9188466c-f0ae-11ec-b65f-005056a47b86;" / Ligne J: Paris SL - Mantes-la-J. du 18/07 au 02/09 / <p>Période : à partir de 21h45<br>Dates : du lundi 18 juillet au vendredi 02 septembre sauf les samedis et dimanches.<br>Le trafic est interrompu entre Paris Saint-Lazare et Mantes-la-Jolie via Poissy.<br>Un service de bus de remplacement est mis en place, avec desserte des gares intermédiaires.<br><a href=""https://www.transilien.com/sites/transilien/files/sentinelle-20220718-j-parissl-manteslj-viapoissy-18juilletau02septembre.pdf"" target="""">Pour plus d'informations, cliquez ici pour télécharger l'affiche PDF.</a><br>Les horaires du calculateur d'itinéraire tiennent compte des travaux.<br>Motif : travaux.</p>";20220620T173509;Transilien Train Transilien J;9188466c-f0ae-11ec-b65f-005056a47b86;travaux
future;Incidents;30;perturbée;SIGNIFICANT_DELAYS;20220810T214500;20220811T020000;9188466c-f0ae-11ec-b65f-005056a47b86;" / Ligne J: Paris SL - Mantes-la-J. du 18/07 au 02/09 / <p>Période : à partir de 21h45<br>Dates : du lundi 18 juillet au vendredi 02 septembre sauf les samedis et dimanches.<br>Le trafic est interrompu entre Paris Saint-Lazare et Mantes-la-Jolie via Poissy.<br>Un service de bus de remplacement est mis en place, avec desserte des gares intermédiaires.<br><a href=""https://www.transilien.com/sites/transilien/files/sentinelle-20220718-j-parissl-manteslj-viapoissy-18juilletau02septembre.pdf"" target="""">Pour plus d'informations, cliquez ici pour télécharger l'affiche PDF.</a><br>Les horaires du calculateur d'itinéraire tiennent compte des travaux.<br>Motif : travaux.</p>";20220620T173509;Transilien Train Transilien J;9188466c-f0ae-11ec-b65f-005056a47b86;travaux
future;Incidents;30;perturbée;SIGNIFICANT_DELAYS;20220811T214500;20220812T020000;9188466c-f0ae-11ec-b65f-005056a47b86;" / Ligne J: Paris SL - Mantes-la-J. du 18/07 au 02/09 / <p>Période : à partir de 21h45<br>Dates : du lundi 18 juillet au vendredi 02 septembre sauf les samedis et dimanches.<br>Le trafic est interrompu entre Paris Saint-Lazare et Mantes-la-Jolie via Poissy.<br>Un service de bus de remplacement est mis en place, avec desserte des gares intermédiaires.<br><a href=""https://www.transilien.com/sites/transilien/files/sentinelle-20220718-j-parissl-manteslj-viapoissy-18juilletau02septembre.pdf"" target="""">Pour plus d'informations, cliquez ici pour télécharger l'affiche PDF.</a><br>Les horaires du calculateur d'itinéraire tiennent compte des travaux.<br>Motif : travaux.</p>";20220620T173509;Transilien Train Transilien J;9188466c-f0ae-11ec-b65f-005056a47b86;travaux
future;Incidents;30;perturbée;SIGNIFICANT_DELAYS;20220830T214500;20220831T020000;9188466c-f0ae-11ec-b65f-005056a47b86;" / Ligne J: Paris SL - Mantes-la-J. du 18/07 au 02/09 / <p>Période : à partir de 21h45<br>Dates : du lundi 18 juillet au vendredi 02 septembre sauf les samedis et dimanches.<br>Le trafic est interrompu entre Paris Saint-Lazare et Mantes-la-Jolie via Poissy.<br>Un service de bus de remplacement est mis en place, avec desserte des gares intermédiaires.<br><a href=""https://www.transilien.com/sites/transilien/files/sentinelle-20220718-j-parissl-manteslj-viapoissy-18juilletau02septembre.pdf"" target="""">Pour plus d'informations, cliquez ici pour télécharger l'affiche PDF.</a><br>Les horaires du calculateur d'itinéraire tiennent compte des travaux.<br>Motif : travaux.</p>";20220620T173509;Transilien Train Transilien J;9188466c-f0ae-11ec-b65f-005056a47b86;travaux
future;Incidents;30;perturbée;SIGNIFICANT_DELAYS;20220829T214500;20220830T020000;9188466c-f0ae-11ec-b65f-005056a47b86;" / Ligne J: Paris SL - Mantes-la-J. du 18/07 au 02/09 / <p>Période : à partir de 21h45<br>Dates : du lundi 18 juillet au vendredi 02 septembre sauf les samedis et dimanches.<br>Le trafic est interrompu entre Paris Saint-Lazare et Mantes-la-Jolie via Poissy.<br>Un service de bus de remplacement est mis en place, avec desserte des gares intermédiaires.<br><a href=""https://www.transilien.com/sites/transilien/files/sentinelle-20220718-j-parissl-manteslj-viapoissy-18juilletau02septembre.pdf"" target="""">Pour plus d'informations, cliquez ici pour télécharger l'affiche PDF.</a><br>Les horaires du calculateur d'itinéraire tiennent compte des travaux.<br>Motif : travaux.</p>";20220620T173509;Transilien Train Transilien J;9188466c-f0ae-11ec-b65f-005056a47b86;travaux
future;Incidents;30;perturbée;SIGNIFICANT_DELAYS;20220826T214500;20220827T020000;9188466c-f0ae-11ec-b65f-005056a47b86;" / Ligne J: Paris SL - Mantes-la-J. du 18/07 au 02/09 / <p>Période : à partir de 21h45<br>Dates : du lundi 18 juillet au vendredi 02 septembre sauf les samedis et dimanches.<br>Le trafic est interrompu entre Paris Saint-Lazare et Mantes-la-Jolie via Poissy.<br>Un service de bus de remplacement est mis en place, avec desserte des gares intermédiaires.<br><a href=""https://www.transilien.com/sites/transilien/files/sentinelle-20220718-j-parissl-manteslj-viapoissy-18juilletau02septembre.pdf"" target="""">Pour plus d'informations, cliquez ici pour télécharger l'affiche PDF.</a><br>Les horaires du calculateur d'itinéraire tiennent compte des travaux.<br>Motif : travaux.</p>";20220620T173509;Transilien Train Transilien J;9188466c-f0ae-11ec-b65f-005056a47b86;travaux
future;Incidents;30;perturbée;SIGNIFICANT_DELAYS;20220824T214500;20220825T020000;9188466c-f0ae-11ec-b65f-005056a47b86;" / Ligne J: Paris SL - Mantes-la-J. du 18/07 au 02/09 / <p>Période : à partir de 21h45<br>Dates : du lundi 18 juillet au vendredi 02 septembre sauf les samedis et dimanches.<br>Le trafic est interrompu entre Paris Saint-Lazare et Mantes-la-Jolie via Poissy.<br>Un service de bus de remplacement est mis en place, avec desserte des gares intermédiaires.<br><a href=""https://www.transilien.com/sites/transilien/files/sentinelle-20220718-j-parissl-manteslj-viapoissy-18juilletau02septembre.pdf"" target="""">Pour plus d'informations, cliquez ici pour télécharger l'affiche PDF.</a><br>Les horaires du calculateur d'itinéraire tiennent compte des travaux.<br>Motif : travaux.</p>";20220620T173509;Transilien Train Transilien J;9188466c-f0ae-11ec-b65f-005056a47b86;travaux
future;Incidents;30;perturbée;SIGNIFICANT_DELAYS;20220823T214500;20220824T020000;9188466c-f0ae-11ec-b65f-005056a47b86;" / Ligne J: Paris SL - Mantes-la-J. du 18/07 au 02/09 / <p>Période : à partir de 21h45<br>Dates : du lundi 18 juillet au vendredi 02 septembre sauf les samedis et dimanches.<br>Le trafic est interrompu entre Paris Saint-Lazare et Mantes-la-Jolie via Poissy.<br>Un service de bus de remplacement est mis en place, avec desserte des gares intermédiaires.<br><a href=""https://www.transilien.com/sites/transilien/files/sentinelle-20220718-j-parissl-manteslj-viapoissy-18juilletau02septembre.pdf"" target="""">Pour plus d'informations, cliquez ici pour télécharger l'affiche PDF.</a><br>Les horaires du calculateur d'itinéraire tiennent compte des travaux.<br>Motif : travaux.</p>";20220620T173509;Transilien Train Transilien J;9188466c-f0ae-11ec-b65f-005056a47b86;travaux
future;Incidents;30;perturbée;SIGNIFICANT_DELAYS;20220822T214500;20220823T020000;9188466c-f0ae-11ec-b65f-005056a47b86;" / Ligne J: Paris SL - Mantes-la-J. du 18/07 au 02/09 / <p>Période : à partir de 21h45<br>Dates : du lundi 18 juillet au vendredi 02 septembre sauf les samedis et dimanches.<br>Le trafic est interrompu entre Paris Saint-Lazare et Mantes-la-Jolie via Poissy.<br>Un service de bus de remplacement est mis en place, avec desserte des gares intermédiaires.<br><a href=""https://www.transilien.com/sites/transilien/files/sentinelle-20220718-j-parissl-manteslj-viapoissy-18juilletau02septembre.pdf"" target="""">Pour plus d'informations, cliquez ici pour télécharger l'affiche PDF.</a><br>Les horaires du calculateur d'itinéraire tiennent compte des travaux.<br>Motif : travaux.</p>";20220620T173509;Transilien Train Transilien J;9188466c-f0ae-11ec-b65f-005056a47b86;travaux
future;Incidents;30;perturbée;SIGNIFICANT_DELAYS;20220818T214500;20220819T020000;9188466c-f0ae-11ec-b65f-005056a47b86;" / Ligne J: Paris SL - Mantes-la-J. du 18/07 au 02/09 / <p>Période : à partir de 21h45<br>Dates : du lundi 18 juillet au vendredi 02 septembre sauf les samedis et dimanches.<br>Le trafic est interrompu entre Paris Saint-Lazare et Mantes-la-Jolie via Poissy.<br>Un service de bus de remplacement est mis en place, avec desserte des gares intermédiaires.<br><a href=""https://www.transilien.com/sites/transilien/files/sentinelle-20220718-j-parissl-manteslj-viapoissy-18juilletau02septembre.pdf"" target="""">Pour plus d'informations, cliquez ici pour télécharger l'affiche PDF.</a><br>Les horaires du calculateur d'itinéraire tiennent compte des travaux.<br>Motif : travaux.</p>";20220620T173509;Transilien Train Transilien J;9188466c-f0ae-11ec-b65f-005056a47b86;travaux
future;Incidents;30;perturbée;SIGNIFICANT_DELAYS;20220817T214500;20220818T020000;9188466c-f0ae-11ec-b65f-005056a47b86;" / Ligne J: Paris SL - Mantes-la-J. du 18/07 au 02/09 / <p>Période : à partir de 21h45<br>Dates : du lundi 18 juillet au vendredi 02 septembre sauf les samedis et dimanches.<br>Le trafic est interrompu entre Paris Saint-Lazare et Mantes-la-Jolie via Poissy.<br>Un service de bus de remplacement est mis en place, avec desserte des gares intermédiaires.<br><a href=""https://www.transilien.com/sites/transilien/files/sentinelle-20220718-j-parissl-manteslj-viapoissy-18juilletau02septembre.pdf"" target="""">Pour plus d'informations, cliquez ici pour télécharger l'affiche PDF.</a><br>Les horaires du calculateur d'itinéraire tiennent compte des travaux.<br>Motif : travaux.</p>";20220620T173509;Transilien Train Transilien J;9188466c-f0ae-11ec-b65f-005056a47b86;travaux
future;Incidents;30;perturbée;SIGNIFICANT_DELAYS;20220816T214500;20220817T020000;9188466c-f0ae-11ec-b65f-005056a47b86;" / Ligne J: Paris SL - Mantes-la-J. du 18/07 au 02/09 / <p>Période : à partir de 21h45<br>Dates : du lundi 18 juillet au vendredi 02 septembre sauf les samedis et dimanches.<br>Le trafic est interrompu entre Paris Saint-Lazare et Mantes-la-Jolie via Poissy.<br>Un service de bus de remplacement est mis en place, avec desserte des gares intermédiaires.<br><a href=""https://www.transilien.com/sites/transilien/files/sentinelle-20220718-j-parissl-manteslj-viapoissy-18juilletau02septembre.pdf"" target="""">Pour plus d'informations, cliquez ici pour télécharger l'affiche PDF.</a><br>Les horaires du calculateur d'itinéraire tiennent compte des travaux.<br>Motif : travaux.</p>";20220620T173509;Transilien Train Transilien J;9188466c-f0ae-11ec-b65f-005056a47b86;travaux
future;Incidents;30;perturbée;SIGNIFICANT_DELAYS;20220812T214500;20220813T020000;9188466c-f0ae-11ec-b65f-005056a47b86;" / Ligne J: Paris SL - Mantes-la-J. du 18/07 au 02/09 / <p>Période : à partir de 21h45<br>Dates : du lundi 18 juillet au vendredi 02 septembre sauf les samedis et dimanches.<br>Le trafic est interrompu entre Paris Saint-Lazare et Mantes-la-Jolie via Poissy.<br>Un service de bus de remplacement est mis en place, avec desserte des gares intermédiaires.<br><a href=""https://www.transilien.com/sites/transilien/files/sentinelle-20220718-j-parissl-manteslj-viapoissy-18juilletau02septembre.pdf"" target="""">Pour plus d'informations, cliquez ici pour télécharger l'affiche PDF.</a><br>Les horaires du calculateur d'itinéraire tiennent compte des travaux.<br>Motif : travaux.</p>";20220620T173509;Transilien Train Transilien J;9188466c-f0ae-11ec-b65f-005056a47b86;travaux
future;Incidents;30;perturbée;SIGNIFICANT_DELAYS;20220808T214500;20220809T020000;9188466c-f0ae-11ec-b65f-005056a47b86;" / Ligne J: Paris SL - Mantes-la-J. du 18/07 au 02/09 / <p>Période : à partir de 21h45<br>Dates : du lundi 18 juillet au vendredi 02 septembre sauf les samedis et dimanches.<br>Le trafic est interrompu entre Paris Saint-Lazare et Mantes-la-Jolie via Poissy.<br>Un service de bus de remplacement est mis en place, avec desserte des gares intermédiaires.<br><a href=""https://www.transilien.com/sites/transilien/files/sentinelle-20220718-j-parissl-manteslj-viapoissy-18juilletau02septembre.pdf"" target="""">Pour plus d'informations, cliquez ici pour télécharger l'affiche PDF.</a><br>Les horaires du calculateur d'itinéraire tiennent compte des travaux.<br>Motif : travaux.</p>";20220620T173509;Transilien Train Transilien J;9188466c-f0ae-11ec-b65f-005056a47b86;travaux
future;Incidents;30;perturbée;SIGNIFICANT_DELAYS;20220805T214500;20220806T020000;9188466c-f0ae-11ec-b65f-005056a47b86;" / Ligne J: Paris SL - Mantes-la-J. du 18/07 au 02/09 / <p>Période : à partir de 21h45<br>Dates : du lundi 18 juillet au vendredi 02 septembre sauf les samedis et dimanches.<br>Le trafic est interrompu entre Paris Saint-Lazare et Mantes-la-Jolie via Poissy.<br>Un service de bus de remplacement est mis en place, avec desserte des gares intermédiaires.<br><a href=""https://www.transilien.com/sites/transilien/files/sentinelle-20220718-j-parissl-manteslj-viapoissy-18juilletau02septembre.pdf"" target="""">Pour plus d'informations, cliquez ici pour télécharger l'affiche PDF.</a><br>Les horaires du calculateur d'itinéraire tiennent compte des travaux.<br>Motif : travaux.</p>";20220620T173509;Transilien Train Transilien J;9188466c-f0ae-11ec-b65f-005056a47b86;travaux
future;Incidents;30;perturbée;SIGNIFICANT_DELAYS;20220804T214500;20220805T020000;9188466c-f0ae-11ec-b65f-005056a47b86;" / Ligne J: Paris SL - Mantes-la-J. du 18/07 au 02/09 / <p>Période : à partir de 21h45<br>Dates : du lundi 18 juillet au vendredi 02 septembre sauf les samedis et dimanches.<br>Le trafic est interrompu entre Paris Saint-Lazare et Mantes-la-Jolie via Poissy.<br>Un service de bus de remplacement est mis en place, avec desserte des gares intermédiaires.<br><a href=""https://www.transilien.com/sites/transilien/files/sentinelle-20220718-j-parissl-manteslj-viapoissy-18juilletau02septembre.pdf"" target="""">Pour plus d'informations, cliquez ici pour télécharger l'affiche PDF.</a><br>Les horaires du calculateur d'itinéraire tiennent compte des travaux.<br>Motif : travaux.</p>";20220620T173509;Transilien Train Transilien J;9188466c-f0ae-11ec-b65f-005056a47b86;travaux
future;Incidents;30;perturbée;SIGNIFICANT_DELAYS;20220802T214500;20220803T020000;9188466c-f0ae-11ec-b65f-005056a47b86;" / Ligne J: Paris SL - Mantes-la-J. du 18/07 au 02/09 / <p>Période : à partir de 21h45<br>Dates : du lundi 18 juillet au vendredi 02 septembre sauf les samedis et dimanches.<br>Le trafic est interrompu entre Paris Saint-Lazare et Mantes-la-Jolie via Poissy.<br>Un service de bus de remplacement est mis en place, avec desserte des gares intermédiaires.<br><a href=""https://www.transilien.com/sites/transilien/files/sentinelle-20220718-j-parissl-manteslj-viapoissy-18juilletau02septembre.pdf"" target="""">Pour plus d'informations, cliquez ici pour télécharger l'affiche PDF.</a><br>Les horaires du calculateur d'itinéraire tiennent compte des travaux.<br>Motif : travaux.</p>";20220620T173509;Transilien Train Transilien J;9188466c-f0ae-11ec-b65f-005056a47b86;travaux
future;Incidents;30;perturbée;SIGNIFICANT_DELAYS;20220801T214500;20220802T020000;9188466c-f0ae-11ec-b65f-005056a47b86;" / Ligne J: Paris SL - Mantes-la-J. du 18/07 au 02/09 / <p>Période : à partir de 21h45<br>Dates : du lundi 18 juillet au vendredi 02 septembre sauf les samedis et dimanches.<br>Le trafic est interrompu entre Paris Saint-Lazare et Mantes-la-Jolie via Poissy.<br>Un service de bus de remplacement est mis en place, avec desserte des gares intermédiaires.<br><a href=""https://www.transilien.com/sites/transilien/files/sentinelle-20220718-j-parissl-manteslj-viapoissy-18juilletau02septembre.pdf"" target="""">Pour plus d'informations, cliquez ici pour télécharger l'affiche PDF.</a><br>Les horaires du calculateur d'itinéraire tiennent compte des travaux.<br>Motif : travaux.</p>";20220620T173509;Transilien Train Transilien J;9188466c-f0ae-11ec-b65f-005056a47b86;travaux
future;Incidents;30;perturbée;SIGNIFICANT_DELAYS;20220729T214500;20220730T020000;9188466c-f0ae-11ec-b65f-005056a47b86;" / Ligne J: Paris SL - Mantes-la-J. du 18/07 au 02/09 / <p>Période : à partir de 21h45<br>Dates : du lundi 18 juillet au vendredi 02 septembre sauf les samedis et dimanches.<br>Le trafic est interrompu entre Paris Saint-Lazare et Mantes-la-Jolie via Poissy.<br>Un service de bus de remplacement est mis en place, avec desserte des gares intermédiaires.<br><a href=""https://www.transilien.com/sites/transilien/files/sentinelle-20220718-j-parissl-manteslj-viapoissy-18juilletau02septembre.pdf"" target="""">Pour plus d'informations, cliquez ici pour télécharger l'affiche PDF.</a><br>Les horaires du calculateur d'itinéraire tiennent compte des travaux.<br>Motif : travaux.</p>";20220620T173509;Transilien Train Transilien J;9188466c-f0ae-11ec-b65f-005056a47b86;travaux
future;Incidents;30;perturbée;SIGNIFICANT_DELAYS;20220727T214500;20220728T020000;9188466c-f0ae-11ec-b65f-005056a47b86;" / Ligne J: Paris SL - Mantes-la-J. du 18/07 au 02/09 / <p>Période : à partir de 21h45<br>Dates : du lundi 18 juillet au vendredi 02 septembre sauf les samedis et dimanches.<br>Le trafic est interrompu entre Paris Saint-Lazare et Mantes-la-Jolie via Poissy.<br>Un service de bus de remplacement est mis en place, avec desserte des gares intermédiaires.<br><a href=""https://www.transilien.com/sites/transilien/files/sentinelle-20220718-j-parissl-manteslj-viapoissy-18juilletau02septembre.pdf"" target="""">Pour plus d'informations, cliquez ici pour télécharger l'affiche PDF.</a><br>Les horaires du calculateur d'itinéraire tiennent compte des travaux.<br>Motif : travaux.</p>";20220620T173509;Transilien Train Transilien J;9188466c-f0ae-11ec-b65f-005056a47b86;travaux
future;Incidents;30;perturbée;SIGNIFICANT_DELAYS;20220726T214500;20220727T020000;9188466c-f0ae-11ec-b65f-005056a47b86;" / Ligne J: Paris SL - Mantes-la-J. du 18/07 au 02/09 / <p>Période : à partir de 21h45<br>Dates : du lundi 18 juillet au vendredi 02 septembre sauf les samedis et dimanches.<br>Le trafic est interrompu entre Paris Saint-Lazare et Mantes-la-Jolie via Poissy.<br>Un service de bus de remplacement est mis en place, avec desserte des gares intermédiaires.<br><a href=""https://www.transilien.com/sites/transilien/files/sentinelle-20220718-j-parissl-manteslj-viapoissy-18juilletau02septembre.pdf"" target="""">Pour plus d'informations, cliquez ici pour télécharger l'affiche PDF.</a><br>Les horaires du calculateur d'itinéraire tiennent compte des travaux.<br>Motif : travaux.</p>";20220620T173509;Transilien Train Transilien J;9188466c-f0ae-11ec-b65f-005056a47b86;travaux
future;Incidents;30;perturbée;SIGNIFICANT_DELAYS;20220721T214500;20220722T020000;9188466c-f0ae-11ec-b65f-005056a47b86;" / Ligne J: Paris SL - Mantes-la-J. du 18/07 au 02/09 / <p>Période : à partir de 21h45<br>Dates : du lundi 18 juillet au vendredi 02 septembre sauf les samedis et dimanches.<br>Le trafic est interrompu entre Paris Saint-Lazare et Mantes-la-Jolie via Poissy.<br>Un service de bus de remplacement est mis en place, avec desserte des gares intermédiaires.<br><a href=""https://www.transilien.com/sites/transilien/files/sentinelle-20220718-j-parissl-manteslj-viapoissy-18juilletau02septembre.pdf"" target="""">Pour plus d'informations, cliquez ici pour télécharger l'affiche PDF.</a><br>Les horaires du calculateur d'itinéraire tiennent compte des travaux.<br>Motif : travaux.</p>";20220620T173509;Transilien Train Transilien J;9188466c-f0ae-11ec-b65f-005056a47b86;travaux
future;Incidents;30;perturbée;SIGNIFICANT_DELAYS;20220730T050000;20220731T020000;44a9d12a-f0af-11ec-b0ff-005056a44da2;" / Ligne J : Epône - Mantes-la-J.     23 - 31 juillet / <p>Période : toute la journée<br>Dates : samedi 23, dimanche 24 et samedi 30, dimanche 31 juillet<br>Le trafic est interrompu entre Épône - Mézières et Mantes-la-Jolie.<br>Un service de bus de remplacement est mis en place, avec desserte des gares intermédiaires.<br><a href=""https://www.transilien.com/sites/transilien/files/sentinelle-20220723-jepone-manteslj-ferme-23au31juillet.pdf"" target="""">Pour plus d'informations, cliquez ici pour télécharger l'affiche PDF.</a><br>Les horaires du calculateur d'itinéraire tiennent compte des travaux.<br>Motif : travaux.</p>";20220620T174010;Transilien Train Transilien J;44a9d12a-f0af-11ec-b0ff-005056a44da2;travaux
future;Incidents;30;perturbée;SIGNIFICANT_DELAYS;20220724T050000;20220725T020000;44a9d12a-f0af-11ec-b0ff-005056a44da2;" / Ligne J : Epône - Mantes-la-J.     23 - 31 juillet / <p>Période : toute la journée<br>Dates : samedi 23, dimanche 24 et samedi 30, dimanche 31 juillet<br>Le trafic est interrompu entre Épône - Mézières et Mantes-la-Jolie.<br>Un service de bus de remplacement est mis en place, avec desserte des gares intermédiaires.<br><a href=""https://www.transilien.com/sites/transilien/files/sentinelle-20220723-jepone-manteslj-ferme-23au31juillet.pdf"" target="""">Pour plus d'informations, cliquez ici pour télécharger l'affiche PDF.</a><br>Les horaires du calculateur d'itinéraire tiennent compte des travaux.<br>Motif : travaux.</p>";20220620T174010;Transilien Train Transilien J;44a9d12a-f0af-11ec-b0ff-005056a44da2;travaux
future;Incidents;30;perturbée;SIGNIFICANT_DELAYS;20220723T050000;20220724T020000;44a9d12a-f0af-11ec-b0ff-005056a44da2;" / Ligne J : Epône - Mantes-la-J.     23 - 31 juillet / <p>Période : toute la journée<br>Dates : samedi 23, dimanche 24 et samedi 30, dimanche 31 juillet<br>Le trafic est interrompu entre Épône - Mézières et Mantes-la-Jolie.<br>Un service de bus de remplacement est mis en place, avec desserte des gares intermédiaires.<br><a href=""https://www.transilien.com/sites/transilien/files/sentinelle-20220723-jepone-manteslj-ferme-23au31juillet.pdf"" target="""">Pour plus d'informations, cliquez ici pour télécharger l'affiche PDF.</a><br>Les horaires du calculateur d'itinéraire tiennent compte des travaux.<br>Motif : travaux.</p>";20220620T174010;Transilien Train Transilien J;44a9d12a-f0af-11ec-b0ff-005056a44da2;travaux
future;Incidents;30;perturbée;SIGNIFICANT_DELAYS;20220731T050000;20220801T020000;44a9d12a-f0af-11ec-b0ff-005056a44da2;" / Ligne J : Epône - Mantes-la-J.     23 - 31 juillet / <p>Période : toute la journée<br>Dates : samedi 23, dimanche 24 et samedi 30, dimanche 31 juillet<br>Le trafic est interrompu entre Épône - Mézières et Mantes-la-Jolie.<br>Un service de bus de remplacement est mis en place, avec desserte des gares intermédiaires.<br><a href=""https://www.transilien.com/sites/transilien/files/sentinelle-20220723-jepone-manteslj-ferme-23au31juillet.pdf"" target="""">Pour plus d'informations, cliquez ici pour télécharger l'affiche PDF.</a><br>Les horaires du calculateur d'itinéraire tiennent compte des travaux.<br>Motif : travaux.</p>";20220620T174010;Transilien Train Transilien J;44a9d12a-f0af-11ec-b0ff-005056a44da2;travaux
future;Incidents;30;perturbée;SIGNIFICANT_DELAYS;20220709T204500;20220710T014500;f4453358-f0e2-11ec-ac95-005056a44da2;" / Ligne P : Paris Est - Provins du 9 au 31 juillet / <p>Période : à partir de 20h45<br>Dates :<br>- le samedi 9 et le dimanche 10 juillet<br>- le samedi 16 et le dimanche 17 juillet<br>- le samedi 23 et le dimanche 24 juillet<br>- le samedi 30 et le dimanche 31 juillet<br>Le trafic est interrompu entre Paris Est et Provins.<br>Un service de bus de remplacement est mis en place, avec desserte des gares intermédiaires.<br>Pour plus d'informations, <a href=""https://www.transilien.com/sites/transilien/files/sentinelle-20220709-p-paris-provins-bus.pdf"" target="""">cliquez ici pour télécharger l'affiche PDF</a>.<br>Les horaires du calculateur d'itinéraire tiennent compte des travaux.<br>Motif : travaux.</p>";20220620T235009;Transilien Train Transilien P;f4453358-f0e2-11ec-ac95-005056a44da2;travaux
future;Incidents;30;perturbée;SIGNIFICANT_DELAYS;20220710T204500;20220711T014500;f4453358-f0e2-11ec-ac95-005056a44da2;" / Ligne P : Paris Est - Provins du 9 au 31 juillet / <p>Période : à partir de 20h45<br>Dates :<br>- le samedi 9 et le dimanche 10 juillet<br>- le samedi 16 et le dimanche 17 juillet<br>- le samedi 23 et le dimanche 24 juillet<br>- le samedi 30 et le dimanche 31 juillet<br>Le trafic est interrompu entre Paris Est et Provins.<br>Un service de bus de remplacement est mis en place, avec desserte des gares intermédiaires.<br>Pour plus d'informations, <a href=""https://www.transilien.com/sites/transilien/files/sentinelle-20220709-p-paris-provins-bus.pdf"" target="""">cliquez ici pour télécharger l'affiche PDF</a>.<br>Les horaires du calculateur d'itinéraire tiennent compte des travaux.<br>Motif : travaux.</p>";20220620T235009;Transilien Train Transilien P;f4453358-f0e2-11ec-ac95-005056a44da2;travaux
future;Incidents;30;perturbée;SIGNIFICANT_DELAYS;20220731T204500;20220801T014500;f4453358-f0e2-11ec-ac95-005056a44da2;" / Ligne P : Paris Est - Provins du 9 au 31 juillet / <p>Période : à partir de 20h45<br>Dates :<br>- le samedi 9 et le dimanche 10 juillet<br>- le samedi 16 et le dimanche 17 juillet<br>- le samedi 23 et le dimanche 24 juillet<br>- le samedi 30 et le dimanche 31 juillet<br>Le trafic est interrompu entre Paris Est et Provins.<br>Un service de bus de remplacement est mis en place, avec desserte des gares intermédiaires.<br>Pour plus d'informations, <a href=""https://www.transilien.com/sites/transilien/files/sentinelle-20220709-p-paris-provins-bus.pdf"" target="""">cliquez ici pour télécharger l'affiche PDF</a>.<br>Les horaires du calculateur d'itinéraire tiennent compte des travaux.<br>Motif : travaux.</p>";20220620T235009;Transilien Train Transilien P;f4453358-f0e2-11ec-ac95-005056a44da2;travaux
future;Incidents;30;perturbée;SIGNIFICANT_DELAYS;20220730T204500;20220731T014500;f4453358-f0e2-11ec-ac95-005056a44da2;" / Ligne P : Paris Est - Provins du 9 au 31 juillet / <p>Période : à partir de 20h45<br>Dates :<br>- le samedi 9 et le dimanche 10 juillet<br>- le samedi 16 et le dimanche 17 juillet<br>- le samedi 23 et le dimanche 24 juillet<br>- le samedi 30 et le dimanche 31 juillet<br>Le trafic est interrompu entre Paris Est et Provins.<br>Un service de bus de remplacement est mis en place, avec desserte des gares intermédiaires.<br>Pour plus d'informations, <a href=""https://www.transilien.com/sites/transilien/files/sentinelle-20220709-p-paris-provins-bus.pdf"" target="""">cliquez ici pour télécharger l'affiche PDF</a>.<br>Les horaires du calculateur d'itinéraire tiennent compte des travaux.<br>Motif : travaux.</p>";20220620T235009;Transilien Train Transilien P;f4453358-f0e2-11ec-ac95-005056a44da2;travaux
future;Incidents;30;perturbée;SIGNIFICANT_DELAYS;20220724T204500;20220725T014500;f4453358-f0e2-11ec-ac95-005056a44da2;" / Ligne P : Paris Est - Provins du 9 au 31 juillet / <p>Période : à partir de 20h45<br>Dates :<br>- le samedi 9 et le dimanche 10 juillet<br>- le samedi 16 et le dimanche 17 juillet<br>- le samedi 23 et le dimanche 24 juillet<br>- le samedi 30 et le dimanche 31 juillet<br>Le trafic est interrompu entre Paris Est et Provins.<br>Un service de bus de remplacement est mis en place, avec desserte des gares intermédiaires.<br>Pour plus d'informations, <a href=""https://www.transilien.com/sites/transilien/files/sentinelle-20220709-p-paris-provins-bus.pdf"" target="""">cliquez ici pour télécharger l'affiche PDF</a>.<br>Les horaires du calculateur d'itinéraire tiennent compte des travaux.<br>Motif : travaux.</p>";20220620T235009;Transilien Train Transilien P;f4453358-f0e2-11ec-ac95-005056a44da2;travaux
future;Incidents;30;perturbée;SIGNIFICANT_DELAYS;20220723T204500;20220724T014500;f4453358-f0e2-11ec-ac95-005056a44da2;" / Ligne P : Paris Est - Provins du 9 au 31 juillet / <p>Période : à partir de 20h45<br>Dates :<br>- le samedi 9 et le dimanche 10 juillet<br>- le samedi 16 et le dimanche 17 juillet<br>- le samedi 23 et le dimanche 24 juillet<br>- le samedi 30 et le dimanche 31 juillet<br>Le trafic est interrompu entre Paris Est et Provins.<br>Un service de bus de remplacement est mis en place, avec desserte des gares intermédiaires.<br>Pour plus d'informations, <a href=""https://www.transilien.com/sites/transilien/files/sentinelle-20220709-p-paris-provins-bus.pdf"" target="""">cliquez ici pour télécharger l'affiche PDF</a>.<br>Les horaires du calculateur d'itinéraire tiennent compte des travaux.<br>Motif : travaux.</p>";20220620T235009;Transilien Train Transilien P;f4453358-f0e2-11ec-ac95-005056a44da2;travaux
future;Incidents;30;perturbée;SIGNIFICANT_DELAYS;20220717T204500;20220718T014500;f4453358-f0e2-11ec-ac95-005056a44da2;" / Ligne P : Paris Est - Provins du 9 au 31 juillet / <p>Période : à partir de 20h45<br>Dates :<br>- le samedi 9 et le dimanche 10 juillet<br>- le samedi 16 et le dimanche 17 juillet<br>- le samedi 23 et le dimanche 24 juillet<br>- le samedi 30 et le dimanche 31 juillet<br>Le trafic est interrompu entre Paris Est et Provins.<br>Un service de bus de remplacement est mis en place, avec desserte des gares intermédiaires.<br>Pour plus d'informations, <a href=""https://www.transilien.com/sites/transilien/files/sentinelle-20220709-p-paris-provins-bus.pdf"" target="""">cliquez ici pour télécharger l'affiche PDF</a>.<br>Les horaires du calculateur d'itinéraire tiennent compte des travaux.<br>Motif : travaux.</p>";20220620T235009;Transilien Train Transilien P;f4453358-f0e2-11ec-ac95-005056a44da2;travaux
future;Incidents;30;perturbée;SIGNIFICANT_DELAYS;20220716T204500;20220717T014500;f4453358-f0e2-11ec-ac95-005056a44da2;" / Ligne P : Paris Est - Provins du 9 au 31 juillet / <p>Période : à partir de 20h45<br>Dates :<br>- le samedi 9 et le dimanche 10 juillet<br>- le samedi 16 et le dimanche 17 juillet<br>- le samedi 23 et le dimanche 24 juillet<br>- le samedi 30 et le dimanche 31 juillet<br>Le trafic est interrompu entre Paris Est et Provins.<br>Un service de bus de remplacement est mis en place, avec desserte des gares intermédiaires.<br>Pour plus d'informations, <a href=""https://www.transilien.com/sites/transilien/files/sentinelle-20220709-p-paris-provins-bus.pdf"" target="""">cliquez ici pour télécharger l'affiche PDF</a>.<br>Les horaires du calculateur d'itinéraire tiennent compte des travaux.<br>Motif : travaux.</p>";20220620T235009;Transilien Train Transilien P;f4453358-f0e2-11ec-ac95-005056a44da2;travaux
future;Incidents;30;perturbée;SIGNIFICANT_DELAYS;20220717T223000;20220718T023000;16957f08-f15b-11ec-b4fc-005056a47b86;" / Ligne P : Paris Est - Coulommiers le 17 juillet / <p>Période : à partir de 22h30<br>Dates : dimanche 17 juillet<br>Le trafic est interrompu entre Paris Est et Coulommiers.<br>Un service de bus de remplacement est mis en place, avec desserte des gares intermédiaires.<br>Pour plus d'informations, <a href=""https://www.transilien.com/sites/transilien/files/sentinelle-20220717-p-paris-coulommiers-bus.pdf"" target="""">cliquez ici pour télécharger l'affiche PDF</a>.<br>Les horaires du calculateur d'itinéraire tiennent compte des travaux.<br>Motif : travaux.</p> / <p>Période : à partir de 22h30<br>Dates : dimanche 17 juillet<br>Le trafic est interrompu entre Paris Est et Coulommiers.<br>Un service de bus de remplacement est mis en place, avec desserte des gares intermédiaires.<br>Pour plus d'informations, <a href=""https://www.transilien.com/sites/transilien/files/sentinelle-20220717-p-paris-coulommiers-bus.pdf"" target="""">cliquez ici pour télécharger l'affiche PDF</a>.<br>Les horaires du calculateur d'itinéraire tiennent compte des travaux.<br>Motif : travaux.</p> / Ligne P : Paris Est - Coulommiers le 17 juillet";20220621T141006;Transilien Train Transilien P;16957f08-f15b-11ec-b4fc-005056a47b86;travaux
future;Incidents;30;perturbée;SIGNIFICANT_DELAYS;20220716T000000;20220716T235000;2fa7ad66-f15d-11ec-b0ff-005056a44da2;" / Ligne P : Paris Est - Coulommiers le 16 juillet / <p>Période : toute la journée<br>Dates : samedi 16 juillet<br>Le trafic est interrompu entre Paris Est et Coulommiers.<br>Un service de bus de remplacement est mis en place entre Gretz-Armainvilliers et Coulommiers jusqu'à 22h30 puis entre Paris Est et Coulommiers à partir de 22h30, avec desserte des gares intermédiaires.<br>Pour plus d'informations, <a href=""https://www.transilien.com/sites/transilien/files/sentinelle-20220716-p-tournan-nondesservie-sam16juillet.pdf"" target=""_blank"">cliquez ici pour télécharger l'affiche PDF</a>.<br>Les horaires du calculateur d'itinéraire tiennent compte des travaux.<br>Motif : travaux.</p> / Ligne P : Paris Est - Coulommiers le 16 juillet";20220621T142507;Transilien Train Transilien P;2fa7ad66-f15d-11ec-b0ff-005056a44da2;travaux
future;Incidents;30;perturbée;SIGNIFICANT_DELAYS;20220830T223000;20220831T021000;34fca5f8-f182-11ec-83f0-005056a44da2;" / Ligne U : La Défense - La Verrière du 05 au 31/08 / <p>Période : à partir de 22h30<br>Dates : <br>- le vendredi 05 août<br>- du lundi 22 au mercredi 31 août sauf samedi et dimanche<br>Le trafic est interrompu entre La Défense et La Verrière.<br>Un service de bus de remplacement est mis en place, avec desserte des gares intermédiaire.<br><a href="" Pour plus d'informations sur les bus de remplacement du lundi 5 août et du lundi 22 août au mercredi 31 août (sauf samedi et dimanche), cliquez ici pour télécharger l'affiche PDF.​​"" target=""""> </a><br><a href=""https://www.transilien.com/sites/transilien/files/sentinelle-20220805-u-ladefenselaverriere-du5au31aout.pdf"" target="""">Pour plus d'informations sur les bus de remplacement du lundi 5 août et du lundi 22 août au mercredi 31 août (sauf samedi et dimanche), cliquez ici pour télécharger l'affiche PDF.​​</a><br>Les horaires du calculateur d'itinéraire tiennent compte des travaux.<br>Motif : travaux.</p>";20220621T185007;Transilien Train Transilien U;34fca5f8-f182-11ec-83f0-005056a44da2;travaux
future;Incidents;30;perturbée;SIGNIFICANT_DELAYS;20220829T223000;20220830T021000;34fca5f8-f182-11ec-83f0-005056a44da2;" / Ligne U : La Défense - La Verrière du 05 au 31/08 / <p>Période : à partir de 22h30<br>Dates : <br>- le vendredi 05 août<br>- du lundi 22 au mercredi 31 août sauf samedi et dimanche<br>Le trafic est interrompu entre La Défense et La Verrière.<br>Un service de bus de remplacement est mis en place, avec desserte des gares intermédiaire.<br><a href="" Pour plus d'informations sur les bus de remplacement du lundi 5 août et du lundi 22 août au mercredi 31 août (sauf samedi et dimanche), cliquez ici pour télécharger l'affiche PDF.​​"" target=""""> </a><br><a href=""https://www.transilien.com/sites/transilien/files/sentinelle-20220805-u-ladefenselaverriere-du5au31aout.pdf"" target="""">Pour plus d'informations sur les bus de remplacement du lundi 5 août et du lundi 22 août au mercredi 31 août (sauf samedi et dimanche), cliquez ici pour télécharger l'affiche PDF.​​</a><br>Les horaires du calculateur d'itinéraire tiennent compte des travaux.<br>Motif : travaux.</p>";20220621T185007;Transilien Train Transilien U;34fca5f8-f182-11ec-83f0-005056a44da2;travaux
future;Incidents;30;perturbée;SIGNIFICANT_DELAYS;20220826T223000;20220827T021000;34fca5f8-f182-11ec-83f0-005056a44da2;" / Ligne U : La Défense - La Verrière du 05 au 31/08 / <p>Période : à partir de 22h30<br>Dates : <br>- le vendredi 05 août<br>- du lundi 22 au mercredi 31 août sauf samedi et dimanche<br>Le trafic est interrompu entre La Défense et La Verrière.<br>Un service de bus de remplacement est mis en place, avec desserte des gares intermédiaire.<br><a href="" Pour plus d'informations sur les bus de remplacement du lundi 5 août et du lundi 22 août au mercredi 31 août (sauf samedi et dimanche), cliquez ici pour télécharger l'affiche PDF.​​"" target=""""> </a><br><a href=""https://www.transilien.com/sites/transilien/files/sentinelle-20220805-u-ladefenselaverriere-du5au31aout.pdf"" target="""">Pour plus d'informations sur les bus de remplacement du lundi 5 août et du lundi 22 août au mercredi 31 août (sauf samedi et dimanche), cliquez ici pour télécharger l'affiche PDF.​​</a><br>Les horaires du calculateur d'itinéraire tiennent compte des travaux.<br>Motif : travaux.</p>";20220621T185007;Transilien Train Transilien U;34fca5f8-f182-11ec-83f0-005056a44da2;travaux
future;Incidents;30;perturbée;SIGNIFICANT_DELAYS;20220825T223000;20220826T021000;34fca5f8-f182-11ec-83f0-005056a44da2;" / Ligne U : La Défense - La Verrière du 05 au 31/08 / <p>Période : à partir de 22h30<br>Dates : <br>- le vendredi 05 août<br>- du lundi 22 au mercredi 31 août sauf samedi et dimanche<br>Le trafic est interrompu entre La Défense et La Verrière.<br>Un service de bus de remplacement est mis en place, avec desserte des gares intermédiaire.<br><a href="" Pour plus d'informations sur les bus de remplacement du lundi 5 août et du lundi 22 août au mercredi 31 août (sauf samedi et dimanche), cliquez ici pour télécharger l'affiche PDF.​​"" target=""""> </a><br><a href=""https://www.transilien.com/sites/transilien/files/sentinelle-20220805-u-ladefenselaverriere-du5au31aout.pdf"" target="""">Pour plus d'informations sur les bus de remplacement du lundi 5 août et du lundi 22 août au mercredi 31 août (sauf samedi et dimanche), cliquez ici pour télécharger l'affiche PDF.​​</a><br>Les horaires du calculateur d'itinéraire tiennent compte des travaux.<br>Motif : travaux.</p>";20220621T185007;Transilien Train Transilien U;34fca5f8-f182-11ec-83f0-005056a44da2;travaux
future;Incidents;30;perturbée;SIGNIFICANT_DELAYS;20220824T223000;20220825T021000;34fca5f8-f182-11ec-83f0-005056a44da2;" / Ligne U : La Défense - La Verrière du 05 au 31/08 / <p>Période : à partir de 22h30<br>Dates : <br>- le vendredi 05 août<br>- du lundi 22 au mercredi 31 août sauf samedi et dimanche<br>Le trafic est interrompu entre La Défense et La Verrière.<br>Un service de bus de remplacement est mis en place, avec desserte des gares intermédiaire.<br><a href="" Pour plus d'informations sur les bus de remplacement du lundi 5 août et du lundi 22 août au mercredi 31 août (sauf samedi et dimanche), cliquez ici pour télécharger l'affiche PDF.​​"" target=""""> </a><br><a href=""https://www.transilien.com/sites/transilien/files/sentinelle-20220805-u-ladefenselaverriere-du5au31aout.pdf"" target="""">Pour plus d'informations sur les bus de remplacement du lundi 5 août et du lundi 22 août au mercredi 31 août (sauf samedi et dimanche), cliquez ici pour télécharger l'affiche PDF.​​</a><br>Les horaires du calculateur d'itinéraire tiennent compte des travaux.<br>Motif : travaux.</p>";20220621T185007;Transilien Train Transilien U;34fca5f8-f182-11ec-83f0-005056a44da2;travaux
future;Incidents;30;perturbée;SIGNIFICANT_DELAYS;20220823T223000;20220824T021000;34fca5f8-f182-11ec-83f0-005056a44da2;" / Ligne U : La Défense - La Verrière du 05 au 31/08 / <p>Période : à partir de 22h30<br>Dates : <br>- le vendredi 05 août<br>- du lundi 22 au mercredi 31 août sauf samedi et dimanche<br>Le trafic est interrompu entre La Défense et La Verrière.<br>Un service de bus de remplacement est mis en place, avec desserte des gares intermédiaire.<br><a href="" Pour plus d'informations sur les bus de remplacement du lundi 5 août et du lundi 22 août au mercredi 31 août (sauf samedi et dimanche), cliquez ici pour télécharger l'affiche PDF.​​"" target=""""> </a><br><a href=""https://www.transilien.com/sites/transilien/files/sentinelle-20220805-u-ladefenselaverriere-du5au31aout.pdf"" target="""">Pour plus d'informations sur les bus de remplacement du lundi 5 août et du lundi 22 août au mercredi 31 août (sauf samedi et dimanche), cliquez ici pour télécharger l'affiche PDF.​​</a><br>Les horaires du calculateur d'itinéraire tiennent compte des travaux.<br>Motif : travaux.</p>";20220621T185007;Transilien Train Transilien U;34fca5f8-f182-11ec-83f0-005056a44da2;travaux
future;Incidents;30;perturbée;SIGNIFICANT_DELAYS;20220822T223000;20220823T021000;34fca5f8-f182-11ec-83f0-005056a44da2;" / Ligne U : La Défense - La Verrière du 05 au 31/08 / <p>Période : à partir de 22h30<br>Dates : <br>- le vendredi 05 août<br>- du lundi 22 au mercredi 31 août sauf samedi et dimanche<br>Le trafic est interrompu entre La Défense et La Verrière.<br>Un service de bus de remplacement est mis en place, avec desserte des gares intermédiaire.<br><a href="" Pour plus d'informations sur les bus de remplacement du lundi 5 août et du lundi 22 août au mercredi 31 août (sauf samedi et dimanche), cliquez ici pour télécharger l'affiche PDF.​​"" target=""""> </a><br><a href=""https://www.transilien.com/sites/transilien/files/sentinelle-20220805-u-ladefenselaverriere-du5au31aout.pdf"" target="""">Pour plus d'informations sur les bus de remplacement du lundi 5 août et du lundi 22 août au mercredi 31 août (sauf samedi et dimanche), cliquez ici pour télécharger l'affiche PDF.​​</a><br>Les horaires du calculateur d'itinéraire tiennent compte des travaux.<br>Motif : travaux.</p>";20220621T185007;Transilien Train Transilien U;34fca5f8-f182-11ec-83f0-005056a44da2;travaux
future;Incidents;30;perturbée;SIGNIFICANT_DELAYS;20220805T223000;20220806T021000;34fca5f8-f182-11ec-83f0-005056a44da2;" / Ligne U : La Défense - La Verrière du 05 au 31/08 / <p>Période : à partir de 22h30<br>Dates : <br>- le vendredi 05 août<br>- du lundi 22 au mercredi 31 août sauf samedi et dimanche<br>Le trafic est interrompu entre La Défense et La Verrière.<br>Un service de bus de remplacement est mis en place, avec desserte des gares intermédiaire.<br><a href="" Pour plus d'informations sur les bus de remplacement du lundi 5 août et du lundi 22 août au mercredi 31 août (sauf samedi et dimanche), cliquez ici pour télécharger l'affiche PDF.​​"" target=""""> </a><br><a href=""https://www.transilien.com/sites/transilien/files/sentinelle-20220805-u-ladefenselaverriere-du5au31aout.pdf"" target="""">Pour plus d'informations sur les bus de remplacement du lundi 5 août et du lundi 22 août au mercredi 31 août (sauf samedi et dimanche), cliquez ici pour télécharger l'affiche PDF.​​</a><br>Les horaires du calculateur d'itinéraire tiennent compte des travaux.<br>Motif : travaux.</p>";20220621T185007;Transilien Train Transilien U;34fca5f8-f182-11ec-83f0-005056a44da2;travaux
future;Incidents;30;perturbée;SIGNIFICANT_DELAYS;20220831T223000;20220901T021000;34fca5f8-f182-11ec-83f0-005056a44da2;" / Ligne U : La Défense - La Verrière du 05 au 31/08 / <p>Période : à partir de 22h30<br>Dates : <br>- le vendredi 05 août<br>- du lundi 22 au mercredi 31 août sauf samedi et dimanche<br>Le trafic est interrompu entre La Défense et La Verrière.<br>Un service de bus de remplacement est mis en place, avec desserte des gares intermédiaire.<br><a href="" Pour plus d'informations sur les bus de remplacement du lundi 5 août et du lundi 22 août au mercredi 31 août (sauf samedi et dimanche), cliquez ici pour télécharger l'affiche PDF.​​"" target=""""> </a><br><a href=""https://www.transilien.com/sites/transilien/files/sentinelle-20220805-u-ladefenselaverriere-du5au31aout.pdf"" target="""">Pour plus d'informations sur les bus de remplacement du lundi 5 août et du lundi 22 août au mercredi 31 août (sauf samedi et dimanche), cliquez ici pour télécharger l'affiche PDF.​​</a><br>Les horaires du calculateur d'itinéraire tiennent compte des travaux.<br>Motif : travaux.</p>";20220621T185007;Transilien Train Transilien U;34fca5f8-f182-11ec-83f0-005056a44da2;travaux
future;Incidents;30;perturbée;SIGNIFICANT_DELAYS;20220717T093000;20220717T110000;481c4b4c-f2cd-11ec-9419-005056a44da2; / Ligne P : Paris Est - La Ferté-Milon - 17 juillet / <p>Période : 9h37<br>Dates : dimanche 17 juillet <br>Le train de 9h36 au départ de Paris-Est vers La Ferté-Milon partira à 9h56 et arrivera à 10h54 à Paris-Est.<br>Les horaires du calculateur d'itinéraire tiennent compte des travaux.<br>Motif : travaux.</p> / <p>Période : 9h37<br>Dates : dimanche 17 juillet <br>Le train de 9h36 au départ de Paris-Est vers La Ferté-Milon partira à 9h56 et arrivera à 10h54 à Paris-Est.<br>Les horaires du calculateur d'itinéraire tiennent compte des travaux.<br>Motif : travaux.</p> / Ligne P : Paris Est - La Ferté-Milon - 17 juillet;20220623T102003;Transilien Train Transilien P;481c4b4c-f2cd-11ec-9419-005056a44da2;travaux
future;Incidents;30;perturbée;SIGNIFICANT_DELAYS;20220717T142000;20220717T150000;61ee0ad6-f2cf-11ec-95b5-005056a47b86; / Ligne P : Meaux - Paris Est dimanche 17 juillet / <p>Période : 14h21<br>Dates : dimanche 17 juillet<br>Le train de 14h27 de Meaux vers Paris Est partira avec 6 minutes d'avance sur l'ensemble de son parcours<br>Les horaires du calculateur d'itinéraire tiennent compte des travaux.<br>Motif : travaux.</p> / <p>Période : 14h21<br>Dates : dimanche 17 juillet<br>Le train de 14h27 de Meaux vers Paris Est partira avec 6 minutes d'avance sur l'ensemble de son parcours<br>Les horaires du calculateur d'itinéraire tiennent compte des travaux.<br>Motif : travaux.</p> / Ligne P : Meaux - Paris Est dimanche 17 juillet;20220623T103505;Transilien Train Transilien P;61ee0ad6-f2cf-11ec-95b5-005056a47b86;travaux
future;Incidents;30;perturbée;SIGNIFICANT_DELAYS;20220717T094000;20220717T225000;c60cae5e-f2d0-11ec-9419-005056a44da2; / Ligne P : Paris Est - Château-Thierry 16-17/07 / <p>Période : à partir de 9h48<br>Dates : samedi 16 et dimanche 17 juillet<br>De Paris Est vers Château-Thierry, les trains partent avec une minute d'avance à partir du train de 9h48.<br>Les horaires du calculateur d'itinéraire tiennent compte des travaux.<br>Motif : travaux.</p> / <p>Période : à partir de 9h48<br>Dates : samedi 16 et dimanche 17 juillet<br>De Paris Est vers Château-Thierry, les trains partent avec une minute d'avance à partir du train de 9h48.<br>Les horaires du calculateur d'itinéraire tiennent compte des travaux.<br>Motif : travaux.</p> / Ligne P : Paris Est - Château-Thierry 16-17/07;20220623T104503;Transilien Train Transilien P;c60cae5e-f2d0-11ec-9419-005056a44da2;travaux
future;Incidents;30;perturbée;SIGNIFICANT_DELAYS;20220716T094000;20220716T225000;c60cae5e-f2d0-11ec-9419-005056a44da2; / Ligne P : Paris Est - Château-Thierry 16-17/07 / <p>Période : à partir de 9h48<br>Dates : samedi 16 et dimanche 17 juillet<br>De Paris Est vers Château-Thierry, les trains partent avec une minute d'avance à partir du train de 9h48.<br>Les horaires du calculateur d'itinéraire tiennent compte des travaux.<br>Motif : travaux.</p> / <p>Période : à partir de 9h48<br>Dates : samedi 16 et dimanche 17 juillet<br>De Paris Est vers Château-Thierry, les trains partent avec une minute d'avance à partir du train de 9h48.<br>Les horaires du calculateur d'itinéraire tiennent compte des travaux.<br>Motif : travaux.</p> / Ligne P : Paris Est - Château-Thierry 16-17/07;20220623T104503;Transilien Train Transilien P;c60cae5e-f2d0-11ec-9419-005056a44da2;travaux
future;Incidents;30;perturbée;SIGNIFICANT_DELAYS;20220728T070000;20220728T200000;a0b2fc4a-f3a1-11ec-b4fc-005056a47b86; / Ligne P : Paris Est - Château-Th du 18/07 au 19/08 / <p>Période : 7h19 et 18h05<br>Dates : du lundi 18 juillet au vendredi 19 août, du lundi au vendredi<br>Les trains suivants sont supprimés :<br>- 7h19 au départ de Château-Thierry, arrivée 8h25 à Paris<br>- 18h05 au départ de Paris, arrivée 19h11 à Château-Thierry<br>Les horaires du calculateur d'itinéraire tiennent compte des travaux.<br>Motif : travaux été.</p> / <p>Période : 7h19 et 18h05<br>Dates : du lundi 18 juillet au vendredi 19 août, du lundi au vendredi<br>Les trains suivants sont supprimés :<br>- 7h19 au départ de Château-Thierry, arrivée 8h25 à Paris<br>- 18h05 au départ de Paris, arrivée 19h11 à Château-Thierry<br>Les horaires du calculateur d'itinéraire tiennent compte des travaux.<br>Motif : travaux été.</p> / Ligne P : Paris Est - Château-Th du 18/07 au 19/08;20220624T114005;Transilien Train Transilien P;a0b2fc4a-f3a1-11ec-b4fc-005056a47b86;travaux
future;Incidents;30;perturbée;SIGNIFICANT_DELAYS;20220722T070000;20220722T200000;a0b2fc4a-f3a1-11ec-b4fc-005056a47b86; / Ligne P : Paris Est - Château-Th du 18/07 au 19/08 / <p>Période : 7h19 et 18h05<br>Dates : du lundi 18 juillet au vendredi 19 août, du lundi au vendredi<br>Les trains suivants sont supprimés :<br>- 7h19 au départ de Château-Thierry, arrivée 8h25 à Paris<br>- 18h05 au départ de Paris, arrivée 19h11 à Château-Thierry<br>Les horaires du calculateur d'itinéraire tiennent compte des travaux.<br>Motif : travaux été.</p> / <p>Période : 7h19 et 18h05<br>Dates : du lundi 18 juillet au vendredi 19 août, du lundi au vendredi<br>Les trains suivants sont supprimés :<br>- 7h19 au départ de Château-Thierry, arrivée 8h25 à Paris<br>- 18h05 au départ de Paris, arrivée 19h11 à Château-Thierry<br>Les horaires du calculateur d'itinéraire tiennent compte des travaux.<br>Motif : travaux été.</p> / Ligne P : Paris Est - Château-Th du 18/07 au 19/08;20220624T114005;Transilien Train Transilien P;a0b2fc4a-f3a1-11ec-b4fc-005056a47b86;travaux
future;Incidents;30;perturbée;SIGNIFICANT_DELAYS;20220803T070000;20220803T200000;a0b2fc4a-f3a1-11ec-b4fc-005056a47b86; / Ligne P : Paris Est - Château-Th du 18/07 au 19/08 / <p>Période : 7h19 et 18h05<br>Dates : du lundi 18 juillet au vendredi 19 août, du lundi au vendredi<br>Les trains suivants sont supprimés :<br>- 7h19 au départ de Château-Thierry, arrivée 8h25 à Paris<br>- 18h05 au départ de Paris, arrivée 19h11 à Château-Thierry<br>Les horaires du calculateur d'itinéraire tiennent compte des travaux.<br>Motif : travaux été.</p> / <p>Période : 7h19 et 18h05<br>Dates : du lundi 18 juillet au vendredi 19 août, du lundi au vendredi<br>Les trains suivants sont supprimés :<br>- 7h19 au départ de Château-Thierry, arrivée 8h25 à Paris<br>- 18h05 au départ de Paris, arrivée 19h11 à Château-Thierry<br>Les horaires du calculateur d'itinéraire tiennent compte des travaux.<br>Motif : travaux été.</p> / Ligne P : Paris Est - Château-Th du 18/07 au 19/08;20220624T114005;Transilien Train Transilien P;a0b2fc4a-f3a1-11ec-b4fc-005056a47b86;travaux
future;Incidents;30;perturbée;SIGNIFICANT_DELAYS;20220819T070000;20220819T200000;a0b2fc4a-f3a1-11ec-b4fc-005056a47b86; / Ligne P : Paris Est - Château-Th du 18/07 au 19/08 / <p>Période : 7h19 et 18h05<br>Dates : du lundi 18 juillet au vendredi 19 août, du lundi au vendredi<br>Les trains suivants sont supprimés :<br>- 7h19 au départ de Château-Thierry, arrivée 8h25 à Paris<br>- 18h05 au départ de Paris, arrivée 19h11 à Château-Thierry<br>Les horaires du calculateur d'itinéraire tiennent compte des travaux.<br>Motif : travaux été.</p> / <p>Période : 7h19 et 18h05<br>Dates : du lundi 18 juillet au vendredi 19 août, du lundi au vendredi<br>Les trains suivants sont supprimés :<br>- 7h19 au départ de Château-Thierry, arrivée 8h25 à Paris<br>- 18h05 au départ de Paris, arrivée 19h11 à Château-Thierry<br>Les horaires du calculateur d'itinéraire tiennent compte des travaux.<br>Motif : travaux été.</p> / Ligne P : Paris Est - Château-Th du 18/07 au 19/08;20220624T114005;Transilien Train Transilien P;a0b2fc4a-f3a1-11ec-b4fc-005056a47b86;travaux
future;Incidents;30;perturbée;SIGNIFICANT_DELAYS;20220818T070000;20220818T200000;a0b2fc4a-f3a1-11ec-b4fc-005056a47b86; / Ligne P : Paris Est - Château-Th du 18/07 au 19/08 / <p>Période : 7h19 et 18h05<br>Dates : du lundi 18 juillet au vendredi 19 août, du lundi au vendredi<br>Les trains suivants sont supprimés :<br>- 7h19 au départ de Château-Thierry, arrivée 8h25 à Paris<br>- 18h05 au départ de Paris, arrivée 19h11 à Château-Thierry<br>Les horaires du calculateur d'itinéraire tiennent compte des travaux.<br>Motif : travaux été.</p> / <p>Période : 7h19 et 18h05<br>Dates : du lundi 18 juillet au vendredi 19 août, du lundi au vendredi<br>Les trains suivants sont supprimés :<br>- 7h19 au départ de Château-Thierry, arrivée 8h25 à Paris<br>- 18h05 au départ de Paris, arrivée 19h11 à Château-Thierry<br>Les horaires du calculateur d'itinéraire tiennent compte des travaux.<br>Motif : travaux été.</p> / Ligne P : Paris Est - Château-Th du 18/07 au 19/08;20220624T114005;Transilien Train Transilien P;a0b2fc4a-f3a1-11ec-b4fc-005056a47b86;travaux
future;Incidents;30;perturbée;SIGNIFICANT_DELAYS;20220817T070000;20220817T200000;a0b2fc4a-f3a1-11ec-b4fc-005056a47b86; / Ligne P : Paris Est - Château-Th du 18/07 au 19/08 / <p>Période : 7h19 et 18h05<br>Dates : du lundi 18 juillet au vendredi 19 août, du lundi au vendredi<br>Les trains suivants sont supprimés :<br>- 7h19 au départ de Château-Thierry, arrivée 8h25 à Paris<br>- 18h05 au départ de Paris, arrivée 19h11 à Château-Thierry<br>Les horaires du calculateur d'itinéraire tiennent compte des travaux.<br>Motif : travaux été.</p> / <p>Période : 7h19 et 18h05<br>Dates : du lundi 18 juillet au vendredi 19 août, du lundi au vendredi<br>Les trains suivants sont supprimés :<br>- 7h19 au départ de Château-Thierry, arrivée 8h25 à Paris<br>- 18h05 au départ de Paris, arrivée 19h11 à Château-Thierry<br>Les horaires du calculateur d'itinéraire tiennent compte des travaux.<br>Motif : travaux été.</p> / Ligne P : Paris Est - Château-Th du 18/07 au 19/08;20220624T114005;Transilien Train Transilien P;a0b2fc4a-f3a1-11ec-b4fc-005056a47b86;travaux
future;Incidents;30;perturbée;SIGNIFICANT_DELAYS;20220816T070000;20220816T200000;a0b2fc4a-f3a1-11ec-b4fc-005056a47b86; / Ligne P : Paris Est - Château-Th du 18/07 au 19/08 / <p>Période : 7h19 et 18h05<br>Dates : du lundi 18 juillet au vendredi 19 août, du lundi au vendredi<br>Les trains suivants sont supprimés :<br>- 7h19 au départ de Château-Thierry, arrivée 8h25 à Paris<br>- 18h05 au départ de Paris, arrivée 19h11 à Château-Thierry<br>Les horaires du calculateur d'itinéraire tiennent compte des travaux.<br>Motif : travaux été.</p> / <p>Période : 7h19 et 18h05<br>Dates : du lundi 18 juillet au vendredi 19 août, du lundi au vendredi<br>Les trains suivants sont supprimés :<br>- 7h19 au départ de Château-Thierry, arrivée 8h25 à Paris<br>- 18h05 au départ de Paris, arrivée 19h11 à Château-Thierry<br>Les horaires du calculateur d'itinéraire tiennent compte des travaux.<br>Motif : travaux été.</p> / Ligne P : Paris Est - Château-Th du 18/07 au 19/08;20220624T114005;Transilien Train Transilien P;a0b2fc4a-f3a1-11ec-b4fc-005056a47b86;travaux
future;Incidents;30;perturbée;SIGNIFICANT_DELAYS;20220815T070000;20220815T200000;a0b2fc4a-f3a1-11ec-b4fc-005056a47b86; / Ligne P : Paris Est - Château-Th du 18/07 au 19/08 / <p>Période : 7h19 et 18h05<br>Dates : du lundi 18 juillet au vendredi 19 août, du lundi au vendredi<br>Les trains suivants sont supprimés :<br>- 7h19 au départ de Château-Thierry, arrivée 8h25 à Paris<br>- 18h05 au départ de Paris, arrivée 19h11 à Château-Thierry<br>Les horaires du calculateur d'itinéraire tiennent compte des travaux.<br>Motif : travaux été.</p> / <p>Période : 7h19 et 18h05<br>Dates : du lundi 18 juillet au vendredi 19 août, du lundi au vendredi<br>Les trains suivants sont supprimés :<br>- 7h19 au départ de Château-Thierry, arrivée 8h25 à Paris<br>- 18h05 au départ de Paris, arrivée 19h11 à Château-Thierry<br>Les horaires du calculateur d'itinéraire tiennent compte des travaux.<br>Motif : travaux été.</p> / Ligne P : Paris Est - Château-Th du 18/07 au 19/08;20220624T114005;Transilien Train Transilien P;a0b2fc4a-f3a1-11ec-b4fc-005056a47b86;travaux
future;Incidents;30;perturbée;SIGNIFICANT_DELAYS;20220812T070000;20220812T200000;a0b2fc4a-f3a1-11ec-b4fc-005056a47b86; / Ligne P : Paris Est - Château-Th du 18/07 au 19/08 / <p>Période : 7h19 et 18h05<br>Dates : du lundi 18 juillet au vendredi 19 août, du lundi au vendredi<br>Les trains suivants sont supprimés :<br>- 7h19 au départ de Château-Thierry, arrivée 8h25 à Paris<br>- 18h05 au départ de Paris, arrivée 19h11 à Château-Thierry<br>Les horaires du calculateur d'itinéraire tiennent compte des travaux.<br>Motif : travaux été.</p> / <p>Période : 7h19 et 18h05<br>Dates : du lundi 18 juillet au vendredi 19 août, du lundi au vendredi<br>Les trains suivants sont supprimés :<br>- 7h19 au départ de Château-Thierry, arrivée 8h25 à Paris<br>- 18h05 au départ de Paris, arrivée 19h11 à Château-Thierry<br>Les horaires du calculateur d'itinéraire tiennent compte des travaux.<br>Motif : travaux été.</p> / Ligne P : Paris Est - Château-Th du 18/07 au 19/08;20220624T114005;Transilien Train Transilien P;a0b2fc4a-f3a1-11ec-b4fc-005056a47b86;travaux
future;Incidents;30;perturbée;SIGNIFICANT_DELAYS;20220811T070000;20220811T200000;a0b2fc4a-f3a1-11ec-b4fc-005056a47b86; / Ligne P : Paris Est - Château-Th du 18/07 au 19/08 / <p>Période : 7h19 et 18h05<br>Dates : du lundi 18 juillet au vendredi 19 août, du lundi au vendredi<br>Les trains suivants sont supprimés :<br>- 7h19 au départ de Château-Thierry, arrivée 8h25 à Paris<br>- 18h05 au départ de Paris, arrivée 19h11 à Château-Thierry<br>Les horaires du calculateur d'itinéraire tiennent compte des travaux.<br>Motif : travaux été.</p> / <p>Période : 7h19 et 18h05<br>Dates : du lundi 18 juillet au vendredi 19 août, du lundi au vendredi<br>Les trains suivants sont supprimés :<br>- 7h19 au départ de Château-Thierry, arrivée 8h25 à Paris<br>- 18h05 au départ de Paris, arrivée 19h11 à Château-Thierry<br>Les horaires du calculateur d'itinéraire tiennent compte des travaux.<br>Motif : travaux été.</p> / Ligne P : Paris Est - Château-Th du 18/07 au 19/08;20220624T114005;Transilien Train Transilien P;a0b2fc4a-f3a1-11ec-b4fc-005056a47b86;travaux
future;Incidents;30;perturbée;SIGNIFICANT_DELAYS;20220810T070000;20220810T200000;a0b2fc4a-f3a1-11ec-b4fc-005056a47b86; / Ligne P : Paris Est - Château-Th du 18/07 au 19/08 / <p>Période : 7h19 et 18h05<br>Dates : du lundi 18 juillet au vendredi 19 août, du lundi au vendredi<br>Les trains suivants sont supprimés :<br>- 7h19 au départ de Château-Thierry, arrivée 8h25 à Paris<br>- 18h05 au départ de Paris, arrivée 19h11 à Château-Thierry<br>Les horaires du calculateur d'itinéraire tiennent compte des travaux.<br>Motif : travaux été.</p> / <p>Période : 7h19 et 18h05<br>Dates : du lundi 18 juillet au vendredi 19 août, du lundi au vendredi<br>Les trains suivants sont supprimés :<br>- 7h19 au départ de Château-Thierry, arrivée 8h25 à Paris<br>- 18h05 au départ de Paris, arrivée 19h11 à Château-Thierry<br>Les horaires du calculateur d'itinéraire tiennent compte des travaux.<br>Motif : travaux été.</p> / Ligne P : Paris Est - Château-Th du 18/07 au 19/08;20220624T114005;Transilien Train Transilien P;a0b2fc4a-f3a1-11ec-b4fc-005056a47b86;travaux
future;Incidents;30;perturbée;SIGNIFICANT_DELAYS;20220809T070000;20220809T200000;a0b2fc4a-f3a1-11ec-b4fc-005056a47b86; / Ligne P : Paris Est - Château-Th du 18/07 au 19/08 / <p>Période : 7h19 et 18h05<br>Dates : du lundi 18 juillet au vendredi 19 août, du lundi au vendredi<br>Les trains suivants sont supprimés :<br>- 7h19 au départ de Château-Thierry, arrivée 8h25 à Paris<br>- 18h05 au départ de Paris, arrivée 19h11 à Château-Thierry<br>Les horaires du calculateur d'itinéraire tiennent compte des travaux.<br>Motif : travaux été.</p> / <p>Période : 7h19 et 18h05<br>Dates : du lundi 18 juillet au vendredi 19 août, du lundi au vendredi<br>Les trains suivants sont supprimés :<br>- 7h19 au départ de Château-Thierry, arrivée 8h25 à Paris<br>- 18h05 au départ de Paris, arrivée 19h11 à Château-Thierry<br>Les horaires du calculateur d'itinéraire tiennent compte des travaux.<br>Motif : travaux été.</p> / Ligne P : Paris Est - Château-Th du 18/07 au 19/08;20220624T114005;Transilien Train Transilien P;a0b2fc4a-f3a1-11ec-b4fc-005056a47b86;travaux
future;Incidents;30;perturbée;SIGNIFICANT_DELAYS;20220808T070000;20220808T200000;a0b2fc4a-f3a1-11ec-b4fc-005056a47b86; / Ligne P : Paris Est - Château-Th du 18/07 au 19/08 / <p>Période : 7h19 et 18h05<br>Dates : du lundi 18 juillet au vendredi 19 août, du lundi au vendredi<br>Les trains suivants sont supprimés :<br>- 7h19 au départ de Château-Thierry, arrivée 8h25 à Paris<br>- 18h05 au départ de Paris, arrivée 19h11 à Château-Thierry<br>Les horaires du calculateur d'itinéraire tiennent compte des travaux.<br>Motif : travaux été.</p> / <p>Période : 7h19 et 18h05<br>Dates : du lundi 18 juillet au vendredi 19 août, du lundi au vendredi<br>Les trains suivants sont supprimés :<br>- 7h19 au départ de Château-Thierry, arrivée 8h25 à Paris<br>- 18h05 au départ de Paris, arrivée 19h11 à Château-Thierry<br>Les horaires du calculateur d'itinéraire tiennent compte des travaux.<br>Motif : travaux été.</p> / Ligne P : Paris Est - Château-Th du 18/07 au 19/08;20220624T114005;Transilien Train Transilien P;a0b2fc4a-f3a1-11ec-b4fc-005056a47b86;travaux
future;Incidents;30;perturbée;SIGNIFICANT_DELAYS;20220805T070000;20220805T200000;a0b2fc4a-f3a1-11ec-b4fc-005056a47b86; / Ligne P : Paris Est - Château-Th du 18/07 au 19/08 / <p>Période : 7h19 et 18h05<br>Dates : du lundi 18 juillet au vendredi 19 août, du lundi au vendredi<br>Les trains suivants sont supprimés :<br>- 7h19 au départ de Château-Thierry, arrivée 8h25 à Paris<br>- 18h05 au départ de Paris, arrivée 19h11 à Château-Thierry<br>Les horaires du calculateur d'itinéraire tiennent compte des travaux.<br>Motif : travaux été.</p> / <p>Période : 7h19 et 18h05<br>Dates : du lundi 18 juillet au vendredi 19 août, du lundi au vendredi<br>Les trains suivants sont supprimés :<br>- 7h19 au départ de Château-Thierry, arrivée 8h25 à Paris<br>- 18h05 au départ de Paris, arrivée 19h11 à Château-Thierry<br>Les horaires du calculateur d'itinéraire tiennent compte des travaux.<br>Motif : travaux été.</p> / Ligne P : Paris Est - Château-Th du 18/07 au 19/08;20220624T114005;Transilien Train Transilien P;a0b2fc4a-f3a1-11ec-b4fc-005056a47b86;travaux
future;Incidents;30;perturbée;SIGNIFICANT_DELAYS;20220804T070000;20220804T200000;a0b2fc4a-f3a1-11ec-b4fc-005056a47b86; / Ligne P : Paris Est - Château-Th du 18/07 au 19/08 / <p>Période : 7h19 et 18h05<br>Dates : du lundi 18 juillet au vendredi 19 août, du lundi au vendredi<br>Les trains suivants sont supprimés :<br>- 7h19 au départ de Château-Thierry, arrivée 8h25 à Paris<br>- 18h05 au départ de Paris, arrivée 19h11 à Château-Thierry<br>Les horaires du calculateur d'itinéraire tiennent compte des travaux.<br>Motif : travaux été.</p> / <p>Période : 7h19 et 18h05<br>Dates : du lundi 18 juillet au vendredi 19 août, du lundi au vendredi<br>Les trains suivants sont supprimés :<br>- 7h19 au départ de Château-Thierry, arrivée 8h25 à Paris<br>- 18h05 au départ de Paris, arrivée 19h11 à Château-Thierry<br>Les horaires du calculateur d'itinéraire tiennent compte des travaux.<br>Motif : travaux été.</p> / Ligne P : Paris Est - Château-Th du 18/07 au 19/08;20220624T114005;Transilien Train Transilien P;a0b2fc4a-f3a1-11ec-b4fc-005056a47b86;travaux
future;Incidents;30;perturbée;SIGNIFICANT_DELAYS;20220802T070000;20220802T200000;a0b2fc4a-f3a1-11ec-b4fc-005056a47b86; / Ligne P : Paris Est - Château-Th du 18/07 au 19/08 / <p>Période : 7h19 et 18h05<br>Dates : du lundi 18 juillet au vendredi 19 août, du lundi au vendredi<br>Les trains suivants sont supprimés :<br>- 7h19 au départ de Château-Thierry, arrivée 8h25 à Paris<br>- 18h05 au départ de Paris, arrivée 19h11 à Château-Thierry<br>Les horaires du calculateur d'itinéraire tiennent compte des travaux.<br>Motif : travaux été.</p> / <p>Période : 7h19 et 18h05<br>Dates : du lundi 18 juillet au vendredi 19 août, du lundi au vendredi<br>Les trains suivants sont supprimés :<br>- 7h19 au départ de Château-Thierry, arrivée 8h25 à Paris<br>- 18h05 au départ de Paris, arrivée 19h11 à Château-Thierry<br>Les horaires du calculateur d'itinéraire tiennent compte des travaux.<br>Motif : travaux été.</p> / Ligne P : Paris Est - Château-Th du 18/07 au 19/08;20220624T114005;Transilien Train Transilien P;a0b2fc4a-f3a1-11ec-b4fc-005056a47b86;travaux
future;Incidents;30;perturbée;SIGNIFICANT_DELAYS;20220801T070000;20220801T200000;a0b2fc4a-f3a1-11ec-b4fc-005056a47b86; / Ligne P : Paris Est - Château-Th du 18/07 au 19/08 / <p>Période : 7h19 et 18h05<br>Dates : du lundi 18 juillet au vendredi 19 août, du lundi au vendredi<br>Les trains suivants sont supprimés :<br>- 7h19 au départ de Château-Thierry, arrivée 8h25 à Paris<br>- 18h05 au départ de Paris, arrivée 19h11 à Château-Thierry<br>Les horaires du calculateur d'itinéraire tiennent compte des travaux.<br>Motif : travaux été.</p> / <p>Période : 7h19 et 18h05<br>Dates : du lundi 18 juillet au vendredi 19 août, du lundi au vendredi<br>Les trains suivants sont supprimés :<br>- 7h19 au départ de Château-Thierry, arrivée 8h25 à Paris<br>- 18h05 au départ de Paris, arrivée 19h11 à Château-Thierry<br>Les horaires du calculateur d'itinéraire tiennent compte des travaux.<br>Motif : travaux été.</p> / Ligne P : Paris Est - Château-Th du 18/07 au 19/08;20220624T114005;Transilien Train Transilien P;a0b2fc4a-f3a1-11ec-b4fc-005056a47b86;travaux
future;Incidents;30;perturbée;SIGNIFICANT_DELAYS;20220729T070000;20220729T200000;a0b2fc4a-f3a1-11ec-b4fc-005056a47b86; / Ligne P : Paris Est - Château-Th du 18/07 au 19/08 / <p>Période : 7h19 et 18h05<br>Dates : du lundi 18 juillet au vendredi 19 août, du lundi au vendredi<br>Les trains suivants sont supprimés :<br>- 7h19 au départ de Château-Thierry, arrivée 8h25 à Paris<br>- 18h05 au départ de Paris, arrivée 19h11 à Château-Thierry<br>Les horaires du calculateur d'itinéraire tiennent compte des travaux.<br>Motif : travaux été.</p> / <p>Période : 7h19 et 18h05<br>Dates : du lundi 18 juillet au vendredi 19 août, du lundi au vendredi<br>Les trains suivants sont supprimés :<br>- 7h19 au départ de Château-Thierry, arrivée 8h25 à Paris<br>- 18h05 au départ de Paris, arrivée 19h11 à Château-Thierry<br>Les horaires du calculateur d'itinéraire tiennent compte des travaux.<br>Motif : travaux été.</p> / Ligne P : Paris Est - Château-Th du 18/07 au 19/08;20220624T114005;Transilien Train Transilien P;a0b2fc4a-f3a1-11ec-b4fc-005056a47b86;travaux
future;Incidents;30;perturbée;SIGNIFICANT_DELAYS;20220727T070000;20220727T200000;a0b2fc4a-f3a1-11ec-b4fc-005056a47b86; / Ligne P : Paris Est - Château-Th du 18/07 au 19/08 / <p>Période : 7h19 et 18h05<br>Dates : du lundi 18 juillet au vendredi 19 août, du lundi au vendredi<br>Les trains suivants sont supprimés :<br>- 7h19 au départ de Château-Thierry, arrivée 8h25 à Paris<br>- 18h05 au départ de Paris, arrivée 19h11 à Château-Thierry<br>Les horaires du calculateur d'itinéraire tiennent compte des travaux.<br>Motif : travaux été.</p> / <p>Période : 7h19 et 18h05<br>Dates : du lundi 18 juillet au vendredi 19 août, du lundi au vendredi<br>Les trains suivants sont supprimés :<br>- 7h19 au départ de Château-Thierry, arrivée 8h25 à Paris<br>- 18h05 au départ de Paris, arrivée 19h11 à Château-Thierry<br>Les horaires du calculateur d'itinéraire tiennent compte des travaux.<br>Motif : travaux été.</p> / Ligne P : Paris Est - Château-Th du 18/07 au 19/08;20220624T114005;Transilien Train Transilien P;a0b2fc4a-f3a1-11ec-b4fc-005056a47b86;travaux
future;Incidents;30;perturbée;SIGNIFICANT_DELAYS;20220726T070000;20220726T200000;a0b2fc4a-f3a1-11ec-b4fc-005056a47b86; / Ligne P : Paris Est - Château-Th du 18/07 au 19/08 / <p>Période : 7h19 et 18h05<br>Dates : du lundi 18 juillet au vendredi 19 août, du lundi au vendredi<br>Les trains suivants sont supprimés :<br>- 7h19 au départ de Château-Thierry, arrivée 8h25 à Paris<br>- 18h05 au départ de Paris, arrivée 19h11 à Château-Thierry<br>Les horaires du calculateur d'itinéraire tiennent compte des travaux.<br>Motif : travaux été.</p> / <p>Période : 7h19 et 18h05<br>Dates : du lundi 18 juillet au vendredi 19 août, du lundi au vendredi<br>Les trains suivants sont supprimés :<br>- 7h19 au départ de Château-Thierry, arrivée 8h25 à Paris<br>- 18h05 au départ de Paris, arrivée 19h11 à Château-Thierry<br>Les horaires du calculateur d'itinéraire tiennent compte des travaux.<br>Motif : travaux été.</p> / Ligne P : Paris Est - Château-Th du 18/07 au 19/08;20220624T114005;Transilien Train Transilien P;a0b2fc4a-f3a1-11ec-b4fc-005056a47b86;travaux
future;Incidents;30;perturbée;SIGNIFICANT_DELAYS;20220725T070000;20220725T200000;a0b2fc4a-f3a1-11ec-b4fc-005056a47b86; / Ligne P : Paris Est - Château-Th du 18/07 au 19/08 / <p>Période : 7h19 et 18h05<br>Dates : du lundi 18 juillet au vendredi 19 août, du lundi au vendredi<br>Les trains suivants sont supprimés :<br>- 7h19 au départ de Château-Thierry, arrivée 8h25 à Paris<br>- 18h05 au départ de Paris, arrivée 19h11 à Château-Thierry<br>Les horaires du calculateur d'itinéraire tiennent compte des travaux.<br>Motif : travaux été.</p> / <p>Période : 7h19 et 18h05<br>Dates : du lundi 18 juillet au vendredi 19 août, du lundi au vendredi<br>Les trains suivants sont supprimés :<br>- 7h19 au départ de Château-Thierry, arrivée 8h25 à Paris<br>- 18h05 au départ de Paris, arrivée 19h11 à Château-Thierry<br>Les horaires du calculateur d'itinéraire tiennent compte des travaux.<br>Motif : travaux été.</p> / Ligne P : Paris Est - Château-Th du 18/07 au 19/08;20220624T114005;Transilien Train Transilien P;a0b2fc4a-f3a1-11ec-b4fc-005056a47b86;travaux
future;Incidents;30;perturbée;SIGNIFICANT_DELAYS;20220721T070000;20220721T200000;a0b2fc4a-f3a1-11ec-b4fc-005056a47b86; / Ligne P : Paris Est - Château-Th du 18/07 au 19/08 / <p>Période : 7h19 et 18h05<br>Dates : du lundi 18 juillet au vendredi 19 août, du lundi au vendredi<br>Les trains suivants sont supprimés :<br>- 7h19 au départ de Château-Thierry, arrivée 8h25 à Paris<br>- 18h05 au départ de Paris, arrivée 19h11 à Château-Thierry<br>Les horaires du calculateur d'itinéraire tiennent compte des travaux.<br>Motif : travaux été.</p> / <p>Période : 7h19 et 18h05<br>Dates : du lundi 18 juillet au vendredi 19 août, du lundi au vendredi<br>Les trains suivants sont supprimés :<br>- 7h19 au départ de Château-Thierry, arrivée 8h25 à Paris<br>- 18h05 au départ de Paris, arrivée 19h11 à Château-Thierry<br>Les horaires du calculateur d'itinéraire tiennent compte des travaux.<br>Motif : travaux été.</p> / Ligne P : Paris Est - Château-Th du 18/07 au 19/08;20220624T114005;Transilien Train Transilien P;a0b2fc4a-f3a1-11ec-b4fc-005056a47b86;travaux
future;Incidents;30;perturbée;SIGNIFICANT_DELAYS;20220720T070000;20220720T200000;a0b2fc4a-f3a1-11ec-b4fc-005056a47b86; / Ligne P : Paris Est - Château-Th du 18/07 au 19/08 / <p>Période : 7h19 et 18h05<br>Dates : du lundi 18 juillet au vendredi 19 août, du lundi au vendredi<br>Les trains suivants sont supprimés :<br>- 7h19 au départ de Château-Thierry, arrivée 8h25 à Paris<br>- 18h05 au départ de Paris, arrivée 19h11 à Château-Thierry<br>Les horaires du calculateur d'itinéraire tiennent compte des travaux.<br>Motif : travaux été.</p> / <p>Période : 7h19 et 18h05<br>Dates : du lundi 18 juillet au vendredi 19 août, du lundi au vendredi<br>Les trains suivants sont supprimés :<br>- 7h19 au départ de Château-Thierry, arrivée 8h25 à Paris<br>- 18h05 au départ de Paris, arrivée 19h11 à Château-Thierry<br>Les horaires du calculateur d'itinéraire tiennent compte des travaux.<br>Motif : travaux été.</p> / Ligne P : Paris Est - Château-Th du 18/07 au 19/08;20220624T114005;Transilien Train Transilien P;a0b2fc4a-f3a1-11ec-b4fc-005056a47b86;travaux
future;Incidents;30;perturbée;SIGNIFICANT_DELAYS;20220719T070000;20220719T200000;a0b2fc4a-f3a1-11ec-b4fc-005056a47b86; / Ligne P : Paris Est - Château-Th du 18/07 au 19/08 / <p>Période : 7h19 et 18h05<br>Dates : du lundi 18 juillet au vendredi 19 août, du lundi au vendredi<br>Les trains suivants sont supprimés :<br>- 7h19 au départ de Château-Thierry, arrivée 8h25 à Paris<br>- 18h05 au départ de Paris, arrivée 19h11 à Château-Thierry<br>Les horaires du calculateur d'itinéraire tiennent compte des travaux.<br>Motif : travaux été.</p> / <p>Période : 7h19 et 18h05<br>Dates : du lundi 18 juillet au vendredi 19 août, du lundi au vendredi<br>Les trains suivants sont supprimés :<br>- 7h19 au départ de Château-Thierry, arrivée 8h25 à Paris<br>- 18h05 au départ de Paris, arrivée 19h11 à Château-Thierry<br>Les horaires du calculateur d'itinéraire tiennent compte des travaux.<br>Motif : travaux été.</p> / Ligne P : Paris Est - Château-Th du 18/07 au 19/08;20220624T114005;Transilien Train Transilien P;a0b2fc4a-f3a1-11ec-b4fc-005056a47b86;travaux
future;Incidents;30;perturbée;SIGNIFICANT_DELAYS;20220718T070000;20220718T200000;a0b2fc4a-f3a1-11ec-b4fc-005056a47b86; / Ligne P : Paris Est - Château-Th du 18/07 au 19/08 / <p>Période : 7h19 et 18h05<br>Dates : du lundi 18 juillet au vendredi 19 août, du lundi au vendredi<br>Les trains suivants sont supprimés :<br>- 7h19 au départ de Château-Thierry, arrivée 8h25 à Paris<br>- 18h05 au départ de Paris, arrivée 19h11 à Château-Thierry<br>Les horaires du calculateur d'itinéraire tiennent compte des travaux.<br>Motif : travaux été.</p> / <p>Période : 7h19 et 18h05<br>Dates : du lundi 18 juillet au vendredi 19 août, du lundi au vendredi<br>Les trains suivants sont supprimés :<br>- 7h19 au départ de Château-Thierry, arrivée 8h25 à Paris<br>- 18h05 au départ de Paris, arrivée 19h11 à Château-Thierry<br>Les horaires du calculateur d'itinéraire tiennent compte des travaux.<br>Motif : travaux été.</p> / Ligne P : Paris Est - Château-Th du 18/07 au 19/08;20220624T114005;Transilien Train Transilien P;a0b2fc4a-f3a1-11ec-b4fc-005056a47b86;travaux
future;Incidents;30;perturbée;SIGNIFICANT_DELAYS;20220717T230000;20220718T010000;ae1e79e2-f3b8-11ec-9e43-005056a47b86;" / Ligne P : Paris Est - Château-Thierry 16 au 24/07 / <p>Période : à partir de 23h<br>Dates :<br>- samedi 16 et dimanche 17 juillet<br>- samedi 23 et dimanche 24 juillet<br>Le trafic est interrompu entre Paris Est et Château-Thierry.<br>Un service de bus de remplacement est mis en place, avec desserte des gares intermédiaires.<br>Pour plus d'informations,<a href=""https://www.transilien.com/sites/transilien/files/sentinelle-20220716-p-parisest-chateauthierry-16au24juillet.pdf"" target=""""> </a><a href=""https://www.transilien.com/sites/transilien/files/sentinelle-20220716-p-paris-chateauthierry-bus-16au24juillet.pdf"" target="""">cliquez ici pour télécharger l'affiche PDF</a>.<br>Les horaires du calculateur d'itinéraire tiennent compte des travaux.<br>Motif : travaux.</p> / Ligne P : Paris Est - Château-Thierry 16 au 24/07";20220624T142506;Transilien Train Transilien P;ae1e79e2-f3b8-11ec-9e43-005056a47b86;travaux
future;Incidents;30;perturbée;SIGNIFICANT_DELAYS;20220724T230000;20220725T020000;ae1e79e2-f3b8-11ec-9e43-005056a47b86;" / Ligne P : Paris Est - Château-Thierry 16 au 24/07 / <p>Période : à partir de 23h<br>Dates :<br>- samedi 16 et dimanche 17 juillet<br>- samedi 23 et dimanche 24 juillet<br>Le trafic est interrompu entre Paris Est et Château-Thierry.<br>Un service de bus de remplacement est mis en place, avec desserte des gares intermédiaires.<br>Pour plus d'informations,<a href=""https://www.transilien.com/sites/transilien/files/sentinelle-20220716-p-parisest-chateauthierry-16au24juillet.pdf"" target=""""> </a><a href=""https://www.transilien.com/sites/transilien/files/sentinelle-20220716-p-paris-chateauthierry-bus-16au24juillet.pdf"" target="""">cliquez ici pour télécharger l'affiche PDF</a>.<br>Les horaires du calculateur d'itinéraire tiennent compte des travaux.<br>Motif : travaux.</p> / Ligne P : Paris Est - Château-Thierry 16 au 24/07";20220624T142506;Transilien Train Transilien P;ae1e79e2-f3b8-11ec-9e43-005056a47b86;travaux
future;Incidents;30;perturbée;SIGNIFICANT_DELAYS;20220723T230000;20220724T020000;ae1e79e2-f3b8-11ec-9e43-005056a47b86;" / Ligne P : Paris Est - Château-Thierry 16 au 24/07 / <p>Période : à partir de 23h<br>Dates :<br>- samedi 16 et dimanche 17 juillet<br>- samedi 23 et dimanche 24 juillet<br>Le trafic est interrompu entre Paris Est et Château-Thierry.<br>Un service de bus de remplacement est mis en place, avec desserte des gares intermédiaires.<br>Pour plus d'informations,<a href=""https://www.transilien.com/sites/transilien/files/sentinelle-20220716-p-parisest-chateauthierry-16au24juillet.pdf"" target=""""> </a><a href=""https://www.transilien.com/sites/transilien/files/sentinelle-20220716-p-paris-chateauthierry-bus-16au24juillet.pdf"" target="""">cliquez ici pour télécharger l'affiche PDF</a>.<br>Les horaires du calculateur d'itinéraire tiennent compte des travaux.<br>Motif : travaux.</p> / Ligne P : Paris Est - Château-Thierry 16 au 24/07";20220624T142506;Transilien Train Transilien P;ae1e79e2-f3b8-11ec-9e43-005056a47b86;travaux
future;Incidents;30;perturbée;SIGNIFICANT_DELAYS;20220716T180000;20220717T020000;ae1e79e2-f3b8-11ec-9e43-005056a47b86;" / Ligne P : Paris Est - Château-Thierry 16 au 24/07 / <p>Période : à partir de 23h<br>Dates :<br>- samedi 16 et dimanche 17 juillet<br>- samedi 23 et dimanche 24 juillet<br>Le trafic est interrompu entre Paris Est et Château-Thierry.<br>Un service de bus de remplacement est mis en place, avec desserte des gares intermédiaires.<br>Pour plus d'informations,<a href=""https://www.transilien.com/sites/transilien/files/sentinelle-20220716-p-parisest-chateauthierry-16au24juillet.pdf"" target=""""> </a><a href=""https://www.transilien.com/sites/transilien/files/sentinelle-20220716-p-paris-chateauthierry-bus-16au24juillet.pdf"" target="""">cliquez ici pour télécharger l'affiche PDF</a>.<br>Les horaires du calculateur d'itinéraire tiennent compte des travaux.<br>Motif : travaux.</p> / Ligne P : Paris Est - Château-Thierry 16 au 24/07";20220624T142506;Transilien Train Transilien P;ae1e79e2-f3b8-11ec-9e43-005056a47b86;travaux
future;Incidents;30;perturbée;SIGNIFICANT_DELAYS;20220717T040000;20220718T023000;6754e360-f3d7-11ec-b0ff-005056a44da2;" / Ligne H : Paris - Sarcelles/Ermont les 16 et 17/07 / <p>Période : toute la journée<br>Dates : samedi 16 et dimanche 17 juillet 2022<br>Le trafic est interrompu entre Paris Gare Nord et Sarcelles Saint Brice et entre Paris Gare  Nord et Ermont Eaubonne.<br>Un service de bus de remplacement est mis en place au départ et à l'arrivée de Stade de France Saint Denis.<br>Pour rejoindre la gare Stade de France Saint Denis,﻿ empruntez la ligne D au départ de Paris Gare du Nord.<br><a href=""https://www.transilien.com/sites/transilien/files/sentinelle-20220716-h-stadedefrancepersan-16et17juillet.pdf"" target=""""><br>Pour plus d'informations, cliquez ici pour télécharger l'affiche PDF.</a><br>Les horaires du calculateur d'itinéraire tiennent compte des travaux.<br>Motif : travaux de maintenance.</p>";20220624T180501;Transilien Train Transilien H;6754e360-f3d7-11ec-b0ff-005056a44da2;travaux
future;Incidents;30;perturbée;SIGNIFICANT_DELAYS;20220716T040000;20220717T023000;6754e360-f3d7-11ec-b0ff-005056a44da2;" / Ligne H : Paris - Sarcelles/Ermont les 16 et 17/07 / <p>Période : toute la journée<br>Dates : samedi 16 et dimanche 17 juillet 2022<br>Le trafic est interrompu entre Paris Gare Nord et Sarcelles Saint Brice et entre Paris Gare  Nord et Ermont Eaubonne.<br>Un service de bus de remplacement est mis en place au départ et à l'arrivée de Stade de France Saint Denis.<br>Pour rejoindre la gare Stade de France Saint Denis,﻿ empruntez la ligne D au départ de Paris Gare du Nord.<br><a href=""https://www.transilien.com/sites/transilien/files/sentinelle-20220716-h-stadedefrancepersan-16et17juillet.pdf"" target=""""><br>Pour plus d'informations, cliquez ici pour télécharger l'affiche PDF.</a><br>Les horaires du calculateur d'itinéraire tiennent compte des travaux.<br>Motif : travaux de maintenance.</p>";20220624T180501;Transilien Train Transilien H;6754e360-f3d7-11ec-b0ff-005056a44da2;travaux
future;Incidents;30;perturbée;SIGNIFICANT_DELAYS;20220714T050000;20220715T020000;cea30dac-f3d8-11ec-9419-005056a44da2;" / Ligne J : Paris - Epône/Mantes/Vernon 11/07-12/08 / <p>Période : toute la journée.<br>Dates : du lundi 11 juillet au vendredi 12 août sauf les samedis et les dimanches<br>Aucun train entre Epône Mézières et Mantes la Jolie sur l’axe Paris Saint-Lazare / Mantes la Jolie via Poissy.<br>Un service de bus de remplacement est mis en place, avec desserte des gares intermédiaires entre Epône Mézières et Mantes-la-Jolie.<br>Renforcement de la ligne régulière :<br>- Express A 14 entre La Défense et Mantes la Jolie.<br>Modification d’horaires, de desserte et du temps de parcours entre Paris Saint-Lazare et Vernon.<br><a href=""https://www.transilien.com/sites/transilien/files/sentinelle-J5-epone-mantes-11juilletau12aout.pdf"" target="""">Pour plus d'informations, cliquez ici pour télécharger l'affiche PDF.​</a><br>Les horaires du calculateur d'itinéraire tiennent compte des travaux.<br>Motif : travaux.</p>";20220624T181504;Transilien Train Transilien J;cea30dac-f3d8-11ec-9419-005056a44da2;travaux
future;Incidents;30;perturbée;SIGNIFICANT_DELAYS;20220726T050000;20220727T020000;cea30dac-f3d8-11ec-9419-005056a44da2;" / Ligne J : Paris - Epône/Mantes/Vernon 11/07-12/08 / <p>Période : toute la journée.<br>Dates : du lundi 11 juillet au vendredi 12 août sauf les samedis et les dimanches<br>Aucun train entre Epône Mézières et Mantes la Jolie sur l’axe Paris Saint-Lazare / Mantes la Jolie via Poissy.<br>Un service de bus de remplacement est mis en place, avec desserte des gares intermédiaires entre Epône Mézières et Mantes-la-Jolie.<br>Renforcement de la ligne régulière :<br>- Express A 14 entre La Défense et Mantes la Jolie.<br>Modification d’horaires, de desserte et du temps de parcours entre Paris Saint-Lazare et Vernon.<br><a href=""https://www.transilien.com/sites/transilien/files/sentinelle-J5-epone-mantes-11juilletau12aout.pdf"" target="""">Pour plus d'informations, cliquez ici pour télécharger l'affiche PDF.​</a><br>Les horaires du calculateur d'itinéraire tiennent compte des travaux.<br>Motif : travaux.</p>";20220624T181504;Transilien Train Transilien J;cea30dac-f3d8-11ec-9419-005056a44da2;travaux
future;Incidents;30;perturbée;SIGNIFICANT_DELAYS;20220720T050000;20220721T020000;cea30dac-f3d8-11ec-9419-005056a44da2;" / Ligne J : Paris - Epône/Mantes/Vernon 11/07-12/08 / <p>Période : toute la journée.<br>Dates : du lundi 11 juillet au vendredi 12 août sauf les samedis et les dimanches<br>Aucun train entre Epône Mézières et Mantes la Jolie sur l’axe Paris Saint-Lazare / Mantes la Jolie via Poissy.<br>Un service de bus de remplacement est mis en place, avec desserte des gares intermédiaires entre Epône Mézières et Mantes-la-Jolie.<br>Renforcement de la ligne régulière :<br>- Express A 14 entre La Défense et Mantes la Jolie.<br>Modification d’horaires, de desserte et du temps de parcours entre Paris Saint-Lazare et Vernon.<br><a href=""https://www.transilien.com/sites/transilien/files/sentinelle-J5-epone-mantes-11juilletau12aout.pdf"" target="""">Pour plus d'informations, cliquez ici pour télécharger l'affiche PDF.​</a><br>Les horaires du calculateur d'itinéraire tiennent compte des travaux.<br>Motif : travaux.</p>";20220624T181504;Transilien Train Transilien J;cea30dac-f3d8-11ec-9419-005056a44da2;travaux
future;Incidents;30;perturbée;SIGNIFICANT_DELAYS;20220801T050000;20220802T020000;cea30dac-f3d8-11ec-9419-005056a44da2;" / Ligne J : Paris - Epône/Mantes/Vernon 11/07-12/08 / <p>Période : toute la journée.<br>Dates : du lundi 11 juillet au vendredi 12 août sauf les samedis et les dimanches<br>Aucun train entre Epône Mézières et Mantes la Jolie sur l’axe Paris Saint-Lazare / Mantes la Jolie via Poissy.<br>Un service de bus de remplacement est mis en place, avec desserte des gares intermédiaires entre Epône Mézières et Mantes-la-Jolie.<br>Renforcement de la ligne régulière :<br>- Express A 14 entre La Défense et Mantes la Jolie.<br>Modification d’horaires, de desserte et du temps de parcours entre Paris Saint-Lazare et Vernon.<br><a href=""https://www.transilien.com/sites/transilien/files/sentinelle-J5-epone-mantes-11juilletau12aout.pdf"" target="""">Pour plus d'informations, cliquez ici pour télécharger l'affiche PDF.​</a><br>Les horaires du calculateur d'itinéraire tiennent compte des travaux.<br>Motif : travaux.</p>";20220624T181504;Transilien Train Transilien J;cea30dac-f3d8-11ec-9419-005056a44da2;travaux
future;Incidents;30;perturbée;SIGNIFICANT_DELAYS;20220803T050000;20220804T020000;cea30dac-f3d8-11ec-9419-005056a44da2;" / Ligne J : Paris - Epône/Mantes/Vernon 11/07-12/08 / <p>Période : toute la journée.<br>Dates : du lundi 11 juillet au vendredi 12 août sauf les samedis et les dimanches<br>Aucun train entre Epône Mézières et Mantes la Jolie sur l’axe Paris Saint-Lazare / Mantes la Jolie via Poissy.<br>Un service de bus de remplacement est mis en place, avec desserte des gares intermédiaires entre Epône Mézières et Mantes-la-Jolie.<br>Renforcement de la ligne régulière :<br>- Express A 14 entre La Défense et Mantes la Jolie.<br>Modification d’horaires, de desserte et du temps de parcours entre Paris Saint-Lazare et Vernon.<br><a href=""https://www.transilien.com/sites/transilien/files/sentinelle-J5-epone-mantes-11juilletau12aout.pdf"" target="""">Pour plus d'informations, cliquez ici pour télécharger l'affiche PDF.​</a><br>Les horaires du calculateur d'itinéraire tiennent compte des travaux.<br>Motif : travaux.</p>";20220624T181504;Transilien Train Transilien J;cea30dac-f3d8-11ec-9419-005056a44da2;travaux
future;Incidents;30;perturbée;SIGNIFICANT_DELAYS;20220805T050000;20220806T020000;cea30dac-f3d8-11ec-9419-005056a44da2;" / Ligne J : Paris - Epône/Mantes/Vernon 11/07-12/08 / <p>Période : toute la journée.<br>Dates : du lundi 11 juillet au vendredi 12 août sauf les samedis et les dimanches<br>Aucun train entre Epône Mézières et Mantes la Jolie sur l’axe Paris Saint-Lazare / Mantes la Jolie via Poissy.<br>Un service de bus de remplacement est mis en place, avec desserte des gares intermédiaires entre Epône Mézières et Mantes-la-Jolie.<br>Renforcement de la ligne régulière :<br>- Express A 14 entre La Défense et Mantes la Jolie.<br>Modification d’horaires, de desserte et du temps de parcours entre Paris Saint-Lazare et Vernon.<br><a href=""https://www.transilien.com/sites/transilien/files/sentinelle-J5-epone-mantes-11juilletau12aout.pdf"" target="""">Pour plus d'informations, cliquez ici pour télécharger l'affiche PDF.​</a><br>Les horaires du calculateur d'itinéraire tiennent compte des travaux.<br>Motif : travaux.</p>";20220624T181504;Transilien Train Transilien J;cea30dac-f3d8-11ec-9419-005056a44da2;travaux
future;Incidents;30;perturbée;SIGNIFICANT_DELAYS;20220811T050000;20220812T020000;cea30dac-f3d8-11ec-9419-005056a44da2;" / Ligne J : Paris - Epône/Mantes/Vernon 11/07-12/08 / <p>Période : toute la journée.<br>Dates : du lundi 11 juillet au vendredi 12 août sauf les samedis et les dimanches<br>Aucun train entre Epône Mézières et Mantes la Jolie sur l’axe Paris Saint-Lazare / Mantes la Jolie via Poissy.<br>Un service de bus de remplacement est mis en place, avec desserte des gares intermédiaires entre Epône Mézières et Mantes-la-Jolie.<br>Renforcement de la ligne régulière :<br>- Express A 14 entre La Défense et Mantes la Jolie.<br>Modification d’horaires, de desserte et du temps de parcours entre Paris Saint-Lazare et Vernon.<br><a href=""https://www.transilien.com/sites/transilien/files/sentinelle-J5-epone-mantes-11juilletau12aout.pdf"" target="""">Pour plus d'informations, cliquez ici pour télécharger l'affiche PDF.​</a><br>Les horaires du calculateur d'itinéraire tiennent compte des travaux.<br>Motif : travaux.</p>";20220624T181504;Transilien Train Transilien J;cea30dac-f3d8-11ec-9419-005056a44da2;travaux
future;Incidents;30;perturbée;SIGNIFICANT_DELAYS;20220812T050000;20220813T020000;cea30dac-f3d8-11ec-9419-005056a44da2;" / Ligne J : Paris - Epône/Mantes/Vernon 11/07-12/08 / <p>Période : toute la journée.<br>Dates : du lundi 11 juillet au vendredi 12 août sauf les samedis et les dimanches<br>Aucun train entre Epône Mézières et Mantes la Jolie sur l’axe Paris Saint-Lazare / Mantes la Jolie via Poissy.<br>Un service de bus de remplacement est mis en place, avec desserte des gares intermédiaires entre Epône Mézières et Mantes-la-Jolie.<br>Renforcement de la ligne régulière :<br>- Express A 14 entre La Défense et Mantes la Jolie.<br>Modification d’horaires, de desserte et du temps de parcours entre Paris Saint-Lazare et Vernon.<br><a href=""https://www.transilien.com/sites/transilien/files/sentinelle-J5-epone-mantes-11juilletau12aout.pdf"" target="""">Pour plus d'informations, cliquez ici pour télécharger l'affiche PDF.​</a><br>Les horaires du calculateur d'itinéraire tiennent compte des travaux.<br>Motif : travaux.</p>";20220624T181504;Transilien Train Transilien J;cea30dac-f3d8-11ec-9419-005056a44da2;travaux
future;Incidents;30;perturbée;SIGNIFICANT_DELAYS;20220810T050000;20220811T020000;cea30dac-f3d8-11ec-9419-005056a44da2;" / Ligne J : Paris - Epône/Mantes/Vernon 11/07-12/08 / <p>Période : toute la journée.<br>Dates : du lundi 11 juillet au vendredi 12 août sauf les samedis et les dimanches<br>Aucun train entre Epône Mézières et Mantes la Jolie sur l’axe Paris Saint-Lazare / Mantes la Jolie via Poissy.<br>Un service de bus de remplacement est mis en place, avec desserte des gares intermédiaires entre Epône Mézières et Mantes-la-Jolie.<br>Renforcement de la ligne régulière :<br>- Express A 14 entre La Défense et Mantes la Jolie.<br>Modification d’horaires, de desserte et du temps de parcours entre Paris Saint-Lazare et Vernon.<br><a href=""https://www.transilien.com/sites/transilien/files/sentinelle-J5-epone-mantes-11juilletau12aout.pdf"" target="""">Pour plus d'informations, cliquez ici pour télécharger l'affiche PDF.​</a><br>Les horaires du calculateur d'itinéraire tiennent compte des travaux.<br>Motif : travaux.</p>";20220624T181504;Transilien Train Transilien J;cea30dac-f3d8-11ec-9419-005056a44da2;travaux
future;Incidents;30;perturbée;SIGNIFICANT_DELAYS;20220809T050000;20220810T020000;cea30dac-f3d8-11ec-9419-005056a44da2;" / Ligne J : Paris - Epône/Mantes/Vernon 11/07-12/08 / <p>Période : toute la journée.<br>Dates : du lundi 11 juillet au vendredi 12 août sauf les samedis et les dimanches<br>Aucun train entre Epône Mézières et Mantes la Jolie sur l’axe Paris Saint-Lazare / Mantes la Jolie via Poissy.<br>Un service de bus de remplacement est mis en place, avec desserte des gares intermédiaires entre Epône Mézières et Mantes-la-Jolie.<br>Renforcement de la ligne régulière :<br>- Express A 14 entre La Défense et Mantes la Jolie.<br>Modification d’horaires, de desserte et du temps de parcours entre Paris Saint-Lazare et Vernon.<br><a href=""https://www.transilien.com/sites/transilien/files/sentinelle-J5-epone-mantes-11juilletau12aout.pdf"" target="""">Pour plus d'informations, cliquez ici pour télécharger l'affiche PDF.​</a><br>Les horaires du calculateur d'itinéraire tiennent compte des travaux.<br>Motif : travaux.</p>";20220624T181504;Transilien Train Transilien J;cea30dac-f3d8-11ec-9419-005056a44da2;travaux
future;Incidents;30;perturbée;SIGNIFICANT_DELAYS;20220808T050000;20220809T020000;cea30dac-f3d8-11ec-9419-005056a44da2;" / Ligne J : Paris - Epône/Mantes/Vernon 11/07-12/08 / <p>Période : toute la journée.<br>Dates : du lundi 11 juillet au vendredi 12 août sauf les samedis et les dimanches<br>Aucun train entre Epône Mézières et Mantes la Jolie sur l’axe Paris Saint-Lazare / Mantes la Jolie via Poissy.<br>Un service de bus de remplacement est mis en place, avec desserte des gares intermédiaires entre Epône Mézières et Mantes-la-Jolie.<br>Renforcement de la ligne régulière :<br>- Express A 14 entre La Défense et Mantes la Jolie.<br>Modification d’horaires, de desserte et du temps de parcours entre Paris Saint-Lazare et Vernon.<br><a href=""https://www.transilien.com/sites/transilien/files/sentinelle-J5-epone-mantes-11juilletau12aout.pdf"" target="""">Pour plus d'informations, cliquez ici pour télécharger l'affiche PDF.​</a><br>Les horaires du calculateur d'itinéraire tiennent compte des travaux.<br>Motif : travaux.</p>";20220624T181504;Transilien Train Transilien J;cea30dac-f3d8-11ec-9419-005056a44da2;travaux
future;Incidents;30;perturbée;SIGNIFICANT_DELAYS;20220804T050000;20220805T020000;cea30dac-f3d8-11ec-9419-005056a44da2;" / Ligne J : Paris - Epône/Mantes/Vernon 11/07-12/08 / <p>Période : toute la journée.<br>Dates : du lundi 11 juillet au vendredi 12 août sauf les samedis et les dimanches<br>Aucun train entre Epône Mézières et Mantes la Jolie sur l’axe Paris Saint-Lazare / Mantes la Jolie via Poissy.<br>Un service de bus de remplacement est mis en place, avec desserte des gares intermédiaires entre Epône Mézières et Mantes-la-Jolie.<br>Renforcement de la ligne régulière :<br>- Express A 14 entre La Défense et Mantes la Jolie.<br>Modification d’horaires, de desserte et du temps de parcours entre Paris Saint-Lazare et Vernon.<br><a href=""https://www.transilien.com/sites/transilien/files/sentinelle-J5-epone-mantes-11juilletau12aout.pdf"" target="""">Pour plus d'informations, cliquez ici pour télécharger l'affiche PDF.​</a><br>Les horaires du calculateur d'itinéraire tiennent compte des travaux.<br>Motif : travaux.</p>";20220624T181504;Transilien Train Transilien J;cea30dac-f3d8-11ec-9419-005056a44da2;travaux
future;Incidents;30;perturbée;SIGNIFICANT_DELAYS;20220802T050000;20220803T020000;cea30dac-f3d8-11ec-9419-005056a44da2;" / Ligne J : Paris - Epône/Mantes/Vernon 11/07-12/08 / <p>Période : toute la journée.<br>Dates : du lundi 11 juillet au vendredi 12 août sauf les samedis et les dimanches<br>Aucun train entre Epône Mézières et Mantes la Jolie sur l’axe Paris Saint-Lazare / Mantes la Jolie via Poissy.<br>Un service de bus de remplacement est mis en place, avec desserte des gares intermédiaires entre Epône Mézières et Mantes-la-Jolie.<br>Renforcement de la ligne régulière :<br>- Express A 14 entre La Défense et Mantes la Jolie.<br>Modification d’horaires, de desserte et du temps de parcours entre Paris Saint-Lazare et Vernon.<br><a href=""https://www.transilien.com/sites/transilien/files/sentinelle-J5-epone-mantes-11juilletau12aout.pdf"" target="""">Pour plus d'informations, cliquez ici pour télécharger l'affiche PDF.​</a><br>Les horaires du calculateur d'itinéraire tiennent compte des travaux.<br>Motif : travaux.</p>";20220624T181504;Transilien Train Transilien J;cea30dac-f3d8-11ec-9419-005056a44da2;travaux
future;Incidents;30;perturbée;SIGNIFICANT_DELAYS;20220729T050000;20220730T020000;cea30dac-f3d8-11ec-9419-005056a44da2;" / Ligne J : Paris - Epône/Mantes/Vernon 11/07-12/08 / <p>Période : toute la journée.<br>Dates : du lundi 11 juillet au vendredi 12 août sauf les samedis et les dimanches<br>Aucun train entre Epône Mézières et Mantes la Jolie sur l’axe Paris Saint-Lazare / Mantes la Jolie via Poissy.<br>Un service de bus de remplacement est mis en place, avec desserte des gares intermédiaires entre Epône Mézières et Mantes-la-Jolie.<br>Renforcement de la ligne régulière :<br>- Express A 14 entre La Défense et Mantes la Jolie.<br>Modification d’horaires, de desserte et du temps de parcours entre Paris Saint-Lazare et Vernon.<br><a href=""https://www.transilien.com/sites/transilien/files/sentinelle-J5-epone-mantes-11juilletau12aout.pdf"" target="""">Pour plus d'informations, cliquez ici pour télécharger l'affiche PDF.​</a><br>Les horaires du calculateur d'itinéraire tiennent compte des travaux.<br>Motif : travaux.</p>";20220624T181504;Transilien Train Transilien J;cea30dac-f3d8-11ec-9419-005056a44da2;travaux
future;Incidents;30;perturbée;SIGNIFICANT_DELAYS;20220728T050000;20220729T020000;cea30dac-f3d8-11ec-9419-005056a44da2;" / Ligne J : Paris - Epône/Mantes/Vernon 11/07-12/08 / <p>Période : toute la journée.<br>Dates : du lundi 11 juillet au vendredi 12 août sauf les samedis et les dimanches<br>Aucun train entre Epône Mézières et Mantes la Jolie sur l’axe Paris Saint-Lazare / Mantes la Jolie via Poissy.<br>Un service de bus de remplacement est mis en place, avec desserte des gares intermédiaires entre Epône Mézières et Mantes-la-Jolie.<br>Renforcement de la ligne régulière :<br>- Express A 14 entre La Défense et Mantes la Jolie.<br>Modification d’horaires, de desserte et du temps de parcours entre Paris Saint-Lazare et Vernon.<br><a href=""https://www.transilien.com/sites/transilien/files/sentinelle-J5-epone-mantes-11juilletau12aout.pdf"" target="""">Pour plus d'informations, cliquez ici pour télécharger l'affiche PDF.​</a><br>Les horaires du calculateur d'itinéraire tiennent compte des travaux.<br>Motif : travaux.</p>";20220624T181504;Transilien Train Transilien J;cea30dac-f3d8-11ec-9419-005056a44da2;travaux
future;Incidents;30;perturbée;SIGNIFICANT_DELAYS;20220727T050000;20220728T020000;cea30dac-f3d8-11ec-9419-005056a44da2;" / Ligne J : Paris - Epône/Mantes/Vernon 11/07-12/08 / <p>Période : toute la journée.<br>Dates : du lundi 11 juillet au vendredi 12 août sauf les samedis et les dimanches<br>Aucun train entre Epône Mézières et Mantes la Jolie sur l’axe Paris Saint-Lazare / Mantes la Jolie via Poissy.<br>Un service de bus de remplacement est mis en place, avec desserte des gares intermédiaires entre Epône Mézières et Mantes-la-Jolie.<br>Renforcement de la ligne régulière :<br>- Express A 14 entre La Défense et Mantes la Jolie.<br>Modification d’horaires, de desserte et du temps de parcours entre Paris Saint-Lazare et Vernon.<br><a href=""https://www.transilien.com/sites/transilien/files/sentinelle-J5-epone-mantes-11juilletau12aout.pdf"" target="""">Pour plus d'informations, cliquez ici pour télécharger l'affiche PDF.​</a><br>Les horaires du calculateur d'itinéraire tiennent compte des travaux.<br>Motif : travaux.</p>";20220624T181504;Transilien Train Transilien J;cea30dac-f3d8-11ec-9419-005056a44da2;travaux
future;Incidents;30;perturbée;SIGNIFICANT_DELAYS;20220725T050000;20220726T020000;cea30dac-f3d8-11ec-9419-005056a44da2;" / Ligne J : Paris - Epône/Mantes/Vernon 11/07-12/08 / <p>Période : toute la journée.<br>Dates : du lundi 11 juillet au vendredi 12 août sauf les samedis et les dimanches<br>Aucun train entre Epône Mézières et Mantes la Jolie sur l’axe Paris Saint-Lazare / Mantes la Jolie via Poissy.<br>Un service de bus de remplacement est mis en place, avec desserte des gares intermédiaires entre Epône Mézières et Mantes-la-Jolie.<br>Renforcement de la ligne régulière :<br>- Express A 14 entre La Défense et Mantes la Jolie.<br>Modification d’horaires, de desserte et du temps de parcours entre Paris Saint-Lazare et Vernon.<br><a href=""https://www.transilien.com/sites/transilien/files/sentinelle-J5-epone-mantes-11juilletau12aout.pdf"" target="""">Pour plus d'informations, cliquez ici pour télécharger l'affiche PDF.​</a><br>Les horaires du calculateur d'itinéraire tiennent compte des travaux.<br>Motif : travaux.</p>";20220624T181504;Transilien Train Transilien J;cea30dac-f3d8-11ec-9419-005056a44da2;travaux
future;Incidents;30;perturbée;SIGNIFICANT_DELAYS;20220722T050000;20220723T020000;cea30dac-f3d8-11ec-9419-005056a44da2;" / Ligne J : Paris - Epône/Mantes/Vernon 11/07-12/08 / <p>Période : toute la journée.<br>Dates : du lundi 11 juillet au vendredi 12 août sauf les samedis et les dimanches<br>Aucun train entre Epône Mézières et Mantes la Jolie sur l’axe Paris Saint-Lazare / Mantes la Jolie via Poissy.<br>Un service de bus de remplacement est mis en place, avec desserte des gares intermédiaires entre Epône Mézières et Mantes-la-Jolie.<br>Renforcement de la ligne régulière :<br>- Express A 14 entre La Défense et Mantes la Jolie.<br>Modification d’horaires, de desserte et du temps de parcours entre Paris Saint-Lazare et Vernon.<br><a href=""https://www.transilien.com/sites/transilien/files/sentinelle-J5-epone-mantes-11juilletau12aout.pdf"" target="""">Pour plus d'informations, cliquez ici pour télécharger l'affiche PDF.​</a><br>Les horaires du calculateur d'itinéraire tiennent compte des travaux.<br>Motif : travaux.</p>";20220624T181504;Transilien Train Transilien J;cea30dac-f3d8-11ec-9419-005056a44da2;travaux
future;Incidents;30;perturbée;SIGNIFICANT_DELAYS;20220721T050000;20220722T020000;cea30dac-f3d8-11ec-9419-005056a44da2;" / Ligne J : Paris - Epône/Mantes/Vernon 11/07-12/08 / <p>Période : toute la journée.<br>Dates : du lundi 11 juillet au vendredi 12 août sauf les samedis et les dimanches<br>Aucun train entre Epône Mézières et Mantes la Jolie sur l’axe Paris Saint-Lazare / Mantes la Jolie via Poissy.<br>Un service de bus de remplacement est mis en place, avec desserte des gares intermédiaires entre Epône Mézières et Mantes-la-Jolie.<br>Renforcement de la ligne régulière :<br>- Express A 14 entre La Défense et Mantes la Jolie.<br>Modification d’horaires, de desserte et du temps de parcours entre Paris Saint-Lazare et Vernon.<br><a href=""https://www.transilien.com/sites/transilien/files/sentinelle-J5-epone-mantes-11juilletau12aout.pdf"" target="""">Pour plus d'informations, cliquez ici pour télécharger l'affiche PDF.​</a><br>Les horaires du calculateur d'itinéraire tiennent compte des travaux.<br>Motif : travaux.</p>";20220624T181504;Transilien Train Transilien J;cea30dac-f3d8-11ec-9419-005056a44da2;travaux
future;Incidents;30;perturbée;SIGNIFICANT_DELAYS;20220719T050000;20220720T020000;cea30dac-f3d8-11ec-9419-005056a44da2;" / Ligne J : Paris - Epône/Mantes/Vernon 11/07-12/08 / <p>Période : toute la journée.<br>Dates : du lundi 11 juillet au vendredi 12 août sauf les samedis et les dimanches<br>Aucun train entre Epône Mézières et Mantes la Jolie sur l’axe Paris Saint-Lazare / Mantes la Jolie via Poissy.<br>Un service de bus de remplacement est mis en place, avec desserte des gares intermédiaires entre Epône Mézières et Mantes-la-Jolie.<br>Renforcement de la ligne régulière :<br>- Express A 14 entre La Défense et Mantes la Jolie.<br>Modification d’horaires, de desserte et du temps de parcours entre Paris Saint-Lazare et Vernon.<br><a href=""https://www.transilien.com/sites/transilien/files/sentinelle-J5-epone-mantes-11juilletau12aout.pdf"" target="""">Pour plus d'informations, cliquez ici pour télécharger l'affiche PDF.​</a><br>Les horaires du calculateur d'itinéraire tiennent compte des travaux.<br>Motif : travaux.</p>";20220624T181504;Transilien Train Transilien J;cea30dac-f3d8-11ec-9419-005056a44da2;travaux
future;Incidents;30;perturbée;SIGNIFICANT_DELAYS;20220718T050000;20220719T020000;cea30dac-f3d8-11ec-9419-005056a44da2;" / Ligne J : Paris - Epône/Mantes/Vernon 11/07-12/08 / <p>Période : toute la journée.<br>Dates : du lundi 11 juillet au vendredi 12 août sauf les samedis et les dimanches<br>Aucun train entre Epône Mézières et Mantes la Jolie sur l’axe Paris Saint-Lazare / Mantes la Jolie via Poissy.<br>Un service de bus de remplacement est mis en place, avec desserte des gares intermédiaires entre Epône Mézières et Mantes-la-Jolie.<br>Renforcement de la ligne régulière :<br>- Express A 14 entre La Défense et Mantes la Jolie.<br>Modification d’horaires, de desserte et du temps de parcours entre Paris Saint-Lazare et Vernon.<br><a href=""https://www.transilien.com/sites/transilien/files/sentinelle-J5-epone-mantes-11juilletau12aout.pdf"" target="""">Pour plus d'informations, cliquez ici pour télécharger l'affiche PDF.​</a><br>Les horaires du calculateur d'itinéraire tiennent compte des travaux.<br>Motif : travaux.</p>";20220624T181504;Transilien Train Transilien J;cea30dac-f3d8-11ec-9419-005056a44da2;travaux
future;Incidents;30;perturbée;SIGNIFICANT_DELAYS;20220715T050000;20220716T020000;cea30dac-f3d8-11ec-9419-005056a44da2;" / Ligne J : Paris - Epône/Mantes/Vernon 11/07-12/08 / <p>Période : toute la journée.<br>Dates : du lundi 11 juillet au vendredi 12 août sauf les samedis et les dimanches<br>Aucun train entre Epône Mézières et Mantes la Jolie sur l’axe Paris Saint-Lazare / Mantes la Jolie via Poissy.<br>Un service de bus de remplacement est mis en place, avec desserte des gares intermédiaires entre Epône Mézières et Mantes-la-Jolie.<br>Renforcement de la ligne régulière :<br>- Express A 14 entre La Défense et Mantes la Jolie.<br>Modification d’horaires, de desserte et du temps de parcours entre Paris Saint-Lazare et Vernon.<br><a href=""https://www.transilien.com/sites/transilien/files/sentinelle-J5-epone-mantes-11juilletau12aout.pdf"" target="""">Pour plus d'informations, cliquez ici pour télécharger l'affiche PDF.​</a><br>Les horaires du calculateur d'itinéraire tiennent compte des travaux.<br>Motif : travaux.</p>";20220624T181504;Transilien Train Transilien J;cea30dac-f3d8-11ec-9419-005056a44da2;travaux
future;Incidents;30;perturbée;SIGNIFICANT_DELAYS;20220713T050000;20220714T020000;cea30dac-f3d8-11ec-9419-005056a44da2;" / Ligne J : Paris - Epône/Mantes/Vernon 11/07-12/08 / <p>Période : toute la journée.<br>Dates : du lundi 11 juillet au vendredi 12 août sauf les samedis et les dimanches<br>Aucun train entre Epône Mézières et Mantes la Jolie sur l’axe Paris Saint-Lazare / Mantes la Jolie via Poissy.<br>Un service de bus de remplacement est mis en place, avec desserte des gares intermédiaires entre Epône Mézières et Mantes-la-Jolie.<br>Renforcement de la ligne régulière :<br>- Express A 14 entre La Défense et Mantes la Jolie.<br>Modification d’horaires, de desserte et du temps de parcours entre Paris Saint-Lazare et Vernon.<br><a href=""https://www.transilien.com/sites/transilien/files/sentinelle-J5-epone-mantes-11juilletau12aout.pdf"" target="""">Pour plus d'informations, cliquez ici pour télécharger l'affiche PDF.​</a><br>Les horaires du calculateur d'itinéraire tiennent compte des travaux.<br>Motif : travaux.</p>";20220624T181504;Transilien Train Transilien J;cea30dac-f3d8-11ec-9419-005056a44da2;travaux
future;Incidents;30;perturbée;SIGNIFICANT_DELAYS;20220711T050000;20220712T020000;cea30dac-f3d8-11ec-9419-005056a44da2;" / Ligne J : Paris - Epône/Mantes/Vernon 11/07-12/08 / <p>Période : toute la journée.<br>Dates : du lundi 11 juillet au vendredi 12 août sauf les samedis et les dimanches<br>Aucun train entre Epône Mézières et Mantes la Jolie sur l’axe Paris Saint-Lazare / Mantes la Jolie via Poissy.<br>Un service de bus de remplacement est mis en place, avec desserte des gares intermédiaires entre Epône Mézières et Mantes-la-Jolie.<br>Renforcement de la ligne régulière :<br>- Express A 14 entre La Défense et Mantes la Jolie.<br>Modification d’horaires, de desserte et du temps de parcours entre Paris Saint-Lazare et Vernon.<br><a href=""https://www.transilien.com/sites/transilien/files/sentinelle-J5-epone-mantes-11juilletau12aout.pdf"" target="""">Pour plus d'informations, cliquez ici pour télécharger l'affiche PDF.​</a><br>Les horaires du calculateur d'itinéraire tiennent compte des travaux.<br>Motif : travaux.</p>";20220624T181504;Transilien Train Transilien J;cea30dac-f3d8-11ec-9419-005056a44da2;travaux
future;Incidents;30;perturbée;SIGNIFICANT_DELAYS;20220712T050000;20220713T020000;cea30dac-f3d8-11ec-9419-005056a44da2;" / Ligne J : Paris - Epône/Mantes/Vernon 11/07-12/08 / <p>Période : toute la journée.<br>Dates : du lundi 11 juillet au vendredi 12 août sauf les samedis et les dimanches<br>Aucun train entre Epône Mézières et Mantes la Jolie sur l’axe Paris Saint-Lazare / Mantes la Jolie via Poissy.<br>Un service de bus de remplacement est mis en place, avec desserte des gares intermédiaires entre Epône Mézières et Mantes-la-Jolie.<br>Renforcement de la ligne régulière :<br>- Express A 14 entre La Défense et Mantes la Jolie.<br>Modification d’horaires, de desserte et du temps de parcours entre Paris Saint-Lazare et Vernon.<br><a href=""https://www.transilien.com/sites/transilien/files/sentinelle-J5-epone-mantes-11juilletau12aout.pdf"" target="""">Pour plus d'informations, cliquez ici pour télécharger l'affiche PDF.​</a><br>Les horaires du calculateur d'itinéraire tiennent compte des travaux.<br>Motif : travaux.</p>";20220624T181504;Transilien Train Transilien J;cea30dac-f3d8-11ec-9419-005056a44da2;travaux
future;Incidents;30;perturbée;SIGNIFICANT_DELAYS;20220901T230000;20220902T020000;f615e1ba-f61d-11ec-9b7b-005056a44da2; / Ligne R : Melun - Montargis du 01/08 au 02/09 / <p>Période : à partir de 23h15<br>Dates : du lundi 01/08 au vendredi 02/09 sauf les week-ends et le lundi 15/08<br>Le trafic est interrompu entre Melun et Montargis.<br>Un service de bus de remplacement est mis en place, avec desserte des gares intermédiaires.<br>Les horaires du calculateur d'itinéraire tiennent compte des travaux.<br>Motif : travaux.</p>;20220627T153508;Transilien Train Transilien R;f615e1ba-f61d-11ec-9b7b-005056a44da2;travaux
future;Incidents;30;perturbée;SIGNIFICANT_DELAYS;20220831T230000;20220901T020000;f615e1ba-f61d-11ec-9b7b-005056a44da2; / Ligne R : Melun - Montargis du 01/08 au 02/09 / <p>Période : à partir de 23h15<br>Dates : du lundi 01/08 au vendredi 02/09 sauf les week-ends et le lundi 15/08<br>Le trafic est interrompu entre Melun et Montargis.<br>Un service de bus de remplacement est mis en place, avec desserte des gares intermédiaires.<br>Les horaires du calculateur d'itinéraire tiennent compte des travaux.<br>Motif : travaux.</p>;20220627T153508;Transilien Train Transilien R;f615e1ba-f61d-11ec-9b7b-005056a44da2;travaux
future;Incidents;30;perturbée;SIGNIFICANT_DELAYS;20220830T230000;20220831T020000;f615e1ba-f61d-11ec-9b7b-005056a44da2; / Ligne R : Melun - Montargis du 01/08 au 02/09 / <p>Période : à partir de 23h15<br>Dates : du lundi 01/08 au vendredi 02/09 sauf les week-ends et le lundi 15/08<br>Le trafic est interrompu entre Melun et Montargis.<br>Un service de bus de remplacement est mis en place, avec desserte des gares intermédiaires.<br>Les horaires du calculateur d'itinéraire tiennent compte des travaux.<br>Motif : travaux.</p>;20220627T153508;Transilien Train Transilien R;f615e1ba-f61d-11ec-9b7b-005056a44da2;travaux
future;Incidents;30;perturbée;SIGNIFICANT_DELAYS;20220829T230000;20220830T020000;f615e1ba-f61d-11ec-9b7b-005056a44da2; / Ligne R : Melun - Montargis du 01/08 au 02/09 / <p>Période : à partir de 23h15<br>Dates : du lundi 01/08 au vendredi 02/09 sauf les week-ends et le lundi 15/08<br>Le trafic est interrompu entre Melun et Montargis.<br>Un service de bus de remplacement est mis en place, avec desserte des gares intermédiaires.<br>Les horaires du calculateur d'itinéraire tiennent compte des travaux.<br>Motif : travaux.</p>;20220627T153508;Transilien Train Transilien R;f615e1ba-f61d-11ec-9b7b-005056a44da2;travaux
future;Incidents;30;perturbée;SIGNIFICANT_DELAYS;20220826T230000;20220827T020000;f615e1ba-f61d-11ec-9b7b-005056a44da2; / Ligne R : Melun - Montargis du 01/08 au 02/09 / <p>Période : à partir de 23h15<br>Dates : du lundi 01/08 au vendredi 02/09 sauf les week-ends et le lundi 15/08<br>Le trafic est interrompu entre Melun et Montargis.<br>Un service de bus de remplacement est mis en place, avec desserte des gares intermédiaires.<br>Les horaires du calculateur d'itinéraire tiennent compte des travaux.<br>Motif : travaux.</p>;20220627T153508;Transilien Train Transilien R;f615e1ba-f61d-11ec-9b7b-005056a44da2;travaux
future;Incidents;30;perturbée;SIGNIFICANT_DELAYS;20220825T230000;20220826T020000;f615e1ba-f61d-11ec-9b7b-005056a44da2; / Ligne R : Melun - Montargis du 01/08 au 02/09 / <p>Période : à partir de 23h15<br>Dates : du lundi 01/08 au vendredi 02/09 sauf les week-ends et le lundi 15/08<br>Le trafic est interrompu entre Melun et Montargis.<br>Un service de bus de remplacement est mis en place, avec desserte des gares intermédiaires.<br>Les horaires du calculateur d'itinéraire tiennent compte des travaux.<br>Motif : travaux.</p>;20220627T153508;Transilien Train Transilien R;f615e1ba-f61d-11ec-9b7b-005056a44da2;travaux
future;Incidents;30;perturbée;SIGNIFICANT_DELAYS;20220824T230000;20220825T020000;f615e1ba-f61d-11ec-9b7b-005056a44da2; / Ligne R : Melun - Montargis du 01/08 au 02/09 / <p>Période : à partir de 23h15<br>Dates : du lundi 01/08 au vendredi 02/09 sauf les week-ends et le lundi 15/08<br>Le trafic est interrompu entre Melun et Montargis.<br>Un service de bus de remplacement est mis en place, avec desserte des gares intermédiaires.<br>Les horaires du calculateur d'itinéraire tiennent compte des travaux.<br>Motif : travaux.</p>;20220627T153508;Transilien Train Transilien R;f615e1ba-f61d-11ec-9b7b-005056a44da2;travaux
future;Incidents;30;perturbée;SIGNIFICANT_DELAYS;20220823T230000;20220824T020000;f615e1ba-f61d-11ec-9b7b-005056a44da2; / Ligne R : Melun - Montargis du 01/08 au 02/09 / <p>Période : à partir de 23h15<br>Dates : du lundi 01/08 au vendredi 02/09 sauf les week-ends et le lundi 15/08<br>Le trafic est interrompu entre Melun et Montargis.<br>Un service de bus de remplacement est mis en place, avec desserte des gares intermédiaires.<br>Les horaires du calculateur d'itinéraire tiennent compte des travaux.<br>Motif : travaux.</p>;20220627T153508;Transilien Train Transilien R;f615e1ba-f61d-11ec-9b7b-005056a44da2;travaux
future;Incidents;30;perturbée;SIGNIFICANT_DELAYS;20220822T230000;20220823T020000;f615e1ba-f61d-11ec-9b7b-005056a44da2; / Ligne R : Melun - Montargis du 01/08 au 02/09 / <p>Période : à partir de 23h15<br>Dates : du lundi 01/08 au vendredi 02/09 sauf les week-ends et le lundi 15/08<br>Le trafic est interrompu entre Melun et Montargis.<br>Un service de bus de remplacement est mis en place, avec desserte des gares intermédiaires.<br>Les horaires du calculateur d'itinéraire tiennent compte des travaux.<br>Motif : travaux.</p>;20220627T153508;Transilien Train Transilien R;f615e1ba-f61d-11ec-9b7b-005056a44da2;travaux
future;Incidents;30;perturbée;SIGNIFICANT_DELAYS;20220819T230000;20220820T020000;f615e1ba-f61d-11ec-9b7b-005056a44da2; / Ligne R : Melun - Montargis du 01/08 au 02/09 / <p>Période : à partir de 23h15<br>Dates : du lundi 01/08 au vendredi 02/09 sauf les week-ends et le lundi 15/08<br>Le trafic est interrompu entre Melun et Montargis.<br>Un service de bus de remplacement est mis en place, avec desserte des gares intermédiaires.<br>Les horaires du calculateur d'itinéraire tiennent compte des travaux.<br>Motif : travaux.</p>;20220627T153508;Transilien Train Transilien R;f615e1ba-f61d-11ec-9b7b-005056a44da2;travaux
future;Incidents;30;perturbée;SIGNIFICANT_DELAYS;20220818T230000;20220819T020000;f615e1ba-f61d-11ec-9b7b-005056a44da2; / Ligne R : Melun - Montargis du 01/08 au 02/09 / <p>Période : à partir de 23h15<br>Dates : du lundi 01/08 au vendredi 02/09 sauf les week-ends et le lundi 15/08<br>Le trafic est interrompu entre Melun et Montargis.<br>Un service de bus de remplacement est mis en place, avec desserte des gares intermédiaires.<br>Les horaires du calculateur d'itinéraire tiennent compte des travaux.<br>Motif : travaux.</p>;20220627T153508;Transilien Train Transilien R;f615e1ba-f61d-11ec-9b7b-005056a44da2;travaux
future;Incidents;30;perturbée;SIGNIFICANT_DELAYS;20220817T230000;20220818T020000;f615e1ba-f61d-11ec-9b7b-005056a44da2; / Ligne R : Melun - Montargis du 01/08 au 02/09 / <p>Période : à partir de 23h15<br>Dates : du lundi 01/08 au vendredi 02/09 sauf les week-ends et le lundi 15/08<br>Le trafic est interrompu entre Melun et Montargis.<br>Un service de bus de remplacement est mis en place, avec desserte des gares intermédiaires.<br>Les horaires du calculateur d'itinéraire tiennent compte des travaux.<br>Motif : travaux.</p>;20220627T153508;Transilien Train Transilien R;f615e1ba-f61d-11ec-9b7b-005056a44da2;travaux
future;Incidents;30;perturbée;SIGNIFICANT_DELAYS;20220816T230000;20220817T020000;f615e1ba-f61d-11ec-9b7b-005056a44da2; / Ligne R : Melun - Montargis du 01/08 au 02/09 / <p>Période : à partir de 23h15<br>Dates : du lundi 01/08 au vendredi 02/09 sauf les week-ends et le lundi 15/08<br>Le trafic est interrompu entre Melun et Montargis.<br>Un service de bus de remplacement est mis en place, avec desserte des gares intermédiaires.<br>Les horaires du calculateur d'itinéraire tiennent compte des travaux.<br>Motif : travaux.</p>;20220627T153508;Transilien Train Transilien R;f615e1ba-f61d-11ec-9b7b-005056a44da2;travaux
future;Incidents;30;perturbée;SIGNIFICANT_DELAYS;20220812T230000;20220813T020000;f615e1ba-f61d-11ec-9b7b-005056a44da2; / Ligne R : Melun - Montargis du 01/08 au 02/09 / <p>Période : à partir de 23h15<br>Dates : du lundi 01/08 au vendredi 02/09 sauf les week-ends et le lundi 15/08<br>Le trafic est interrompu entre Melun et Montargis.<br>Un service de bus de remplacement est mis en place, avec desserte des gares intermédiaires.<br>Les horaires du calculateur d'itinéraire tiennent compte des travaux.<br>Motif : travaux.</p>;20220627T153508;Transilien Train Transilien R;f615e1ba-f61d-11ec-9b7b-005056a44da2;travaux
future;Incidents;30;perturbée;SIGNIFICANT_DELAYS;20220811T230000;20220812T020000;f615e1ba-f61d-11ec-9b7b-005056a44da2; / Ligne R : Melun - Montargis du 01/08 au 02/09 / <p>Période : à partir de 23h15<br>Dates : du lundi 01/08 au vendredi 02/09 sauf les week-ends et le lundi 15/08<br>Le trafic est interrompu entre Melun et Montargis.<br>Un service de bus de remplacement est mis en place, avec desserte des gares intermédiaires.<br>Les horaires du calculateur d'itinéraire tiennent compte des travaux.<br>Motif : travaux.</p>;20220627T153508;Transilien Train Transilien R;f615e1ba-f61d-11ec-9b7b-005056a44da2;travaux
future;Incidents;30;perturbée;SIGNIFICANT_DELAYS;20220810T230000;20220811T020000;f615e1ba-f61d-11ec-9b7b-005056a44da2; / Ligne R : Melun - Montargis du 01/08 au 02/09 / <p>Période : à partir de 23h15<br>Dates : du lundi 01/08 au vendredi 02/09 sauf les week-ends et le lundi 15/08<br>Le trafic est interrompu entre Melun et Montargis.<br>Un service de bus de remplacement est mis en place, avec desserte des gares intermédiaires.<br>Les horaires du calculateur d'itinéraire tiennent compte des travaux.<br>Motif : travaux.</p>;20220627T153508;Transilien Train Transilien R;f615e1ba-f61d-11ec-9b7b-005056a44da2;travaux
future;Incidents;30;perturbée;SIGNIFICANT_DELAYS;20220809T230000;20220810T020000;f615e1ba-f61d-11ec-9b7b-005056a44da2; / Ligne R : Melun - Montargis du 01/08 au 02/09 / <p>Période : à partir de 23h15<br>Dates : du lundi 01/08 au vendredi 02/09 sauf les week-ends et le lundi 15/08<br>Le trafic est interrompu entre Melun et Montargis.<br>Un service de bus de remplacement est mis en place, avec desserte des gares intermédiaires.<br>Les horaires du calculateur d'itinéraire tiennent compte des travaux.<br>Motif : travaux.</p>;20220627T153508;Transilien Train Transilien R;f615e1ba-f61d-11ec-9b7b-005056a44da2;travaux
future;Incidents;30;perturbée;SIGNIFICANT_DELAYS;20220808T230000;20220809T020000;f615e1ba-f61d-11ec-9b7b-005056a44da2; / Ligne R : Melun - Montargis du 01/08 au 02/09 / <p>Période : à partir de 23h15<br>Dates : du lundi 01/08 au vendredi 02/09 sauf les week-ends et le lundi 15/08<br>Le trafic est interrompu entre Melun et Montargis.<br>Un service de bus de remplacement est mis en place, avec desserte des gares intermédiaires.<br>Les horaires du calculateur d'itinéraire tiennent compte des travaux.<br>Motif : travaux.</p>;20220627T153508;Transilien Train Transilien R;f615e1ba-f61d-11ec-9b7b-005056a44da2;travaux
future;Incidents;30;perturbée;SIGNIFICANT_DELAYS;20220805T230000;20220806T020000;f615e1ba-f61d-11ec-9b7b-005056a44da2; / Ligne R : Melun - Montargis du 01/08 au 02/09 / <p>Période : à partir de 23h15<br>Dates : du lundi 01/08 au vendredi 02/09 sauf les week-ends et le lundi 15/08<br>Le trafic est interrompu entre Melun et Montargis.<br>Un service de bus de remplacement est mis en place, avec desserte des gares intermédiaires.<br>Les horaires du calculateur d'itinéraire tiennent compte des travaux.<br>Motif : travaux.</p>;20220627T153508;Transilien Train Transilien R;f615e1ba-f61d-11ec-9b7b-005056a44da2;travaux
future;Incidents;30;perturbée;SIGNIFICANT_DELAYS;20220804T230000;20220805T020000;f615e1ba-f61d-11ec-9b7b-005056a44da2; / Ligne R : Melun - Montargis du 01/08 au 02/09 / <p>Période : à partir de 23h15<br>Dates : du lundi 01/08 au vendredi 02/09 sauf les week-ends et le lundi 15/08<br>Le trafic est interrompu entre Melun et Montargis.<br>Un service de bus de remplacement est mis en place, avec desserte des gares intermédiaires.<br>Les horaires du calculateur d'itinéraire tiennent compte des travaux.<br>Motif : travaux.</p>;20220627T153508;Transilien Train Transilien R;f615e1ba-f61d-11ec-9b7b-005056a44da2;travaux
future;Incidents;30;perturbée;SIGNIFICANT_DELAYS;20220803T230000;20220804T020000;f615e1ba-f61d-11ec-9b7b-005056a44da2; / Ligne R : Melun - Montargis du 01/08 au 02/09 / <p>Période : à partir de 23h15<br>Dates : du lundi 01/08 au vendredi 02/09 sauf les week-ends et le lundi 15/08<br>Le trafic est interrompu entre Melun et Montargis.<br>Un service de bus de remplacement est mis en place, avec desserte des gares intermédiaires.<br>Les horaires du calculateur d'itinéraire tiennent compte des travaux.<br>Motif : travaux.</p>;20220627T153508;Transilien Train Transilien R;f615e1ba-f61d-11ec-9b7b-005056a44da2;travaux
future;Incidents;30;perturbée;SIGNIFICANT_DELAYS;20220802T230000;20220803T020000;f615e1ba-f61d-11ec-9b7b-005056a44da2; / Ligne R : Melun - Montargis du 01/08 au 02/09 / <p>Période : à partir de 23h15<br>Dates : du lundi 01/08 au vendredi 02/09 sauf les week-ends et le lundi 15/08<br>Le trafic est interrompu entre Melun et Montargis.<br>Un service de bus de remplacement est mis en place, avec desserte des gares intermédiaires.<br>Les horaires du calculateur d'itinéraire tiennent compte des travaux.<br>Motif : travaux.</p>;20220627T153508;Transilien Train Transilien R;f615e1ba-f61d-11ec-9b7b-005056a44da2;travaux
future;Incidents;30;perturbée;SIGNIFICANT_DELAYS;20220801T230000;20220802T020000;f615e1ba-f61d-11ec-9b7b-005056a44da2; / Ligne R : Melun - Montargis du 01/08 au 02/09 / <p>Période : à partir de 23h15<br>Dates : du lundi 01/08 au vendredi 02/09 sauf les week-ends et le lundi 15/08<br>Le trafic est interrompu entre Melun et Montargis.<br>Un service de bus de remplacement est mis en place, avec desserte des gares intermédiaires.<br>Les horaires du calculateur d'itinéraire tiennent compte des travaux.<br>Motif : travaux.</p>;20220627T153508;Transilien Train Transilien R;f615e1ba-f61d-11ec-9b7b-005056a44da2;travaux
future;Incidents;30;perturbée;SIGNIFICANT_DELAYS;20220902T230000;20220903T020000;f615e1ba-f61d-11ec-9b7b-005056a44da2; / Ligne R : Melun - Montargis du 01/08 au 02/09 / <p>Période : à partir de 23h15<br>Dates : du lundi 01/08 au vendredi 02/09 sauf les week-ends et le lundi 15/08<br>Le trafic est interrompu entre Melun et Montargis.<br>Un service de bus de remplacement est mis en place, avec desserte des gares intermédiaires.<br>Les horaires du calculateur d'itinéraire tiennent compte des travaux.<br>Motif : travaux.</p>;20220627T153508;Transilien Train Transilien R;f615e1ba-f61d-11ec-9b7b-005056a44da2;travaux
future;Incidents;30;perturbée;SIGNIFICANT_DELAYS;20220809T233000;20220810T023000;a6d749e4-f61e-11ec-9b7b-005056a44da2; / Ligne R : Melun - Montereau 8-12 puis 22-26 août / <p>Période : à partir de 00h15 <br>Dates : du lundi 8 au vendredi 12 août et du lundi 22 au vendredi 26 août.  <br>Le trafic est interrompu entre Melun et Montereau via Moret - Veneux-les-Sablons.<br>Un service de bus de remplacement est mis en place, avec desserte des gares intermédiaires.<br>Les horaires du calculateur d'itinéraire tiennent compte des travaux.<br>Motif : travaux.</p>;20220627T154005;Transilien Train Transilien R;a6d749e4-f61e-11ec-9b7b-005056a44da2;travaux
future;Incidents;30;perturbée;SIGNIFICANT_DELAYS;20220825T233000;20220826T023000;a6d749e4-f61e-11ec-9b7b-005056a44da2; / Ligne R : Melun - Montereau 8-12 puis 22-26 août / <p>Période : à partir de 00h15 <br>Dates : du lundi 8 au vendredi 12 août et du lundi 22 au vendredi 26 août.  <br>Le trafic est interrompu entre Melun et Montereau via Moret - Veneux-les-Sablons.<br>Un service de bus de remplacement est mis en place, avec desserte des gares intermédiaires.<br>Les horaires du calculateur d'itinéraire tiennent compte des travaux.<br>Motif : travaux.</p>;20220627T154005;Transilien Train Transilien R;a6d749e4-f61e-11ec-9b7b-005056a44da2;travaux
future;Incidents;30;perturbée;SIGNIFICANT_DELAYS;20220824T233000;20220825T023000;a6d749e4-f61e-11ec-9b7b-005056a44da2; / Ligne R : Melun - Montereau 8-12 puis 22-26 août / <p>Période : à partir de 00h15 <br>Dates : du lundi 8 au vendredi 12 août et du lundi 22 au vendredi 26 août.  <br>Le trafic est interrompu entre Melun et Montereau via Moret - Veneux-les-Sablons.<br>Un service de bus de remplacement est mis en place, avec desserte des gares intermédiaires.<br>Les horaires du calculateur d'itinéraire tiennent compte des travaux.<br>Motif : travaux.</p>;20220627T154005;Transilien Train Transilien R;a6d749e4-f61e-11ec-9b7b-005056a44da2;travaux
future;Incidents;30;perturbée;SIGNIFICANT_DELAYS;20220823T233000;20220824T023000;a6d749e4-f61e-11ec-9b7b-005056a44da2; / Ligne R : Melun - Montereau 8-12 puis 22-26 août / <p>Période : à partir de 00h15 <br>Dates : du lundi 8 au vendredi 12 août et du lundi 22 au vendredi 26 août.  <br>Le trafic est interrompu entre Melun et Montereau via Moret - Veneux-les-Sablons.<br>Un service de bus de remplacement est mis en place, avec desserte des gares intermédiaires.<br>Les horaires du calculateur d'itinéraire tiennent compte des travaux.<br>Motif : travaux.</p>;20220627T154005;Transilien Train Transilien R;a6d749e4-f61e-11ec-9b7b-005056a44da2;travaux
future;Incidents;30;perturbée;SIGNIFICANT_DELAYS;20220822T233000;20220823T023000;a6d749e4-f61e-11ec-9b7b-005056a44da2; / Ligne R : Melun - Montereau 8-12 puis 22-26 août / <p>Période : à partir de 00h15 <br>Dates : du lundi 8 au vendredi 12 août et du lundi 22 au vendredi 26 août.  <br>Le trafic est interrompu entre Melun et Montereau via Moret - Veneux-les-Sablons.<br>Un service de bus de remplacement est mis en place, avec desserte des gares intermédiaires.<br>Les horaires du calculateur d'itinéraire tiennent compte des travaux.<br>Motif : travaux.</p>;20220627T154005;Transilien Train Transilien R;a6d749e4-f61e-11ec-9b7b-005056a44da2;travaux
future;Incidents;30;perturbée;SIGNIFICANT_DELAYS;20220812T233000;20220813T023000;a6d749e4-f61e-11ec-9b7b-005056a44da2; / Ligne R : Melun - Montereau 8-12 puis 22-26 août / <p>Période : à partir de 00h15 <br>Dates : du lundi 8 au vendredi 12 août et du lundi 22 au vendredi 26 août.  <br>Le trafic est interrompu entre Melun et Montereau via Moret - Veneux-les-Sablons.<br>Un service de bus de remplacement est mis en place, avec desserte des gares intermédiaires.<br>Les horaires du calculateur d'itinéraire tiennent compte des travaux.<br>Motif : travaux.</p>;20220627T154005;Transilien Train Transilien R;a6d749e4-f61e-11ec-9b7b-005056a44da2;travaux
future;Incidents;30;perturbée;SIGNIFICANT_DELAYS;20220811T233000;20220812T023000;a6d749e4-f61e-11ec-9b7b-005056a44da2; / Ligne R : Melun - Montereau 8-12 puis 22-26 août / <p>Période : à partir de 00h15 <br>Dates : du lundi 8 au vendredi 12 août et du lundi 22 au vendredi 26 août.  <br>Le trafic est interrompu entre Melun et Montereau via Moret - Veneux-les-Sablons.<br>Un service de bus de remplacement est mis en place, avec desserte des gares intermédiaires.<br>Les horaires du calculateur d'itinéraire tiennent compte des travaux.<br>Motif : travaux.</p>;20220627T154005;Transilien Train Transilien R;a6d749e4-f61e-11ec-9b7b-005056a44da2;travaux
future;Incidents;30;perturbée;SIGNIFICANT_DELAYS;20220810T233000;20220811T023000;a6d749e4-f61e-11ec-9b7b-005056a44da2; / Ligne R : Melun - Montereau 8-12 puis 22-26 août / <p>Période : à partir de 00h15 <br>Dates : du lundi 8 au vendredi 12 août et du lundi 22 au vendredi 26 août.  <br>Le trafic est interrompu entre Melun et Montereau via Moret - Veneux-les-Sablons.<br>Un service de bus de remplacement est mis en place, avec desserte des gares intermédiaires.<br>Les horaires du calculateur d'itinéraire tiennent compte des travaux.<br>Motif : travaux.</p>;20220627T154005;Transilien Train Transilien R;a6d749e4-f61e-11ec-9b7b-005056a44da2;travaux
future;Incidents;30;perturbée;SIGNIFICANT_DELAYS;20220808T233000;20220809T023000;a6d749e4-f61e-11ec-9b7b-005056a44da2; / Ligne R : Melun - Montereau 8-12 puis 22-26 août / <p>Période : à partir de 00h15 <br>Dates : du lundi 8 au vendredi 12 août et du lundi 22 au vendredi 26 août.  <br>Le trafic est interrompu entre Melun et Montereau via Moret - Veneux-les-Sablons.<br>Un service de bus de remplacement est mis en place, avec desserte des gares intermédiaires.<br>Les horaires du calculateur d'itinéraire tiennent compte des travaux.<br>Motif : travaux.</p>;20220627T154005;Transilien Train Transilien R;a6d749e4-f61e-11ec-9b7b-005056a44da2;travaux
future;Incidents;30;perturbée;SIGNIFICANT_DELAYS;20220826T233000;20220827T023000;a6d749e4-f61e-11ec-9b7b-005056a44da2; / Ligne R : Melun - Montereau 8-12 puis 22-26 août / <p>Période : à partir de 00h15 <br>Dates : du lundi 8 au vendredi 12 août et du lundi 22 au vendredi 26 août.  <br>Le trafic est interrompu entre Melun et Montereau via Moret - Veneux-les-Sablons.<br>Un service de bus de remplacement est mis en place, avec desserte des gares intermédiaires.<br>Les horaires du calculateur d'itinéraire tiennent compte des travaux.<br>Motif : travaux.</p>;20220627T154005;Transilien Train Transilien R;a6d749e4-f61e-11ec-9b7b-005056a44da2;travaux
future;Incidents;30;perturbée;SIGNIFICANT_DELAYS;20220804T233000;20220805T033000;7ad419b4-f621-11ec-baf9-005056a47b86;" / Ligne H : Paris Nord - Persan 18/7 au 5/8 / <p>Période : à partir de 23h30<br>Dates : du lundi 18 juillet au vendredi 05 août sauf week-ends<br>Le trafic est interrompu entre Paris Gare du Nord et Persan Beaumont via Valmondois.<br>En conséquence, un service de bus de remplacement est mis en place, avec desserte des gares intermédiaires.<br><a href=""https://www.transilien.com/sites/transilien/files/sentinelle-h-paris-ermont-valmondois-persan-du18juilletau05aout.pdf"" target="""">Pour plus d'informations, cliquez ici pour télécharger l'affiche PDF.</a><br>Les horaires du calculateur d'itinéraire tiennent compte des travaux.<br>Motif : travaux</p>";20220627T160019;Transilien Train Transilien H;7ad419b4-f621-11ec-baf9-005056a47b86;travaux
future;Incidents;30;perturbée;SIGNIFICANT_DELAYS;20220803T233000;20220804T033000;7ad419b4-f621-11ec-baf9-005056a47b86;" / Ligne H : Paris Nord - Persan 18/7 au 5/8 / <p>Période : à partir de 23h30<br>Dates : du lundi 18 juillet au vendredi 05 août sauf week-ends<br>Le trafic est interrompu entre Paris Gare du Nord et Persan Beaumont via Valmondois.<br>En conséquence, un service de bus de remplacement est mis en place, avec desserte des gares intermédiaires.<br><a href=""https://www.transilien.com/sites/transilien/files/sentinelle-h-paris-ermont-valmondois-persan-du18juilletau05aout.pdf"" target="""">Pour plus d'informations, cliquez ici pour télécharger l'affiche PDF.</a><br>Les horaires du calculateur d'itinéraire tiennent compte des travaux.<br>Motif : travaux</p>";20220627T160019;Transilien Train Transilien H;7ad419b4-f621-11ec-baf9-005056a47b86;travaux
future;Incidents;30;perturbée;SIGNIFICANT_DELAYS;20220801T233000;20220802T033000;7ad419b4-f621-11ec-baf9-005056a47b86;" / Ligne H : Paris Nord - Persan 18/7 au 5/8 / <p>Période : à partir de 23h30<br>Dates : du lundi 18 juillet au vendredi 05 août sauf week-ends<br>Le trafic est interrompu entre Paris Gare du Nord et Persan Beaumont via Valmondois.<br>En conséquence, un service de bus de remplacement est mis en place, avec desserte des gares intermédiaires.<br><a href=""https://www.transilien.com/sites/transilien/files/sentinelle-h-paris-ermont-valmondois-persan-du18juilletau05aout.pdf"" target="""">Pour plus d'informations, cliquez ici pour télécharger l'affiche PDF.</a><br>Les horaires du calculateur d'itinéraire tiennent compte des travaux.<br>Motif : travaux</p>";20220627T160019;Transilien Train Transilien H;7ad419b4-f621-11ec-baf9-005056a47b86;travaux
future;Incidents;30;perturbée;SIGNIFICANT_DELAYS;20220729T233000;20220730T033000;7ad419b4-f621-11ec-baf9-005056a47b86;" / Ligne H : Paris Nord - Persan 18/7 au 5/8 / <p>Période : à partir de 23h30<br>Dates : du lundi 18 juillet au vendredi 05 août sauf week-ends<br>Le trafic est interrompu entre Paris Gare du Nord et Persan Beaumont via Valmondois.<br>En conséquence, un service de bus de remplacement est mis en place, avec desserte des gares intermédiaires.<br><a href=""https://www.transilien.com/sites/transilien/files/sentinelle-h-paris-ermont-valmondois-persan-du18juilletau05aout.pdf"" target="""">Pour plus d'informations, cliquez ici pour télécharger l'affiche PDF.</a><br>Les horaires du calculateur d'itinéraire tiennent compte des travaux.<br>Motif : travaux</p>";20220627T160019;Transilien Train Transilien H;7ad419b4-f621-11ec-baf9-005056a47b86;travaux
future;Incidents;30;perturbée;SIGNIFICANT_DELAYS;20220728T233000;20220729T033000;7ad419b4-f621-11ec-baf9-005056a47b86;" / Ligne H : Paris Nord - Persan 18/7 au 5/8 / <p>Période : à partir de 23h30<br>Dates : du lundi 18 juillet au vendredi 05 août sauf week-ends<br>Le trafic est interrompu entre Paris Gare du Nord et Persan Beaumont via Valmondois.<br>En conséquence, un service de bus de remplacement est mis en place, avec desserte des gares intermédiaires.<br><a href=""https://www.transilien.com/sites/transilien/files/sentinelle-h-paris-ermont-valmondois-persan-du18juilletau05aout.pdf"" target="""">Pour plus d'informations, cliquez ici pour télécharger l'affiche PDF.</a><br>Les horaires du calculateur d'itinéraire tiennent compte des travaux.<br>Motif : travaux</p>";20220627T160019;Transilien Train Transilien H;7ad419b4-f621-11ec-baf9-005056a47b86;travaux
future;Incidents;30;perturbée;SIGNIFICANT_DELAYS;20220726T233000;20220727T033000;7ad419b4-f621-11ec-baf9-005056a47b86;" / Ligne H : Paris Nord - Persan 18/7 au 5/8 / <p>Période : à partir de 23h30<br>Dates : du lundi 18 juillet au vendredi 05 août sauf week-ends<br>Le trafic est interrompu entre Paris Gare du Nord et Persan Beaumont via Valmondois.<br>En conséquence, un service de bus de remplacement est mis en place, avec desserte des gares intermédiaires.<br><a href=""https://www.transilien.com/sites/transilien/files/sentinelle-h-paris-ermont-valmondois-persan-du18juilletau05aout.pdf"" target="""">Pour plus d'informations, cliquez ici pour télécharger l'affiche PDF.</a><br>Les horaires du calculateur d'itinéraire tiennent compte des travaux.<br>Motif : travaux</p>";20220627T160019;Transilien Train Transilien H;7ad419b4-f621-11ec-baf9-005056a47b86;travaux
future;Incidents;30;perturbée;SIGNIFICANT_DELAYS;20220725T233000;20220726T033000;7ad419b4-f621-11ec-baf9-005056a47b86;" / Ligne H : Paris Nord - Persan 18/7 au 5/8 / <p>Période : à partir de 23h30<br>Dates : du lundi 18 juillet au vendredi 05 août sauf week-ends<br>Le trafic est interrompu entre Paris Gare du Nord et Persan Beaumont via Valmondois.<br>En conséquence, un service de bus de remplacement est mis en place, avec desserte des gares intermédiaires.<br><a href=""https://www.transilien.com/sites/transilien/files/sentinelle-h-paris-ermont-valmondois-persan-du18juilletau05aout.pdf"" target="""">Pour plus d'informations, cliquez ici pour télécharger l'affiche PDF.</a><br>Les horaires du calculateur d'itinéraire tiennent compte des travaux.<br>Motif : travaux</p>";20220627T160019;Transilien Train Transilien H;7ad419b4-f621-11ec-baf9-005056a47b86;travaux
future;Incidents;30;perturbée;SIGNIFICANT_DELAYS;20220722T233000;20220723T033000;7ad419b4-f621-11ec-baf9-005056a47b86;" / Ligne H : Paris Nord - Persan 18/7 au 5/8 / <p>Période : à partir de 23h30<br>Dates : du lundi 18 juillet au vendredi 05 août sauf week-ends<br>Le trafic est interrompu entre Paris Gare du Nord et Persan Beaumont via Valmondois.<br>En conséquence, un service de bus de remplacement est mis en place, avec desserte des gares intermédiaires.<br><a href=""https://www.transilien.com/sites/transilien/files/sentinelle-h-paris-ermont-valmondois-persan-du18juilletau05aout.pdf"" target="""">Pour plus d'informations, cliquez ici pour télécharger l'affiche PDF.</a><br>Les horaires du calculateur d'itinéraire tiennent compte des travaux.<br>Motif : travaux</p>";20220627T160019;Transilien Train Transilien H;7ad419b4-f621-11ec-baf9-005056a47b86;travaux
future;Incidents;30;perturbée;SIGNIFICANT_DELAYS;20220721T233000;20220722T033000;7ad419b4-f621-11ec-baf9-005056a47b86;" / Ligne H : Paris Nord - Persan 18/7 au 5/8 / <p>Période : à partir de 23h30<br>Dates : du lundi 18 juillet au vendredi 05 août sauf week-ends<br>Le trafic est interrompu entre Paris Gare du Nord et Persan Beaumont via Valmondois.<br>En conséquence, un service de bus de remplacement est mis en place, avec desserte des gares intermédiaires.<br><a href=""https://www.transilien.com/sites/transilien/files/sentinelle-h-paris-ermont-valmondois-persan-du18juilletau05aout.pdf"" target="""">Pour plus d'informations, cliquez ici pour télécharger l'affiche PDF.</a><br>Les horaires du calculateur d'itinéraire tiennent compte des travaux.<br>Motif : travaux</p>";20220627T160019;Transilien Train Transilien H;7ad419b4-f621-11ec-baf9-005056a47b86;travaux
future;Incidents;30;perturbée;SIGNIFICANT_DELAYS;20220720T233000;20220721T033000;7ad419b4-f621-11ec-baf9-005056a47b86;" / Ligne H : Paris Nord - Persan 18/7 au 5/8 / <p>Période : à partir de 23h30<br>Dates : du lundi 18 juillet au vendredi 05 août sauf week-ends<br>Le trafic est interrompu entre Paris Gare du Nord et Persan Beaumont via Valmondois.<br>En conséquence, un service de bus de remplacement est mis en place, avec desserte des gares intermédiaires.<br><a href=""https://www.transilien.com/sites/transilien/files/sentinelle-h-paris-ermont-valmondois-persan-du18juilletau05aout.pdf"" target="""">Pour plus d'informations, cliquez ici pour télécharger l'affiche PDF.</a><br>Les horaires du calculateur d'itinéraire tiennent compte des travaux.<br>Motif : travaux</p>";20220627T160019;Transilien Train Transilien H;7ad419b4-f621-11ec-baf9-005056a47b86;travaux
future;Incidents;30;perturbée;SIGNIFICANT_DELAYS;20220719T233000;20220720T033000;7ad419b4-f621-11ec-baf9-005056a47b86;" / Ligne H : Paris Nord - Persan 18/7 au 5/8 / <p>Période : à partir de 23h30<br>Dates : du lundi 18 juillet au vendredi 05 août sauf week-ends<br>Le trafic est interrompu entre Paris Gare du Nord et Persan Beaumont via Valmondois.<br>En conséquence, un service de bus de remplacement est mis en place, avec desserte des gares intermédiaires.<br><a href=""https://www.transilien.com/sites/transilien/files/sentinelle-h-paris-ermont-valmondois-persan-du18juilletau05aout.pdf"" target="""">Pour plus d'informations, cliquez ici pour télécharger l'affiche PDF.</a><br>Les horaires du calculateur d'itinéraire tiennent compte des travaux.<br>Motif : travaux</p>";20220627T160019;Transilien Train Transilien H;7ad419b4-f621-11ec-baf9-005056a47b86;travaux
future;Incidents;30;perturbée;SIGNIFICANT_DELAYS;20220718T233000;20220719T033000;7ad419b4-f621-11ec-baf9-005056a47b86;" / Ligne H : Paris Nord - Persan 18/7 au 5/8 / <p>Période : à partir de 23h30<br>Dates : du lundi 18 juillet au vendredi 05 août sauf week-ends<br>Le trafic est interrompu entre Paris Gare du Nord et Persan Beaumont via Valmondois.<br>En conséquence, un service de bus de remplacement est mis en place, avec desserte des gares intermédiaires.<br><a href=""https://www.transilien.com/sites/transilien/files/sentinelle-h-paris-ermont-valmondois-persan-du18juilletau05aout.pdf"" target="""">Pour plus d'informations, cliquez ici pour télécharger l'affiche PDF.</a><br>Les horaires du calculateur d'itinéraire tiennent compte des travaux.<br>Motif : travaux</p>";20220627T160019;Transilien Train Transilien H;7ad419b4-f621-11ec-baf9-005056a47b86;travaux
future;Incidents;30;perturbée;SIGNIFICANT_DELAYS;20220805T233000;20220806T033000;7ad419b4-f621-11ec-baf9-005056a47b86;" / Ligne H : Paris Nord - Persan 18/7 au 5/8 / <p>Période : à partir de 23h30<br>Dates : du lundi 18 juillet au vendredi 05 août sauf week-ends<br>Le trafic est interrompu entre Paris Gare du Nord et Persan Beaumont via Valmondois.<br>En conséquence, un service de bus de remplacement est mis en place, avec desserte des gares intermédiaires.<br><a href=""https://www.transilien.com/sites/transilien/files/sentinelle-h-paris-ermont-valmondois-persan-du18juilletau05aout.pdf"" target="""">Pour plus d'informations, cliquez ici pour télécharger l'affiche PDF.</a><br>Les horaires du calculateur d'itinéraire tiennent compte des travaux.<br>Motif : travaux</p>";20220627T160019;Transilien Train Transilien H;7ad419b4-f621-11ec-baf9-005056a47b86;travaux
future;Incidents;30;perturbée;SIGNIFICANT_DELAYS;20220727T233000;20220728T033000;7ad419b4-f621-11ec-baf9-005056a47b86;" / Ligne H : Paris Nord - Persan 18/7 au 5/8 / <p>Période : à partir de 23h30<br>Dates : du lundi 18 juillet au vendredi 05 août sauf week-ends<br>Le trafic est interrompu entre Paris Gare du Nord et Persan Beaumont via Valmondois.<br>En conséquence, un service de bus de remplacement est mis en place, avec desserte des gares intermédiaires.<br><a href=""https://www.transilien.com/sites/transilien/files/sentinelle-h-paris-ermont-valmondois-persan-du18juilletau05aout.pdf"" target="""">Pour plus d'informations, cliquez ici pour télécharger l'affiche PDF.</a><br>Les horaires du calculateur d'itinéraire tiennent compte des travaux.<br>Motif : travaux</p>";20220627T160019;Transilien Train Transilien H;7ad419b4-f621-11ec-baf9-005056a47b86;travaux
future;Incidents;30;perturbée;SIGNIFICANT_DELAYS;20220802T233000;20220803T033000;7ad419b4-f621-11ec-baf9-005056a47b86;" / Ligne H : Paris Nord - Persan 18/7 au 5/8 / <p>Période : à partir de 23h30<br>Dates : du lundi 18 juillet au vendredi 05 août sauf week-ends<br>Le trafic est interrompu entre Paris Gare du Nord et Persan Beaumont via Valmondois.<br>En conséquence, un service de bus de remplacement est mis en place, avec desserte des gares intermédiaires.<br><a href=""https://www.transilien.com/sites/transilien/files/sentinelle-h-paris-ermont-valmondois-persan-du18juilletau05aout.pdf"" target="""">Pour plus d'informations, cliquez ici pour télécharger l'affiche PDF.</a><br>Les horaires du calculateur d'itinéraire tiennent compte des travaux.<br>Motif : travaux</p>";20220627T160019;Transilien Train Transilien H;7ad419b4-f621-11ec-baf9-005056a47b86;travaux
future;Incidents;30;perturbée;SIGNIFICANT_DELAYS;20220828T220000;20220829T013000;1b254950-f637-11ec-9b7b-005056a44da2;" / Ligne P : Paris-Coulommiers du 23/07 au 28/08 / <p>Période : à partir de 22h15<br>Dates : <br>- samedi 23 et dimanche 24 juillet<br>- samedi 30 et dimanche 31 juillet<br>- samedi 6 et dimanche 7 août<br>- samedi 13 et dimanche 14 août<br>- samedi 20 et dimanche 21 août<br>- samedi 27 et dimanche 28 août<br>Le trafic est interrompu entre Paris Est et Coulommiers.<br>Un service de bus de remplacement est mis en place, avec desserte des gares intermédiaires.<br>Pour plus d'informations, <a href=""https://www.transilien.com/sites/transilien/files/sentinelle-20220723-p-pariscoulommiers-du23juilletau28aout.pdf"" target="""">cliquez ici pour télécharger l'affiche PDF.</a><br>Les horaires du calculateur d'itinéraire tiennent compte des travaux.<br>Motif : travaux.</p>";20220627T183508;Transilien Train Transilien P;1b254950-f637-11ec-9b7b-005056a44da2;travaux
future;Incidents;30;perturbée;SIGNIFICANT_DELAYS;20220827T220000;20220828T013000;1b254950-f637-11ec-9b7b-005056a44da2;" / Ligne P : Paris-Coulommiers du 23/07 au 28/08 / <p>Période : à partir de 22h15<br>Dates : <br>- samedi 23 et dimanche 24 juillet<br>- samedi 30 et dimanche 31 juillet<br>- samedi 6 et dimanche 7 août<br>- samedi 13 et dimanche 14 août<br>- samedi 20 et dimanche 21 août<br>- samedi 27 et dimanche 28 août<br>Le trafic est interrompu entre Paris Est et Coulommiers.<br>Un service de bus de remplacement est mis en place, avec desserte des gares intermédiaires.<br>Pour plus d'informations, <a href=""https://www.transilien.com/sites/transilien/files/sentinelle-20220723-p-pariscoulommiers-du23juilletau28aout.pdf"" target="""">cliquez ici pour télécharger l'affiche PDF.</a><br>Les horaires du calculateur d'itinéraire tiennent compte des travaux.<br>Motif : travaux.</p>";20220627T183508;Transilien Train Transilien P;1b254950-f637-11ec-9b7b-005056a44da2;travaux
future;Incidents;30;perturbée;SIGNIFICANT_DELAYS;20220820T220000;20220821T013000;1b254950-f637-11ec-9b7b-005056a44da2;" / Ligne P : Paris-Coulommiers du 23/07 au 28/08 / <p>Période : à partir de 22h15<br>Dates : <br>- samedi 23 et dimanche 24 juillet<br>- samedi 30 et dimanche 31 juillet<br>- samedi 6 et dimanche 7 août<br>- samedi 13 et dimanche 14 août<br>- samedi 20 et dimanche 21 août<br>- samedi 27 et dimanche 28 août<br>Le trafic est interrompu entre Paris Est et Coulommiers.<br>Un service de bus de remplacement est mis en place, avec desserte des gares intermédiaires.<br>Pour plus d'informations, <a href=""https://www.transilien.com/sites/transilien/files/sentinelle-20220723-p-pariscoulommiers-du23juilletau28aout.pdf"" target="""">cliquez ici pour télécharger l'affiche PDF.</a><br>Les horaires du calculateur d'itinéraire tiennent compte des travaux.<br>Motif : travaux.</p>";20220627T183508;Transilien Train Transilien P;1b254950-f637-11ec-9b7b-005056a44da2;travaux
future;Incidents;30;perturbée;SIGNIFICANT_DELAYS;20220814T220000;20220815T013000;1b254950-f637-11ec-9b7b-005056a44da2;" / Ligne P : Paris-Coulommiers du 23/07 au 28/08 / <p>Période : à partir de 22h15<br>Dates : <br>- samedi 23 et dimanche 24 juillet<br>- samedi 30 et dimanche 31 juillet<br>- samedi 6 et dimanche 7 août<br>- samedi 13 et dimanche 14 août<br>- samedi 20 et dimanche 21 août<br>- samedi 27 et dimanche 28 août<br>Le trafic est interrompu entre Paris Est et Coulommiers.<br>Un service de bus de remplacement est mis en place, avec desserte des gares intermédiaires.<br>Pour plus d'informations, <a href=""https://www.transilien.com/sites/transilien/files/sentinelle-20220723-p-pariscoulommiers-du23juilletau28aout.pdf"" target="""">cliquez ici pour télécharger l'affiche PDF.</a><br>Les horaires du calculateur d'itinéraire tiennent compte des travaux.<br>Motif : travaux.</p>";20220627T183508;Transilien Train Transilien P;1b254950-f637-11ec-9b7b-005056a44da2;travaux
future;Incidents;30;perturbée;SIGNIFICANT_DELAYS;20220813T220000;20220814T013000;1b254950-f637-11ec-9b7b-005056a44da2;" / Ligne P : Paris-Coulommiers du 23/07 au 28/08 / <p>Période : à partir de 22h15<br>Dates : <br>- samedi 23 et dimanche 24 juillet<br>- samedi 30 et dimanche 31 juillet<br>- samedi 6 et dimanche 7 août<br>- samedi 13 et dimanche 14 août<br>- samedi 20 et dimanche 21 août<br>- samedi 27 et dimanche 28 août<br>Le trafic est interrompu entre Paris Est et Coulommiers.<br>Un service de bus de remplacement est mis en place, avec desserte des gares intermédiaires.<br>Pour plus d'informations, <a href=""https://www.transilien.com/sites/transilien/files/sentinelle-20220723-p-pariscoulommiers-du23juilletau28aout.pdf"" target="""">cliquez ici pour télécharger l'affiche PDF.</a><br>Les horaires du calculateur d'itinéraire tiennent compte des travaux.<br>Motif : travaux.</p>";20220627T183508;Transilien Train Transilien P;1b254950-f637-11ec-9b7b-005056a44da2;travaux
future;Incidents;30;perturbée;SIGNIFICANT_DELAYS;20220807T220000;20220808T013000;1b254950-f637-11ec-9b7b-005056a44da2;" / Ligne P : Paris-Coulommiers du 23/07 au 28/08 / <p>Période : à partir de 22h15<br>Dates : <br>- samedi 23 et dimanche 24 juillet<br>- samedi 30 et dimanche 31 juillet<br>- samedi 6 et dimanche 7 août<br>- samedi 13 et dimanche 14 août<br>- samedi 20 et dimanche 21 août<br>- samedi 27 et dimanche 28 août<br>Le trafic est interrompu entre Paris Est et Coulommiers.<br>Un service de bus de remplacement est mis en place, avec desserte des gares intermédiaires.<br>Pour plus d'informations, <a href=""https://www.transilien.com/sites/transilien/files/sentinelle-20220723-p-pariscoulommiers-du23juilletau28aout.pdf"" target="""">cliquez ici pour télécharger l'affiche PDF.</a><br>Les horaires du calculateur d'itinéraire tiennent compte des travaux.<br>Motif : travaux.</p>";20220627T183508;Transilien Train Transilien P;1b254950-f637-11ec-9b7b-005056a44da2;travaux
future;Incidents;30;perturbée;SIGNIFICANT_DELAYS;20220806T220000;20220807T013000;1b254950-f637-11ec-9b7b-005056a44da2;" / Ligne P : Paris-Coulommiers du 23/07 au 28/08 / <p>Période : à partir de 22h15<br>Dates : <br>- samedi 23 et dimanche 24 juillet<br>- samedi 30 et dimanche 31 juillet<br>- samedi 6 et dimanche 7 août<br>- samedi 13 et dimanche 14 août<br>- samedi 20 et dimanche 21 août<br>- samedi 27 et dimanche 28 août<br>Le trafic est interrompu entre Paris Est et Coulommiers.<br>Un service de bus de remplacement est mis en place, avec desserte des gares intermédiaires.<br>Pour plus d'informations, <a href=""https://www.transilien.com/sites/transilien/files/sentinelle-20220723-p-pariscoulommiers-du23juilletau28aout.pdf"" target="""">cliquez ici pour télécharger l'affiche PDF.</a><br>Les horaires du calculateur d'itinéraire tiennent compte des travaux.<br>Motif : travaux.</p>";20220627T183508;Transilien Train Transilien P;1b254950-f637-11ec-9b7b-005056a44da2;travaux
future;Incidents;30;perturbée;SIGNIFICANT_DELAYS;20220731T220000;20220801T013000;1b254950-f637-11ec-9b7b-005056a44da2;" / Ligne P : Paris-Coulommiers du 23/07 au 28/08 / <p>Période : à partir de 22h15<br>Dates : <br>- samedi 23 et dimanche 24 juillet<br>- samedi 30 et dimanche 31 juillet<br>- samedi 6 et dimanche 7 août<br>- samedi 13 et dimanche 14 août<br>- samedi 20 et dimanche 21 août<br>- samedi 27 et dimanche 28 août<br>Le trafic est interrompu entre Paris Est et Coulommiers.<br>Un service de bus de remplacement est mis en place, avec desserte des gares intermédiaires.<br>Pour plus d'informations, <a href=""https://www.transilien.com/sites/transilien/files/sentinelle-20220723-p-pariscoulommiers-du23juilletau28aout.pdf"" target="""">cliquez ici pour télécharger l'affiche PDF.</a><br>Les horaires du calculateur d'itinéraire tiennent compte des travaux.<br>Motif : travaux.</p>";20220627T183508;Transilien Train Transilien P;1b254950-f637-11ec-9b7b-005056a44da2;travaux
future;Incidents;30;perturbée;SIGNIFICANT_DELAYS;20220730T220000;20220731T013000;1b254950-f637-11ec-9b7b-005056a44da2;" / Ligne P : Paris-Coulommiers du 23/07 au 28/08 / <p>Période : à partir de 22h15<br>Dates : <br>- samedi 23 et dimanche 24 juillet<br>- samedi 30 et dimanche 31 juillet<br>- samedi 6 et dimanche 7 août<br>- samedi 13 et dimanche 14 août<br>- samedi 20 et dimanche 21 août<br>- samedi 27 et dimanche 28 août<br>Le trafic est interrompu entre Paris Est et Coulommiers.<br>Un service de bus de remplacement est mis en place, avec desserte des gares intermédiaires.<br>Pour plus d'informations, <a href=""https://www.transilien.com/sites/transilien/files/sentinelle-20220723-p-pariscoulommiers-du23juilletau28aout.pdf"" target="""">cliquez ici pour télécharger l'affiche PDF.</a><br>Les horaires du calculateur d'itinéraire tiennent compte des travaux.<br>Motif : travaux.</p>";20220627T183508;Transilien Train Transilien P;1b254950-f637-11ec-9b7b-005056a44da2;travaux
future;Incidents;30;perturbée;SIGNIFICANT_DELAYS;20220723T220000;20220724T013000;1b254950-f637-11ec-9b7b-005056a44da2;" / Ligne P : Paris-Coulommiers du 23/07 au 28/08 / <p>Période : à partir de 22h15<br>Dates : <br>- samedi 23 et dimanche 24 juillet<br>- samedi 30 et dimanche 31 juillet<br>- samedi 6 et dimanche 7 août<br>- samedi 13 et dimanche 14 août<br>- samedi 20 et dimanche 21 août<br>- samedi 27 et dimanche 28 août<br>Le trafic est interrompu entre Paris Est et Coulommiers.<br>Un service de bus de remplacement est mis en place, avec desserte des gares intermédiaires.<br>Pour plus d'informations, <a href=""https://www.transilien.com/sites/transilien/files/sentinelle-20220723-p-pariscoulommiers-du23juilletau28aout.pdf"" target="""">cliquez ici pour télécharger l'affiche PDF.</a><br>Les horaires du calculateur d'itinéraire tiennent compte des travaux.<br>Motif : travaux.</p>";20220627T183508;Transilien Train Transilien P;1b254950-f637-11ec-9b7b-005056a44da2;travaux
future;Incidents;30;perturbée;SIGNIFICANT_DELAYS;20220821T220000;20220822T013000;1b254950-f637-11ec-9b7b-005056a44da2;" / Ligne P : Paris-Coulommiers du 23/07 au 28/08 / <p>Période : à partir de 22h15<br>Dates : <br>- samedi 23 et dimanche 24 juillet<br>- samedi 30 et dimanche 31 juillet<br>- samedi 6 et dimanche 7 août<br>- samedi 13 et dimanche 14 août<br>- samedi 20 et dimanche 21 août<br>- samedi 27 et dimanche 28 août<br>Le trafic est interrompu entre Paris Est et Coulommiers.<br>Un service de bus de remplacement est mis en place, avec desserte des gares intermédiaires.<br>Pour plus d'informations, <a href=""https://www.transilien.com/sites/transilien/files/sentinelle-20220723-p-pariscoulommiers-du23juilletau28aout.pdf"" target="""">cliquez ici pour télécharger l'affiche PDF.</a><br>Les horaires du calculateur d'itinéraire tiennent compte des travaux.<br>Motif : travaux.</p>";20220627T183508;Transilien Train Transilien P;1b254950-f637-11ec-9b7b-005056a44da2;travaux
future;Incidents;30;perturbée;SIGNIFICANT_DELAYS;20220724T220000;20220725T013000;1b254950-f637-11ec-9b7b-005056a44da2;" / Ligne P : Paris-Coulommiers du 23/07 au 28/08 / <p>Période : à partir de 22h15<br>Dates : <br>- samedi 23 et dimanche 24 juillet<br>- samedi 30 et dimanche 31 juillet<br>- samedi 6 et dimanche 7 août<br>- samedi 13 et dimanche 14 août<br>- samedi 20 et dimanche 21 août<br>- samedi 27 et dimanche 28 août<br>Le trafic est interrompu entre Paris Est et Coulommiers.<br>Un service de bus de remplacement est mis en place, avec desserte des gares intermédiaires.<br>Pour plus d'informations, <a href=""https://www.transilien.com/sites/transilien/files/sentinelle-20220723-p-pariscoulommiers-du23juilletau28aout.pdf"" target="""">cliquez ici pour télécharger l'affiche PDF.</a><br>Les horaires du calculateur d'itinéraire tiennent compte des travaux.<br>Motif : travaux.</p>";20220627T183508;Transilien Train Transilien P;1b254950-f637-11ec-9b7b-005056a44da2;travaux
future;Incidents;30;perturbée;SIGNIFICANT_DELAYS;20220715T214500;20220716T020000;215f4022-f6e7-11ec-9b7b-005056a44da2;" / Ligne J : Paris St-Lazare- Mantes-la-J. 8 et 15/07 / <p>Période : à partir de 21h45<br>Dates : vendredis 08 et 15 juillet<br>Le trafic est interrompu entre Paris Saint-Lazare et Mantes-la-Jolie via Poissy.<br>Un service de bus de remplacement est mis en place entre Sartrouville et Mantes la Jolie, avec desserte des gares intermédiaires.<br>Des travaux ont également lieu sur les lignes L et A en soirée :<br>Ligne L : le trafic est interrompu entre Paris Saint-Lazare et Maisons Laffitte.<br> La ligne A est fermée entre Nanterre Préfecture et Cergy / Poissy.<br><a href=""https://www.transilien.com/sites/transilien/files/sentinelle-20220708-j-parismantesviapoissy-8et15juillet.pdf"" target="""">Pour plus d'informations, cliquez ici pour télécharger l'affiche PDF.</a><br>Les horaires du calculateur d'itinéraire tiennent compte des travaux.<br>Motif : travaux de maintenance des voies.</p> / Ligne J : Paris St-Lazare- Mantes-la-J. 8 et 15/07";20220628T153510;Transilien Train Transilien J;215f4022-f6e7-11ec-9b7b-005056a44da2;travaux
future;Incidents;30;perturbée;SIGNIFICANT_DELAYS;20220708T214500;20220709T020000;215f4022-f6e7-11ec-9b7b-005056a44da2;" / Ligne J : Paris St-Lazare- Mantes-la-J. 8 et 15/07 / <p>Période : à partir de 21h45<br>Dates : vendredis 08 et 15 juillet<br>Le trafic est interrompu entre Paris Saint-Lazare et Mantes-la-Jolie via Poissy.<br>Un service de bus de remplacement est mis en place entre Sartrouville et Mantes la Jolie, avec desserte des gares intermédiaires.<br>Des travaux ont également lieu sur les lignes L et A en soirée :<br>Ligne L : le trafic est interrompu entre Paris Saint-Lazare et Maisons Laffitte.<br> La ligne A est fermée entre Nanterre Préfecture et Cergy / Poissy.<br><a href=""https://www.transilien.com/sites/transilien/files/sentinelle-20220708-j-parismantesviapoissy-8et15juillet.pdf"" target="""">Pour plus d'informations, cliquez ici pour télécharger l'affiche PDF.</a><br>Les horaires du calculateur d'itinéraire tiennent compte des travaux.<br>Motif : travaux de maintenance des voies.</p> / Ligne J : Paris St-Lazare- Mantes-la-J. 8 et 15/07";20220628T153510;Transilien Train Transilien J;215f4022-f6e7-11ec-9b7b-005056a44da2;travaux
future;Incidents;30;perturbée;SIGNIFICANT_DELAYS;20220812T220000;20220813T040000;fa11c2ba-f78b-11ec-ac57-005056a44da2; / Ligne K : Mitry-Claye - Crépy du 25/07 au 12/08 / <p>Période : de 22h30 jusqu'à fin de service<br>Dates : du lundi 25 juillet au vendredi 12 août sauf les samedis et dimanches<br>Le trafic est interrompu entre Mitry - Claye et Crépy-en-Valois.<br>Un service de bus de remplacement est mis en place, avec desserte des gares intermédiaires.<br>Les horaires du calculateur d'itinéraire ne tiennent pas compte des travaux.<br>Motif : travaux.</p>;20220629T111511;Transilien Train Transilien K;fa11c2ba-f78b-11ec-ac57-005056a44da2;travaux
future;Incidents;30;perturbée;SIGNIFICANT_DELAYS;20220811T220000;20220812T040000;fa11c2ba-f78b-11ec-ac57-005056a44da2; / Ligne K : Mitry-Claye - Crépy du 25/07 au 12/08 / <p>Période : de 22h30 jusqu'à fin de service<br>Dates : du lundi 25 juillet au vendredi 12 août sauf les samedis et dimanches<br>Le trafic est interrompu entre Mitry - Claye et Crépy-en-Valois.<br>Un service de bus de remplacement est mis en place, avec desserte des gares intermédiaires.<br>Les horaires du calculateur d'itinéraire ne tiennent pas compte des travaux.<br>Motif : travaux.</p>;20220629T111511;Transilien Train Transilien K;fa11c2ba-f78b-11ec-ac57-005056a44da2;travaux
future;Incidents;30;perturbée;SIGNIFICANT_DELAYS;20220810T220000;20220811T040000;fa11c2ba-f78b-11ec-ac57-005056a44da2; / Ligne K : Mitry-Claye - Crépy du 25/07 au 12/08 / <p>Période : de 22h30 jusqu'à fin de service<br>Dates : du lundi 25 juillet au vendredi 12 août sauf les samedis et dimanches<br>Le trafic est interrompu entre Mitry - Claye et Crépy-en-Valois.<br>Un service de bus de remplacement est mis en place, avec desserte des gares intermédiaires.<br>Les horaires du calculateur d'itinéraire ne tiennent pas compte des travaux.<br>Motif : travaux.</p>;20220629T111511;Transilien Train Transilien K;fa11c2ba-f78b-11ec-ac57-005056a44da2;travaux
future;Incidents;30;perturbée;SIGNIFICANT_DELAYS;20220809T220000;20220810T040000;fa11c2ba-f78b-11ec-ac57-005056a44da2; / Ligne K : Mitry-Claye - Crépy du 25/07 au 12/08 / <p>Période : de 22h30 jusqu'à fin de service<br>Dates : du lundi 25 juillet au vendredi 12 août sauf les samedis et dimanches<br>Le trafic est interrompu entre Mitry - Claye et Crépy-en-Valois.<br>Un service de bus de remplacement est mis en place, avec desserte des gares intermédiaires.<br>Les horaires du calculateur d'itinéraire ne tiennent pas compte des travaux.<br>Motif : travaux.</p>;20220629T111511;Transilien Train Transilien K;fa11c2ba-f78b-11ec-ac57-005056a44da2;travaux
future;Incidents;30;perturbée;SIGNIFICANT_DELAYS;20220808T220000;20220809T040000;fa11c2ba-f78b-11ec-ac57-005056a44da2; / Ligne K : Mitry-Claye - Crépy du 25/07 au 12/08 / <p>Période : de 22h30 jusqu'à fin de service<br>Dates : du lundi 25 juillet au vendredi 12 août sauf les samedis et dimanches<br>Le trafic est interrompu entre Mitry - Claye et Crépy-en-Valois.<br>Un service de bus de remplacement est mis en place, avec desserte des gares intermédiaires.<br>Les horaires du calculateur d'itinéraire ne tiennent pas compte des travaux.<br>Motif : travaux.</p>;20220629T111511;Transilien Train Transilien K;fa11c2ba-f78b-11ec-ac57-005056a44da2;travaux
future;Incidents;30;perturbée;SIGNIFICANT_DELAYS;20220805T220000;20220806T040000;fa11c2ba-f78b-11ec-ac57-005056a44da2; / Ligne K : Mitry-Claye - Crépy du 25/07 au 12/08 / <p>Période : de 22h30 jusqu'à fin de service<br>Dates : du lundi 25 juillet au vendredi 12 août sauf les samedis et dimanches<br>Le trafic est interrompu entre Mitry - Claye et Crépy-en-Valois.<br>Un service de bus de remplacement est mis en place, avec desserte des gares intermédiaires.<br>Les horaires du calculateur d'itinéraire ne tiennent pas compte des travaux.<br>Motif : travaux.</p>;20220629T111511;Transilien Train Transilien K;fa11c2ba-f78b-11ec-ac57-005056a44da2;travaux
future;Incidents;30;perturbée;SIGNIFICANT_DELAYS;20220804T220000;20220805T040000;fa11c2ba-f78b-11ec-ac57-005056a44da2; / Ligne K : Mitry-Claye - Crépy du 25/07 au 12/08 / <p>Période : de 22h30 jusqu'à fin de service<br>Dates : du lundi 25 juillet au vendredi 12 août sauf les samedis et dimanches<br>Le trafic est interrompu entre Mitry - Claye et Crépy-en-Valois.<br>Un service de bus de remplacement est mis en place, avec desserte des gares intermédiaires.<br>Les horaires du calculateur d'itinéraire ne tiennent pas compte des travaux.<br>Motif : travaux.</p>;20220629T111511;Transilien Train Transilien K;fa11c2ba-f78b-11ec-ac57-005056a44da2;travaux
future;Incidents;30;perturbée;SIGNIFICANT_DELAYS;20220803T220000;20220804T040000;fa11c2ba-f78b-11ec-ac57-005056a44da2; / Ligne K : Mitry-Claye - Crépy du 25/07 au 12/08 / <p>Période : de 22h30 jusqu'à fin de service<br>Dates : du lundi 25 juillet au vendredi 12 août sauf les samedis et dimanches<br>Le trafic est interrompu entre Mitry - Claye et Crépy-en-Valois.<br>Un service de bus de remplacement est mis en place, avec desserte des gares intermédiaires.<br>Les horaires du calculateur d'itinéraire ne tiennent pas compte des travaux.<br>Motif : travaux.</p>;20220629T111511;Transilien Train Transilien K;fa11c2ba-f78b-11ec-ac57-005056a44da2;travaux
future;Incidents;30;perturbée;SIGNIFICANT_DELAYS;20220802T220000;20220803T040000;fa11c2ba-f78b-11ec-ac57-005056a44da2; / Ligne K : Mitry-Claye - Crépy du 25/07 au 12/08 / <p>Période : de 22h30 jusqu'à fin de service<br>Dates : du lundi 25 juillet au vendredi 12 août sauf les samedis et dimanches<br>Le trafic est interrompu entre Mitry - Claye et Crépy-en-Valois.<br>Un service de bus de remplacement est mis en place, avec desserte des gares intermédiaires.<br>Les horaires du calculateur d'itinéraire ne tiennent pas compte des travaux.<br>Motif : travaux.</p>;20220629T111511;Transilien Train Transilien K;fa11c2ba-f78b-11ec-ac57-005056a44da2;travaux
future;Incidents;30;perturbée;SIGNIFICANT_DELAYS;20220801T220000;20220802T040000;fa11c2ba-f78b-11ec-ac57-005056a44da2; / Ligne K : Mitry-Claye - Crépy du 25/07 au 12/08 / <p>Période : de 22h30 jusqu'à fin de service<br>Dates : du lundi 25 juillet au vendredi 12 août sauf les samedis et dimanches<br>Le trafic est interrompu entre Mitry - Claye et Crépy-en-Valois.<br>Un service de bus de remplacement est mis en place, avec desserte des gares intermédiaires.<br>Les horaires du calculateur d'itinéraire ne tiennent pas compte des travaux.<br>Motif : travaux.</p>;20220629T111511;Transilien Train Transilien K;fa11c2ba-f78b-11ec-ac57-005056a44da2;travaux
future;Incidents;30;perturbée;SIGNIFICANT_DELAYS;20220729T220000;20220730T040000;fa11c2ba-f78b-11ec-ac57-005056a44da2; / Ligne K : Mitry-Claye - Crépy du 25/07 au 12/08 / <p>Période : de 22h30 jusqu'à fin de service<br>Dates : du lundi 25 juillet au vendredi 12 août sauf les samedis et dimanches<br>Le trafic est interrompu entre Mitry - Claye et Crépy-en-Valois.<br>Un service de bus de remplacement est mis en place, avec desserte des gares intermédiaires.<br>Les horaires du calculateur d'itinéraire ne tiennent pas compte des travaux.<br>Motif : travaux.</p>;20220629T111511;Transilien Train Transilien K;fa11c2ba-f78b-11ec-ac57-005056a44da2;travaux
future;Incidents;30;perturbée;SIGNIFICANT_DELAYS;20220728T220000;20220729T040000;fa11c2ba-f78b-11ec-ac57-005056a44da2; / Ligne K : Mitry-Claye - Crépy du 25/07 au 12/08 / <p>Période : de 22h30 jusqu'à fin de service<br>Dates : du lundi 25 juillet au vendredi 12 août sauf les samedis et dimanches<br>Le trafic est interrompu entre Mitry - Claye et Crépy-en-Valois.<br>Un service de bus de remplacement est mis en place, avec desserte des gares intermédiaires.<br>Les horaires du calculateur d'itinéraire ne tiennent pas compte des travaux.<br>Motif : travaux.</p>;20220629T111511;Transilien Train Transilien K;fa11c2ba-f78b-11ec-ac57-005056a44da2;travaux
future;Incidents;30;perturbée;SIGNIFICANT_DELAYS;20220727T220000;20220728T040000;fa11c2ba-f78b-11ec-ac57-005056a44da2; / Ligne K : Mitry-Claye - Crépy du 25/07 au 12/08 / <p>Période : de 22h30 jusqu'à fin de service<br>Dates : du lundi 25 juillet au vendredi 12 août sauf les samedis et dimanches<br>Le trafic est interrompu entre Mitry - Claye et Crépy-en-Valois.<br>Un service de bus de remplacement est mis en place, avec desserte des gares intermédiaires.<br>Les horaires du calculateur d'itinéraire ne tiennent pas compte des travaux.<br>Motif : travaux.</p>;20220629T111511;Transilien Train Transilien K;fa11c2ba-f78b-11ec-ac57-005056a44da2;travaux
future;Incidents;30;perturbée;SIGNIFICANT_DELAYS;20220726T220000;20220727T040000;fa11c2ba-f78b-11ec-ac57-005056a44da2; / Ligne K : Mitry-Claye - Crépy du 25/07 au 12/08 / <p>Période : de 22h30 jusqu'à fin de service<br>Dates : du lundi 25 juillet au vendredi 12 août sauf les samedis et dimanches<br>Le trafic est interrompu entre Mitry - Claye et Crépy-en-Valois.<br>Un service de bus de remplacement est mis en place, avec desserte des gares intermédiaires.<br>Les horaires du calculateur d'itinéraire ne tiennent pas compte des travaux.<br>Motif : travaux.</p>;20220629T111511;Transilien Train Transilien K;fa11c2ba-f78b-11ec-ac57-005056a44da2;travaux
future;Incidents;30;perturbée;SIGNIFICANT_DELAYS;20220725T220000;20220726T040000;fa11c2ba-f78b-11ec-ac57-005056a44da2; / Ligne K : Mitry-Claye - Crépy du 25/07 au 12/08 / <p>Période : de 22h30 jusqu'à fin de service<br>Dates : du lundi 25 juillet au vendredi 12 août sauf les samedis et dimanches<br>Le trafic est interrompu entre Mitry - Claye et Crépy-en-Valois.<br>Un service de bus de remplacement est mis en place, avec desserte des gares intermédiaires.<br>Les horaires du calculateur d'itinéraire ne tiennent pas compte des travaux.<br>Motif : travaux.</p>;20220629T111511;Transilien Train Transilien K;fa11c2ba-f78b-11ec-ac57-005056a44da2;travaux
future;Incidents;30;perturbée;SIGNIFICANT_DELAYS;20220718T042100;20220821T022000;b306deae-f7aa-11ec-baf9-005056a47b86; / Ligne P : Paris Est - Coulommiers 18/07 au 21/08 / <p>Période : toute la journée<br>Dates : du lundi 18 juillet au dimanche 21 août<br>Les trains marquent un arrêt supplémentaire en gare de VAL DE FONTENAY <br>sauf le train de 19h02 au départ de Coulommiers, arrivée à 20h23 à Paris Est<br>Les horaires du calculateur d'itinéraire tiennent compte des travaux.<br>Motif : travaux été.</p> / Ligne P : Paris Est - Coulommiers 18/07 au 21/08;20220629T145506;Transilien Train Transilien P;b306deae-f7aa-11ec-baf9-005056a47b86;travaux
future;Incidents;30;perturbée;SIGNIFICANT_DELAYS;20220715T213000;20220715T233000;d9858f30-f7c3-11ec-875a-005056a47b86;" / Ligne H : Paris Nord - Persan 27/6 au 15/7 / <p>Période : à partir de 21h30 <br>Dates : du lundi 27 juin au vendredi 15 juillet sauf week-ends et le jeudi 14 juillet.<br>Le trafic est interrompu entre Paris Gare du Nord et Persan - Beaumont via Valmondois.<br>Un service de bus de remplacement est mis en place, avec desserte des gares intermédiaires.<br><a href=""https://www.transilien.com/sites/transilien/files/sentinelle-h-ermont-persanvia-27juinau15juillet.pdf"" target="""">Pour plus d'informations du 27/6 au 15/7, cliquez ici pour télécharger l'affiche PDF</a><br>Les horaires du calculateur d'itinéraire tiennent compte des travaux.<br>Attention : à partir du 27 juin au 07 juillet 2022 : l'arrêt de bus de la gare de  Mériel est déplacé suite à des travaux de voirie; pour connaitre le nouvel emplacement, cliquez ci-dessous.<br> <a href=""https://www.transilien.com/sites/transilien/files/sentinelle-20220622-h-meriel-du27juinau7juillet.pdf"" target="""">  -Gare de Mériel</a><br>Prévoir un rallongement du temps de parcours d'environs 15 minutes <br>Motif : travaux.</p>";20220629T175508;Transilien Train Transilien H;d9858f30-f7c3-11ec-875a-005056a47b86;travaux
future;Incidents;30;perturbée;SIGNIFICANT_DELAYS;20220714T213000;20220714T233000;d9858f30-f7c3-11ec-875a-005056a47b86;" / Ligne H : Paris Nord - Persan 27/6 au 15/7 / <p>Période : à partir de 21h30 <br>Dates : du lundi 27 juin au vendredi 15 juillet sauf week-ends et le jeudi 14 juillet.<br>Le trafic est interrompu entre Paris Gare du Nord et Persan - Beaumont via Valmondois.<br>Un service de bus de remplacement est mis en place, avec desserte des gares intermédiaires.<br><a href=""https://www.transilien.com/sites/transilien/files/sentinelle-h-ermont-persanvia-27juinau15juillet.pdf"" target="""">Pour plus d'informations du 27/6 au 15/7, cliquez ici pour télécharger l'affiche PDF</a><br>Les horaires du calculateur d'itinéraire tiennent compte des travaux.<br>Attention : à partir du 27 juin au 07 juillet 2022 : l'arrêt de bus de la gare de  Mériel est déplacé suite à des travaux de voirie; pour connaitre le nouvel emplacement, cliquez ci-dessous.<br> <a href=""https://www.transilien.com/sites/transilien/files/sentinelle-20220622-h-meriel-du27juinau7juillet.pdf"" target="""">  -Gare de Mériel</a><br>Prévoir un rallongement du temps de parcours d'environs 15 minutes <br>Motif : travaux.</p>";20220629T175508;Transilien Train Transilien H;d9858f30-f7c3-11ec-875a-005056a47b86;travaux
future;Incidents;30;perturbée;SIGNIFICANT_DELAYS;20220713T213000;20220713T233000;d9858f30-f7c3-11ec-875a-005056a47b86;" / Ligne H : Paris Nord - Persan 27/6 au 15/7 / <p>Période : à partir de 21h30 <br>Dates : du lundi 27 juin au vendredi 15 juillet sauf week-ends et le jeudi 14 juillet.<br>Le trafic est interrompu entre Paris Gare du Nord et Persan - Beaumont via Valmondois.<br>Un service de bus de remplacement est mis en place, avec desserte des gares intermédiaires.<br><a href=""https://www.transilien.com/sites/transilien/files/sentinelle-h-ermont-persanvia-27juinau15juillet.pdf"" target="""">Pour plus d'informations du 27/6 au 15/7, cliquez ici pour télécharger l'affiche PDF</a><br>Les horaires du calculateur d'itinéraire tiennent compte des travaux.<br>Attention : à partir du 27 juin au 07 juillet 2022 : l'arrêt de bus de la gare de  Mériel est déplacé suite à des travaux de voirie; pour connaitre le nouvel emplacement, cliquez ci-dessous.<br> <a href=""https://www.transilien.com/sites/transilien/files/sentinelle-20220622-h-meriel-du27juinau7juillet.pdf"" target="""">  -Gare de Mériel</a><br>Prévoir un rallongement du temps de parcours d'environs 15 minutes <br>Motif : travaux.</p>";20220629T175508;Transilien Train Transilien H;d9858f30-f7c3-11ec-875a-005056a47b86;travaux
future;Incidents;30;perturbée;SIGNIFICANT_DELAYS;20220712T213000;20220712T233000;d9858f30-f7c3-11ec-875a-005056a47b86;" / Ligne H : Paris Nord - Persan 27/6 au 15/7 / <p>Période : à partir de 21h30 <br>Dates : du lundi 27 juin au vendredi 15 juillet sauf week-ends et le jeudi 14 juillet.<br>Le trafic est interrompu entre Paris Gare du Nord et Persan - Beaumont via Valmondois.<br>Un service de bus de remplacement est mis en place, avec desserte des gares intermédiaires.<br><a href=""https://www.transilien.com/sites/transilien/files/sentinelle-h-ermont-persanvia-27juinau15juillet.pdf"" target="""">Pour plus d'informations du 27/6 au 15/7, cliquez ici pour télécharger l'affiche PDF</a><br>Les horaires du calculateur d'itinéraire tiennent compte des travaux.<br>Attention : à partir du 27 juin au 07 juillet 2022 : l'arrêt de bus de la gare de  Mériel est déplacé suite à des travaux de voirie; pour connaitre le nouvel emplacement, cliquez ci-dessous.<br> <a href=""https://www.transilien.com/sites/transilien/files/sentinelle-20220622-h-meriel-du27juinau7juillet.pdf"" target="""">  -Gare de Mériel</a><br>Prévoir un rallongement du temps de parcours d'environs 15 minutes <br>Motif : travaux.</p>";20220629T175508;Transilien Train Transilien H;d9858f30-f7c3-11ec-875a-005056a47b86;travaux
future;Incidents;30;perturbée;SIGNIFICANT_DELAYS;20220711T213000;20220711T233000;d9858f30-f7c3-11ec-875a-005056a47b86;" / Ligne H : Paris Nord - Persan 27/6 au 15/7 / <p>Période : à partir de 21h30 <br>Dates : du lundi 27 juin au vendredi 15 juillet sauf week-ends et le jeudi 14 juillet.<br>Le trafic est interrompu entre Paris Gare du Nord et Persan - Beaumont via Valmondois.<br>Un service de bus de remplacement est mis en place, avec desserte des gares intermédiaires.<br><a href=""https://www.transilien.com/sites/transilien/files/sentinelle-h-ermont-persanvia-27juinau15juillet.pdf"" target="""">Pour plus d'informations du 27/6 au 15/7, cliquez ici pour télécharger l'affiche PDF</a><br>Les horaires du calculateur d'itinéraire tiennent compte des travaux.<br>Attention : à partir du 27 juin au 07 juillet 2022 : l'arrêt de bus de la gare de  Mériel est déplacé suite à des travaux de voirie; pour connaitre le nouvel emplacement, cliquez ci-dessous.<br> <a href=""https://www.transilien.com/sites/transilien/files/sentinelle-20220622-h-meriel-du27juinau7juillet.pdf"" target="""">  -Gare de Mériel</a><br>Prévoir un rallongement du temps de parcours d'environs 15 minutes <br>Motif : travaux.</p>";20220629T175508;Transilien Train Transilien H;d9858f30-f7c3-11ec-875a-005056a47b86;travaux
future;Incidents;30;perturbée;SIGNIFICANT_DELAYS;20220708T213000;20220708T233000;d9858f30-f7c3-11ec-875a-005056a47b86;" / Ligne H : Paris Nord - Persan 27/6 au 15/7 / <p>Période : à partir de 21h30 <br>Dates : du lundi 27 juin au vendredi 15 juillet sauf week-ends et le jeudi 14 juillet.<br>Le trafic est interrompu entre Paris Gare du Nord et Persan - Beaumont via Valmondois.<br>Un service de bus de remplacement est mis en place, avec desserte des gares intermédiaires.<br><a href=""https://www.transilien.com/sites/transilien/files/sentinelle-h-ermont-persanvia-27juinau15juillet.pdf"" target="""">Pour plus d'informations du 27/6 au 15/7, cliquez ici pour télécharger l'affiche PDF</a><br>Les horaires du calculateur d'itinéraire tiennent compte des travaux.<br>Attention : à partir du 27 juin au 07 juillet 2022 : l'arrêt de bus de la gare de  Mériel est déplacé suite à des travaux de voirie; pour connaitre le nouvel emplacement, cliquez ci-dessous.<br> <a href=""https://www.transilien.com/sites/transilien/files/sentinelle-20220622-h-meriel-du27juinau7juillet.pdf"" target="""">  -Gare de Mériel</a><br>Prévoir un rallongement du temps de parcours d'environs 15 minutes <br>Motif : travaux.</p>";20220629T175508;Transilien Train Transilien H;d9858f30-f7c3-11ec-875a-005056a47b86;travaux
future;Incidents;30;perturbée;SIGNIFICANT_DELAYS;20220707T213000;20220707T233000;d9858f30-f7c3-11ec-875a-005056a47b86;" / Ligne H : Paris Nord - Persan 27/6 au 15/7 / <p>Période : à partir de 21h30 <br>Dates : du lundi 27 juin au vendredi 15 juillet sauf week-ends et le jeudi 14 juillet.<br>Le trafic est interrompu entre Paris Gare du Nord et Persan - Beaumont via Valmondois.<br>Un service de bus de remplacement est mis en place, avec desserte des gares intermédiaires.<br><a href=""https://www.transilien.com/sites/transilien/files/sentinelle-h-ermont-persanvia-27juinau15juillet.pdf"" target="""">Pour plus d'informations du 27/6 au 15/7, cliquez ici pour télécharger l'affiche PDF</a><br>Les horaires du calculateur d'itinéraire tiennent compte des travaux.<br>Attention : à partir du 27 juin au 07 juillet 2022 : l'arrêt de bus de la gare de  Mériel est déplacé suite à des travaux de voirie; pour connaitre le nouvel emplacement, cliquez ci-dessous.<br> <a href=""https://www.transilien.com/sites/transilien/files/sentinelle-20220622-h-meriel-du27juinau7juillet.pdf"" target="""">  -Gare de Mériel</a><br>Prévoir un rallongement du temps de parcours d'environs 15 minutes <br>Motif : travaux.</p>";20220629T175508;Transilien Train Transilien H;d9858f30-f7c3-11ec-875a-005056a47b86;travaux
future;Incidents;30;perturbée;SIGNIFICANT_DELAYS;20220706T213000;20220706T233000;d9858f30-f7c3-11ec-875a-005056a47b86;" / Ligne H : Paris Nord - Persan 27/6 au 15/7 / <p>Période : à partir de 21h30 <br>Dates : du lundi 27 juin au vendredi 15 juillet sauf week-ends et le jeudi 14 juillet.<br>Le trafic est interrompu entre Paris Gare du Nord et Persan - Beaumont via Valmondois.<br>Un service de bus de remplacement est mis en place, avec desserte des gares intermédiaires.<br><a href=""https://www.transilien.com/sites/transilien/files/sentinelle-h-ermont-persanvia-27juinau15juillet.pdf"" target="""">Pour plus d'informations du 27/6 au 15/7, cliquez ici pour télécharger l'affiche PDF</a><br>Les horaires du calculateur d'itinéraire tiennent compte des travaux.<br>Attention : à partir du 27 juin au 07 juillet 2022 : l'arrêt de bus de la gare de  Mériel est déplacé suite à des travaux de voirie; pour connaitre le nouvel emplacement, cliquez ci-dessous.<br> <a href=""https://www.transilien.com/sites/transilien/files/sentinelle-20220622-h-meriel-du27juinau7juillet.pdf"" target="""">  -Gare de Mériel</a><br>Prévoir un rallongement du temps de parcours d'environs 15 minutes <br>Motif : travaux.</p>";20220629T175508;Transilien Train Transilien H;d9858f30-f7c3-11ec-875a-005056a47b86;travaux
future;Incidents;30;perturbée;SIGNIFICANT_DELAYS;20220705T213000;20220705T233000;d9858f30-f7c3-11ec-875a-005056a47b86;" / Ligne H : Paris Nord - Persan 27/6 au 15/7 / <p>Période : à partir de 21h30 <br>Dates : du lundi 27 juin au vendredi 15 juillet sauf week-ends et le jeudi 14 juillet.<br>Le trafic est interrompu entre Paris Gare du Nord et Persan - Beaumont via Valmondois.<br>Un service de bus de remplacement est mis en place, avec desserte des gares intermédiaires.<br><a href=""https://www.transilien.com/sites/transilien/files/sentinelle-h-ermont-persanvia-27juinau15juillet.pdf"" target="""">Pour plus d'informations du 27/6 au 15/7, cliquez ici pour télécharger l'affiche PDF</a><br>Les horaires du calculateur d'itinéraire tiennent compte des travaux.<br>Attention : à partir du 27 juin au 07 juillet 2022 : l'arrêt de bus de la gare de  Mériel est déplacé suite à des travaux de voirie; pour connaitre le nouvel emplacement, cliquez ci-dessous.<br> <a href=""https://www.transilien.com/sites/transilien/files/sentinelle-20220622-h-meriel-du27juinau7juillet.pdf"" target="""">  -Gare de Mériel</a><br>Prévoir un rallongement du temps de parcours d'environs 15 minutes <br>Motif : travaux.</p>";20220629T175508;Transilien Train Transilien H;d9858f30-f7c3-11ec-875a-005056a47b86;travaux
future;Incidents;30;perturbée;SIGNIFICANT_DELAYS;20220704T213000;20220704T233000;d9858f30-f7c3-11ec-875a-005056a47b86;" / Ligne H : Paris Nord - Persan 27/6 au 15/7 / <p>Période : à partir de 21h30 <br>Dates : du lundi 27 juin au vendredi 15 juillet sauf week-ends et le jeudi 14 juillet.<br>Le trafic est interrompu entre Paris Gare du Nord et Persan - Beaumont via Valmondois.<br>Un service de bus de remplacement est mis en place, avec desserte des gares intermédiaires.<br><a href=""https://www.transilien.com/sites/transilien/files/sentinelle-h-ermont-persanvia-27juinau15juillet.pdf"" target="""">Pour plus d'informations du 27/6 au 15/7, cliquez ici pour télécharger l'affiche PDF</a><br>Les horaires du calculateur d'itinéraire tiennent compte des travaux.<br>Attention : à partir du 27 juin au 07 juillet 2022 : l'arrêt de bus de la gare de  Mériel est déplacé suite à des travaux de voirie; pour connaitre le nouvel emplacement, cliquez ci-dessous.<br> <a href=""https://www.transilien.com/sites/transilien/files/sentinelle-20220622-h-meriel-du27juinau7juillet.pdf"" target="""">  -Gare de Mériel</a><br>Prévoir un rallongement du temps de parcours d'environs 15 minutes <br>Motif : travaux.</p>";20220629T175508;Transilien Train Transilien H;d9858f30-f7c3-11ec-875a-005056a47b86;travaux
future;Incidents;30;perturbée;SIGNIFICANT_DELAYS;20220701T213000;20220701T233000;d9858f30-f7c3-11ec-875a-005056a47b86;" / Ligne H : Paris Nord - Persan 27/6 au 15/7 / <p>Période : à partir de 21h30 <br>Dates : du lundi 27 juin au vendredi 15 juillet sauf week-ends et le jeudi 14 juillet.<br>Le trafic est interrompu entre Paris Gare du Nord et Persan - Beaumont via Valmondois.<br>Un service de bus de remplacement est mis en place, avec desserte des gares intermédiaires.<br><a href=""https://www.transilien.com/sites/transilien/files/sentinelle-h-ermont-persanvia-27juinau15juillet.pdf"" target="""">Pour plus d'informations du 27/6 au 15/7, cliquez ici pour télécharger l'affiche PDF</a><br>Les horaires du calculateur d'itinéraire tiennent compte des travaux.<br>Attention : à partir du 27 juin au 07 juillet 2022 : l'arrêt de bus de la gare de  Mériel est déplacé suite à des travaux de voirie; pour connaitre le nouvel emplacement, cliquez ci-dessous.<br> <a href=""https://www.transilien.com/sites/transilien/files/sentinelle-20220622-h-meriel-du27juinau7juillet.pdf"" target="""">  -Gare de Mériel</a><br>Prévoir un rallongement du temps de parcours d'environs 15 minutes <br>Motif : travaux.</p>";20220629T175508;Transilien Train Transilien H;d9858f30-f7c3-11ec-875a-005056a47b86;travaux
future;Incidents;30;perturbée;SIGNIFICANT_DELAYS;20220630T213000;20220630T233000;d9858f30-f7c3-11ec-875a-005056a47b86;" / Ligne H : Paris Nord - Persan 27/6 au 15/7 / <p>Période : à partir de 21h30 <br>Dates : du lundi 27 juin au vendredi 15 juillet sauf week-ends et le jeudi 14 juillet.<br>Le trafic est interrompu entre Paris Gare du Nord et Persan - Beaumont via Valmondois.<br>Un service de bus de remplacement est mis en place, avec desserte des gares intermédiaires.<br><a href=""https://www.transilien.com/sites/transilien/files/sentinelle-h-ermont-persanvia-27juinau15juillet.pdf"" target="""">Pour plus d'informations du 27/6 au 15/7, cliquez ici pour télécharger l'affiche PDF</a><br>Les horaires du calculateur d'itinéraire tiennent compte des travaux.<br>Attention : à partir du 27 juin au 07 juillet 2022 : l'arrêt de bus de la gare de  Mériel est déplacé suite à des travaux de voirie; pour connaitre le nouvel emplacement, cliquez ci-dessous.<br> <a href=""https://www.transilien.com/sites/transilien/files/sentinelle-20220622-h-meriel-du27juinau7juillet.pdf"" target="""">  -Gare de Mériel</a><br>Prévoir un rallongement du temps de parcours d'environs 15 minutes <br>Motif : travaux.</p>";20220629T175508;Transilien Train Transilien H;d9858f30-f7c3-11ec-875a-005056a47b86;travaux
future;Incidents;30;perturbée;SIGNIFICANT_DELAYS;20220629T213000;20220629T233000;d9858f30-f7c3-11ec-875a-005056a47b86;" / Ligne H : Paris Nord - Persan 27/6 au 15/7 / <p>Période : à partir de 21h30 <br>Dates : du lundi 27 juin au vendredi 15 juillet sauf week-ends et le jeudi 14 juillet.<br>Le trafic est interrompu entre Paris Gare du Nord et Persan - Beaumont via Valmondois.<br>Un service de bus de remplacement est mis en place, avec desserte des gares intermédiaires.<br><a href=""https://www.transilien.com/sites/transilien/files/sentinelle-h-ermont-persanvia-27juinau15juillet.pdf"" target="""">Pour plus d'informations du 27/6 au 15/7, cliquez ici pour télécharger l'affiche PDF</a><br>Les horaires du calculateur d'itinéraire tiennent compte des travaux.<br>Attention : à partir du 27 juin au 07 juillet 2022 : l'arrêt de bus de la gare de  Mériel est déplacé suite à des travaux de voirie; pour connaitre le nouvel emplacement, cliquez ci-dessous.<br> <a href=""https://www.transilien.com/sites/transilien/files/sentinelle-20220622-h-meriel-du27juinau7juillet.pdf"" target="""">  -Gare de Mériel</a><br>Prévoir un rallongement du temps de parcours d'environs 15 minutes <br>Motif : travaux.</p>";20220629T175508;Transilien Train Transilien H;d9858f30-f7c3-11ec-875a-005056a47b86;travaux
future;Incidents;30;perturbée;SIGNIFICANT_DELAYS;20220628T213000;20220628T233000;d9858f30-f7c3-11ec-875a-005056a47b86;" / Ligne H : Paris Nord - Persan 27/6 au 15/7 / <p>Période : à partir de 21h30 <br>Dates : du lundi 27 juin au vendredi 15 juillet sauf week-ends et le jeudi 14 juillet.<br>Le trafic est interrompu entre Paris Gare du Nord et Persan - Beaumont via Valmondois.<br>Un service de bus de remplacement est mis en place, avec desserte des gares intermédiaires.<br><a href=""https://www.transilien.com/sites/transilien/files/sentinelle-h-ermont-persanvia-27juinau15juillet.pdf"" target="""">Pour plus d'informations du 27/6 au 15/7, cliquez ici pour télécharger l'affiche PDF</a><br>Les horaires du calculateur d'itinéraire tiennent compte des travaux.<br>Attention : à partir du 27 juin au 07 juillet 2022 : l'arrêt de bus de la gare de  Mériel est déplacé suite à des travaux de voirie; pour connaitre le nouvel emplacement, cliquez ci-dessous.<br> <a href=""https://www.transilien.com/sites/transilien/files/sentinelle-20220622-h-meriel-du27juinau7juillet.pdf"" target="""">  -Gare de Mériel</a><br>Prévoir un rallongement du temps de parcours d'environs 15 minutes <br>Motif : travaux.</p>";20220629T175508;Transilien Train Transilien H;d9858f30-f7c3-11ec-875a-005056a47b86;travaux
future;Incidents;30;perturbée;SIGNIFICANT_DELAYS;20220627T213000;20220627T233000;d9858f30-f7c3-11ec-875a-005056a47b86;" / Ligne H : Paris Nord - Persan 27/6 au 15/7 / <p>Période : à partir de 21h30 <br>Dates : du lundi 27 juin au vendredi 15 juillet sauf week-ends et le jeudi 14 juillet.<br>Le trafic est interrompu entre Paris Gare du Nord et Persan - Beaumont via Valmondois.<br>Un service de bus de remplacement est mis en place, avec desserte des gares intermédiaires.<br><a href=""https://www.transilien.com/sites/transilien/files/sentinelle-h-ermont-persanvia-27juinau15juillet.pdf"" target="""">Pour plus d'informations du 27/6 au 15/7, cliquez ici pour télécharger l'affiche PDF</a><br>Les horaires du calculateur d'itinéraire tiennent compte des travaux.<br>Attention : à partir du 27 juin au 07 juillet 2022 : l'arrêt de bus de la gare de  Mériel est déplacé suite à des travaux de voirie; pour connaitre le nouvel emplacement, cliquez ci-dessous.<br> <a href=""https://www.transilien.com/sites/transilien/files/sentinelle-20220622-h-meriel-du27juinau7juillet.pdf"" target="""">  -Gare de Mériel</a><br>Prévoir un rallongement du temps de parcours d'environs 15 minutes <br>Motif : travaux.</p>";20220629T175508;Transilien Train Transilien H;d9858f30-f7c3-11ec-875a-005056a47b86;travaux
future;Incidents;30;perturbée;SIGNIFICANT_DELAYS;20220624T203000;20220625T023000;d9858f30-f7c3-11ec-875a-005056a47b86;" / Ligne H : Paris Nord - Persan 27/6 au 15/7 / <p>Période : à partir de 21h30 <br>Dates : du lundi 27 juin au vendredi 15 juillet sauf week-ends et le jeudi 14 juillet.<br>Le trafic est interrompu entre Paris Gare du Nord et Persan - Beaumont via Valmondois.<br>Un service de bus de remplacement est mis en place, avec desserte des gares intermédiaires.<br><a href=""https://www.transilien.com/sites/transilien/files/sentinelle-h-ermont-persanvia-27juinau15juillet.pdf"" target="""">Pour plus d'informations du 27/6 au 15/7, cliquez ici pour télécharger l'affiche PDF</a><br>Les horaires du calculateur d'itinéraire tiennent compte des travaux.<br>Attention : à partir du 27 juin au 07 juillet 2022 : l'arrêt de bus de la gare de  Mériel est déplacé suite à des travaux de voirie; pour connaitre le nouvel emplacement, cliquez ci-dessous.<br> <a href=""https://www.transilien.com/sites/transilien/files/sentinelle-20220622-h-meriel-du27juinau7juillet.pdf"" target="""">  -Gare de Mériel</a><br>Prévoir un rallongement du temps de parcours d'environs 15 minutes <br>Motif : travaux.</p>";20220629T175508;Transilien Train Transilien H;d9858f30-f7c3-11ec-875a-005056a47b86;travaux
future;Incidents;30;perturbée;SIGNIFICANT_DELAYS;20220623T203000;20220624T023000;d9858f30-f7c3-11ec-875a-005056a47b86;" / Ligne H : Paris Nord - Persan 27/6 au 15/7 / <p>Période : à partir de 21h30 <br>Dates : du lundi 27 juin au vendredi 15 juillet sauf week-ends et le jeudi 14 juillet.<br>Le trafic est interrompu entre Paris Gare du Nord et Persan - Beaumont via Valmondois.<br>Un service de bus de remplacement est mis en place, avec desserte des gares intermédiaires.<br><a href=""https://www.transilien.com/sites/transilien/files/sentinelle-h-ermont-persanvia-27juinau15juillet.pdf"" target="""">Pour plus d'informations du 27/6 au 15/7, cliquez ici pour télécharger l'affiche PDF</a><br>Les horaires du calculateur d'itinéraire tiennent compte des travaux.<br>Attention : à partir du 27 juin au 07 juillet 2022 : l'arrêt de bus de la gare de  Mériel est déplacé suite à des travaux de voirie; pour connaitre le nouvel emplacement, cliquez ci-dessous.<br> <a href=""https://www.transilien.com/sites/transilien/files/sentinelle-20220622-h-meriel-du27juinau7juillet.pdf"" target="""">  -Gare de Mériel</a><br>Prévoir un rallongement du temps de parcours d'environs 15 minutes <br>Motif : travaux.</p>";20220629T175508;Transilien Train Transilien H;d9858f30-f7c3-11ec-875a-005056a47b86;travaux
future;Incidents;30;perturbée;SIGNIFICANT_DELAYS;20220622T203000;20220623T023000;d9858f30-f7c3-11ec-875a-005056a47b86;" / Ligne H : Paris Nord - Persan 27/6 au 15/7 / <p>Période : à partir de 21h30 <br>Dates : du lundi 27 juin au vendredi 15 juillet sauf week-ends et le jeudi 14 juillet.<br>Le trafic est interrompu entre Paris Gare du Nord et Persan - Beaumont via Valmondois.<br>Un service de bus de remplacement est mis en place, avec desserte des gares intermédiaires.<br><a href=""https://www.transilien.com/sites/transilien/files/sentinelle-h-ermont-persanvia-27juinau15juillet.pdf"" target="""">Pour plus d'informations du 27/6 au 15/7, cliquez ici pour télécharger l'affiche PDF</a><br>Les horaires du calculateur d'itinéraire tiennent compte des travaux.<br>Attention : à partir du 27 juin au 07 juillet 2022 : l'arrêt de bus de la gare de  Mériel est déplacé suite à des travaux de voirie; pour connaitre le nouvel emplacement, cliquez ci-dessous.<br> <a href=""https://www.transilien.com/sites/transilien/files/sentinelle-20220622-h-meriel-du27juinau7juillet.pdf"" target="""">  -Gare de Mériel</a><br>Prévoir un rallongement du temps de parcours d'environs 15 minutes <br>Motif : travaux.</p>";20220629T175508;Transilien Train Transilien H;d9858f30-f7c3-11ec-875a-005056a47b86;travaux
future;Incidents;30;perturbée;SIGNIFICANT_DELAYS;20220621T203000;20220622T023000;d9858f30-f7c3-11ec-875a-005056a47b86;" / Ligne H : Paris Nord - Persan 27/6 au 15/7 / <p>Période : à partir de 21h30 <br>Dates : du lundi 27 juin au vendredi 15 juillet sauf week-ends et le jeudi 14 juillet.<br>Le trafic est interrompu entre Paris Gare du Nord et Persan - Beaumont via Valmondois.<br>Un service de bus de remplacement est mis en place, avec desserte des gares intermédiaires.<br><a href=""https://www.transilien.com/sites/transilien/files/sentinelle-h-ermont-persanvia-27juinau15juillet.pdf"" target="""">Pour plus d'informations du 27/6 au 15/7, cliquez ici pour télécharger l'affiche PDF</a><br>Les horaires du calculateur d'itinéraire tiennent compte des travaux.<br>Attention : à partir du 27 juin au 07 juillet 2022 : l'arrêt de bus de la gare de  Mériel est déplacé suite à des travaux de voirie; pour connaitre le nouvel emplacement, cliquez ci-dessous.<br> <a href=""https://www.transilien.com/sites/transilien/files/sentinelle-20220622-h-meriel-du27juinau7juillet.pdf"" target="""">  -Gare de Mériel</a><br>Prévoir un rallongement du temps de parcours d'environs 15 minutes <br>Motif : travaux.</p>";20220629T175508;Transilien Train Transilien H;d9858f30-f7c3-11ec-875a-005056a47b86;travaux
future;Incidents;30;perturbée;SIGNIFICANT_DELAYS;20220620T203000;20220621T023000;d9858f30-f7c3-11ec-875a-005056a47b86;" / Ligne H : Paris Nord - Persan 27/6 au 15/7 / <p>Période : à partir de 21h30 <br>Dates : du lundi 27 juin au vendredi 15 juillet sauf week-ends et le jeudi 14 juillet.<br>Le trafic est interrompu entre Paris Gare du Nord et Persan - Beaumont via Valmondois.<br>Un service de bus de remplacement est mis en place, avec desserte des gares intermédiaires.<br><a href=""https://www.transilien.com/sites/transilien/files/sentinelle-h-ermont-persanvia-27juinau15juillet.pdf"" target="""">Pour plus d'informations du 27/6 au 15/7, cliquez ici pour télécharger l'affiche PDF</a><br>Les horaires du calculateur d'itinéraire tiennent compte des travaux.<br>Attention : à partir du 27 juin au 07 juillet 2022 : l'arrêt de bus de la gare de  Mériel est déplacé suite à des travaux de voirie; pour connaitre le nouvel emplacement, cliquez ci-dessous.<br> <a href=""https://www.transilien.com/sites/transilien/files/sentinelle-20220622-h-meriel-du27juinau7juillet.pdf"" target="""">  -Gare de Mériel</a><br>Prévoir un rallongement du temps de parcours d'environs 15 minutes <br>Motif : travaux.</p>";20220629T175508;Transilien Train Transilien H;d9858f30-f7c3-11ec-875a-005056a47b86;travaux
future;Incidents;30;perturbée;SIGNIFICANT_DELAYS;20220617T203000;20220618T023000;d9858f30-f7c3-11ec-875a-005056a47b86;" / Ligne H : Paris Nord - Persan 27/6 au 15/7 / <p>Période : à partir de 21h30 <br>Dates : du lundi 27 juin au vendredi 15 juillet sauf week-ends et le jeudi 14 juillet.<br>Le trafic est interrompu entre Paris Gare du Nord et Persan - Beaumont via Valmondois.<br>Un service de bus de remplacement est mis en place, avec desserte des gares intermédiaires.<br><a href=""https://www.transilien.com/sites/transilien/files/sentinelle-h-ermont-persanvia-27juinau15juillet.pdf"" target="""">Pour plus d'informations du 27/6 au 15/7, cliquez ici pour télécharger l'affiche PDF</a><br>Les horaires du calculateur d'itinéraire tiennent compte des travaux.<br>Attention : à partir du 27 juin au 07 juillet 2022 : l'arrêt de bus de la gare de  Mériel est déplacé suite à des travaux de voirie; pour connaitre le nouvel emplacement, cliquez ci-dessous.<br> <a href=""https://www.transilien.com/sites/transilien/files/sentinelle-20220622-h-meriel-du27juinau7juillet.pdf"" target="""">  -Gare de Mériel</a><br>Prévoir un rallongement du temps de parcours d'environs 15 minutes <br>Motif : travaux.</p>";20220629T175508;Transilien Train Transilien H;d9858f30-f7c3-11ec-875a-005056a47b86;travaux
future;Incidents;30;perturbée;SIGNIFICANT_DELAYS;20220616T203000;20220617T023000;d9858f30-f7c3-11ec-875a-005056a47b86;" / Ligne H : Paris Nord - Persan 27/6 au 15/7 / <p>Période : à partir de 21h30 <br>Dates : du lundi 27 juin au vendredi 15 juillet sauf week-ends et le jeudi 14 juillet.<br>Le trafic est interrompu entre Paris Gare du Nord et Persan - Beaumont via Valmondois.<br>Un service de bus de remplacement est mis en place, avec desserte des gares intermédiaires.<br><a href=""https://www.transilien.com/sites/transilien/files/sentinelle-h-ermont-persanvia-27juinau15juillet.pdf"" target="""">Pour plus d'informations du 27/6 au 15/7, cliquez ici pour télécharger l'affiche PDF</a><br>Les horaires du calculateur d'itinéraire tiennent compte des travaux.<br>Attention : à partir du 27 juin au 07 juillet 2022 : l'arrêt de bus de la gare de  Mériel est déplacé suite à des travaux de voirie; pour connaitre le nouvel emplacement, cliquez ci-dessous.<br> <a href=""https://www.transilien.com/sites/transilien/files/sentinelle-20220622-h-meriel-du27juinau7juillet.pdf"" target="""">  -Gare de Mériel</a><br>Prévoir un rallongement du temps de parcours d'environs 15 minutes <br>Motif : travaux.</p>";20220629T175508;Transilien Train Transilien H;d9858f30-f7c3-11ec-875a-005056a47b86;travaux
future;Incidents;30;perturbée;SIGNIFICANT_DELAYS;20220615T203000;20220616T023000;d9858f30-f7c3-11ec-875a-005056a47b86;" / Ligne H : Paris Nord - Persan 27/6 au 15/7 / <p>Période : à partir de 21h30 <br>Dates : du lundi 27 juin au vendredi 15 juillet sauf week-ends et le jeudi 14 juillet.<br>Le trafic est interrompu entre Paris Gare du Nord et Persan - Beaumont via Valmondois.<br>Un service de bus de remplacement est mis en place, avec desserte des gares intermédiaires.<br><a href=""https://www.transilien.com/sites/transilien/files/sentinelle-h-ermont-persanvia-27juinau15juillet.pdf"" target="""">Pour plus d'informations du 27/6 au 15/7, cliquez ici pour télécharger l'affiche PDF</a><br>Les horaires du calculateur d'itinéraire tiennent compte des travaux.<br>Attention : à partir du 27 juin au 07 juillet 2022 : l'arrêt de bus de la gare de  Mériel est déplacé suite à des travaux de voirie; pour connaitre le nouvel emplacement, cliquez ci-dessous.<br> <a href=""https://www.transilien.com/sites/transilien/files/sentinelle-20220622-h-meriel-du27juinau7juillet.pdf"" target="""">  -Gare de Mériel</a><br>Prévoir un rallongement du temps de parcours d'environs 15 minutes <br>Motif : travaux.</p>";20220629T175508;Transilien Train Transilien H;d9858f30-f7c3-11ec-875a-005056a47b86;travaux
future;Incidents;30;perturbée;SIGNIFICANT_DELAYS;20220614T203000;20220615T023000;d9858f30-f7c3-11ec-875a-005056a47b86;" / Ligne H : Paris Nord - Persan 27/6 au 15/7 / <p>Période : à partir de 21h30 <br>Dates : du lundi 27 juin au vendredi 15 juillet sauf week-ends et le jeudi 14 juillet.<br>Le trafic est interrompu entre Paris Gare du Nord et Persan - Beaumont via Valmondois.<br>Un service de bus de remplacement est mis en place, avec desserte des gares intermédiaires.<br><a href=""https://www.transilien.com/sites/transilien/files/sentinelle-h-ermont-persanvia-27juinau15juillet.pdf"" target="""">Pour plus d'informations du 27/6 au 15/7, cliquez ici pour télécharger l'affiche PDF</a><br>Les horaires du calculateur d'itinéraire tiennent compte des travaux.<br>Attention : à partir du 27 juin au 07 juillet 2022 : l'arrêt de bus de la gare de  Mériel est déplacé suite à des travaux de voirie; pour connaitre le nouvel emplacement, cliquez ci-dessous.<br> <a href=""https://www.transilien.com/sites/transilien/files/sentinelle-20220622-h-meriel-du27juinau7juillet.pdf"" target="""">  -Gare de Mériel</a><br>Prévoir un rallongement du temps de parcours d'environs 15 minutes <br>Motif : travaux.</p>";20220629T175508;Transilien Train Transilien H;d9858f30-f7c3-11ec-875a-005056a47b86;travaux
future;Incidents;30;perturbée;SIGNIFICANT_DELAYS;20220613T203000;20220614T023000;d9858f30-f7c3-11ec-875a-005056a47b86;" / Ligne H : Paris Nord - Persan 27/6 au 15/7 / <p>Période : à partir de 21h30 <br>Dates : du lundi 27 juin au vendredi 15 juillet sauf week-ends et le jeudi 14 juillet.<br>Le trafic est interrompu entre Paris Gare du Nord et Persan - Beaumont via Valmondois.<br>Un service de bus de remplacement est mis en place, avec desserte des gares intermédiaires.<br><a href=""https://www.transilien.com/sites/transilien/files/sentinelle-h-ermont-persanvia-27juinau15juillet.pdf"" target="""">Pour plus d'informations du 27/6 au 15/7, cliquez ici pour télécharger l'affiche PDF</a><br>Les horaires du calculateur d'itinéraire tiennent compte des travaux.<br>Attention : à partir du 27 juin au 07 juillet 2022 : l'arrêt de bus de la gare de  Mériel est déplacé suite à des travaux de voirie; pour connaitre le nouvel emplacement, cliquez ci-dessous.<br> <a href=""https://www.transilien.com/sites/transilien/files/sentinelle-20220622-h-meriel-du27juinau7juillet.pdf"" target="""">  -Gare de Mériel</a><br>Prévoir un rallongement du temps de parcours d'environs 15 minutes <br>Motif : travaux.</p>";20220629T175508;Transilien Train Transilien H;d9858f30-f7c3-11ec-875a-005056a47b86;travaux
future;Incidents;30;perturbée;SIGNIFICANT_DELAYS;20220610T203000;20220611T023000;d9858f30-f7c3-11ec-875a-005056a47b86;" / Ligne H : Paris Nord - Persan 27/6 au 15/7 / <p>Période : à partir de 21h30 <br>Dates : du lundi 27 juin au vendredi 15 juillet sauf week-ends et le jeudi 14 juillet.<br>Le trafic est interrompu entre Paris Gare du Nord et Persan - Beaumont via Valmondois.<br>Un service de bus de remplacement est mis en place, avec desserte des gares intermédiaires.<br><a href=""https://www.transilien.com/sites/transilien/files/sentinelle-h-ermont-persanvia-27juinau15juillet.pdf"" target="""">Pour plus d'informations du 27/6 au 15/7, cliquez ici pour télécharger l'affiche PDF</a><br>Les horaires du calculateur d'itinéraire tiennent compte des travaux.<br>Attention : à partir du 27 juin au 07 juillet 2022 : l'arrêt de bus de la gare de  Mériel est déplacé suite à des travaux de voirie; pour connaitre le nouvel emplacement, cliquez ci-dessous.<br> <a href=""https://www.transilien.com/sites/transilien/files/sentinelle-20220622-h-meriel-du27juinau7juillet.pdf"" target="""">  -Gare de Mériel</a><br>Prévoir un rallongement du temps de parcours d'environs 15 minutes <br>Motif : travaux.</p>";20220629T175508;Transilien Train Transilien H;d9858f30-f7c3-11ec-875a-005056a47b86;travaux
active;Incidents;30;perturbée;SIGNIFICANT_DELAYS;20220816T043000;20220817T040000;6bbe9e26-f82f-11ec-ba22-005056a44da2; / Ligne K : Paris Nord - Mitry-Claye du 09/07-12/08 / <p>Période : toute la journée<br>Dates : du samedi 09 juillet au vendredi 12 août  <br>Le trafic est interrompu entre Paris Gare du Nord et Mitry - Claye.<br>Les voyageurs souhaitant se déplacer entre Paris Gare du Nord et Mitry Claye sont invités à emprunter le RER B.<br>Les horaires du calculateur d'itinéraire tiennent compte des travaux.<br>Motif : travaux.</p>;20220630T064509;Transilien Train Transilien K;6bbe9e26-f82f-11ec-ba22-005056a44da2;travaux
active;Incidents;30;perturbée;SIGNIFICANT_DELAYS;20220815T043000;20220816T040000;6bbe9e26-f82f-11ec-ba22-005056a44da2; / Ligne K : Paris Nord - Mitry-Claye du 09/07-12/08 / <p>Période : toute la journée<br>Dates : du samedi 09 juillet au vendredi 12 août  <br>Le trafic est interrompu entre Paris Gare du Nord et Mitry - Claye.<br>Les voyageurs souhaitant se déplacer entre Paris Gare du Nord et Mitry Claye sont invités à emprunter le RER B.<br>Les horaires du calculateur d'itinéraire tiennent compte des travaux.<br>Motif : travaux.</p>;20220630T064509;Transilien Train Transilien K;6bbe9e26-f82f-11ec-ba22-005056a44da2;travaux
active;Incidents;30;perturbée;SIGNIFICANT_DELAYS;20220814T043000;20220815T040000;6bbe9e26-f82f-11ec-ba22-005056a44da2; / Ligne K : Paris Nord - Mitry-Claye du 09/07-12/08 / <p>Période : toute la journée<br>Dates : du samedi 09 juillet au vendredi 12 août  <br>Le trafic est interrompu entre Paris Gare du Nord et Mitry - Claye.<br>Les voyageurs souhaitant se déplacer entre Paris Gare du Nord et Mitry Claye sont invités à emprunter le RER B.<br>Les horaires du calculateur d'itinéraire tiennent compte des travaux.<br>Motif : travaux.</p>;20220630T064509;Transilien Train Transilien K;6bbe9e26-f82f-11ec-ba22-005056a44da2;travaux
active;Incidents;30;perturbée;SIGNIFICANT_DELAYS;20220813T043000;20220814T040000;6bbe9e26-f82f-11ec-ba22-005056a44da2; / Ligne K : Paris Nord - Mitry-Claye du 09/07-12/08 / <p>Période : toute la journée<br>Dates : du samedi 09 juillet au vendredi 12 août  <br>Le trafic est interrompu entre Paris Gare du Nord et Mitry - Claye.<br>Les voyageurs souhaitant se déplacer entre Paris Gare du Nord et Mitry Claye sont invités à emprunter le RER B.<br>Les horaires du calculateur d'itinéraire tiennent compte des travaux.<br>Motif : travaux.</p>;20220630T064509;Transilien Train Transilien K;6bbe9e26-f82f-11ec-ba22-005056a44da2;travaux
active;Incidents;30;perturbée;SIGNIFICANT_DELAYS;20220812T043000;20220813T040000;6bbe9e26-f82f-11ec-ba22-005056a44da2; / Ligne K : Paris Nord - Mitry-Claye du 09/07-12/08 / <p>Période : toute la journée<br>Dates : du samedi 09 juillet au vendredi 12 août  <br>Le trafic est interrompu entre Paris Gare du Nord et Mitry - Claye.<br>Les voyageurs souhaitant se déplacer entre Paris Gare du Nord et Mitry Claye sont invités à emprunter le RER B.<br>Les horaires du calculateur d'itinéraire tiennent compte des travaux.<br>Motif : travaux.</p>;20220630T064509;Transilien Train Transilien K;6bbe9e26-f82f-11ec-ba22-005056a44da2;travaux
active;Incidents;30;perturbée;SIGNIFICANT_DELAYS;20220811T043000;20220812T040000;6bbe9e26-f82f-11ec-ba22-005056a44da2; / Ligne K : Paris Nord - Mitry-Claye du 09/07-12/08 / <p>Période : toute la journée<br>Dates : du samedi 09 juillet au vendredi 12 août  <br>Le trafic est interrompu entre Paris Gare du Nord et Mitry - Claye.<br>Les voyageurs souhaitant se déplacer entre Paris Gare du Nord et Mitry Claye sont invités à emprunter le RER B.<br>Les horaires du calculateur d'itinéraire tiennent compte des travaux.<br>Motif : travaux.</p>;20220630T064509;Transilien Train Transilien K;6bbe9e26-f82f-11ec-ba22-005056a44da2;travaux
active;Incidents;30;perturbée;SIGNIFICANT_DELAYS;20220810T043000;20220811T040000;6bbe9e26-f82f-11ec-ba22-005056a44da2; / Ligne K : Paris Nord - Mitry-Claye du 09/07-12/08 / <p>Période : toute la journée<br>Dates : du samedi 09 juillet au vendredi 12 août  <br>Le trafic est interrompu entre Paris Gare du Nord et Mitry - Claye.<br>Les voyageurs souhaitant se déplacer entre Paris Gare du Nord et Mitry Claye sont invités à emprunter le RER B.<br>Les horaires du calculateur d'itinéraire tiennent compte des travaux.<br>Motif : travaux.</p>;20220630T064509;Transilien Train Transilien K;6bbe9e26-f82f-11ec-ba22-005056a44da2;travaux
active;Incidents;30;perturbée;SIGNIFICANT_DELAYS;20220809T043000;20220810T040000;6bbe9e26-f82f-11ec-ba22-005056a44da2; / Ligne K : Paris Nord - Mitry-Claye du 09/07-12/08 / <p>Période : toute la journée<br>Dates : du samedi 09 juillet au vendredi 12 août  <br>Le trafic est interrompu entre Paris Gare du Nord et Mitry - Claye.<br>Les voyageurs souhaitant se déplacer entre Paris Gare du Nord et Mitry Claye sont invités à emprunter le RER B.<br>Les horaires du calculateur d'itinéraire tiennent compte des travaux.<br>Motif : travaux.</p>;20220630T064509;Transilien Train Transilien K;6bbe9e26-f82f-11ec-ba22-005056a44da2;travaux
active;Incidents;30;perturbée;SIGNIFICANT_DELAYS;20220808T043000;20220809T040000;6bbe9e26-f82f-11ec-ba22-005056a44da2; / Ligne K : Paris Nord - Mitry-Claye du 09/07-12/08 / <p>Période : toute la journée<br>Dates : du samedi 09 juillet au vendredi 12 août  <br>Le trafic est interrompu entre Paris Gare du Nord et Mitry - Claye.<br>Les voyageurs souhaitant se déplacer entre Paris Gare du Nord et Mitry Claye sont invités à emprunter le RER B.<br>Les horaires du calculateur d'itinéraire tiennent compte des travaux.<br>Motif : travaux.</p>;20220630T064509;Transilien Train Transilien K;6bbe9e26-f82f-11ec-ba22-005056a44da2;travaux
active;Incidents;30;perturbée;SIGNIFICANT_DELAYS;20220807T043000;20220808T040000;6bbe9e26-f82f-11ec-ba22-005056a44da2; / Ligne K : Paris Nord - Mitry-Claye du 09/07-12/08 / <p>Période : toute la journée<br>Dates : du samedi 09 juillet au vendredi 12 août  <br>Le trafic est interrompu entre Paris Gare du Nord et Mitry - Claye.<br>Les voyageurs souhaitant se déplacer entre Paris Gare du Nord et Mitry Claye sont invités à emprunter le RER B.<br>Les horaires du calculateur d'itinéraire tiennent compte des travaux.<br>Motif : travaux.</p>;20220630T064509;Transilien Train Transilien K;6bbe9e26-f82f-11ec-ba22-005056a44da2;travaux
active;Incidents;30;perturbée;SIGNIFICANT_DELAYS;20220805T043000;20220806T040000;6bbe9e26-f82f-11ec-ba22-005056a44da2; / Ligne K : Paris Nord - Mitry-Claye du 09/07-12/08 / <p>Période : toute la journée<br>Dates : du samedi 09 juillet au vendredi 12 août  <br>Le trafic est interrompu entre Paris Gare du Nord et Mitry - Claye.<br>Les voyageurs souhaitant se déplacer entre Paris Gare du Nord et Mitry Claye sont invités à emprunter le RER B.<br>Les horaires du calculateur d'itinéraire tiennent compte des travaux.<br>Motif : travaux.</p>;20220630T064509;Transilien Train Transilien K;6bbe9e26-f82f-11ec-ba22-005056a44da2;travaux
active;Incidents;30;perturbée;SIGNIFICANT_DELAYS;20220804T043000;20220805T040000;6bbe9e26-f82f-11ec-ba22-005056a44da2; / Ligne K : Paris Nord - Mitry-Claye du 09/07-12/08 / <p>Période : toute la journée<br>Dates : du samedi 09 juillet au vendredi 12 août  <br>Le trafic est interrompu entre Paris Gare du Nord et Mitry - Claye.<br>Les voyageurs souhaitant se déplacer entre Paris Gare du Nord et Mitry Claye sont invités à emprunter le RER B.<br>Les horaires du calculateur d'itinéraire tiennent compte des travaux.<br>Motif : travaux.</p>;20220630T064509;Transilien Train Transilien K;6bbe9e26-f82f-11ec-ba22-005056a44da2;travaux
active;Incidents;30;perturbée;SIGNIFICANT_DELAYS;20220803T043000;20220804T040000;6bbe9e26-f82f-11ec-ba22-005056a44da2; / Ligne K : Paris Nord - Mitry-Claye du 09/07-12/08 / <p>Période : toute la journée<br>Dates : du samedi 09 juillet au vendredi 12 août  <br>Le trafic est interrompu entre Paris Gare du Nord et Mitry - Claye.<br>Les voyageurs souhaitant se déplacer entre Paris Gare du Nord et Mitry Claye sont invités à emprunter le RER B.<br>Les horaires du calculateur d'itinéraire tiennent compte des travaux.<br>Motif : travaux.</p>;20220630T064509;Transilien Train Transilien K;6bbe9e26-f82f-11ec-ba22-005056a44da2;travaux
active;Incidents;30;perturbée;SIGNIFICANT_DELAYS;20220801T043000;20220802T040000;6bbe9e26-f82f-11ec-ba22-005056a44da2; / Ligne K : Paris Nord - Mitry-Claye du 09/07-12/08 / <p>Période : toute la journée<br>Dates : du samedi 09 juillet au vendredi 12 août  <br>Le trafic est interrompu entre Paris Gare du Nord et Mitry - Claye.<br>Les voyageurs souhaitant se déplacer entre Paris Gare du Nord et Mitry Claye sont invités à emprunter le RER B.<br>Les horaires du calculateur d'itinéraire tiennent compte des travaux.<br>Motif : travaux.</p>;20220630T064509;Transilien Train Transilien K;6bbe9e26-f82f-11ec-ba22-005056a44da2;travaux
active;Incidents;30;perturbée;SIGNIFICANT_DELAYS;20220731T043000;20220801T040000;6bbe9e26-f82f-11ec-ba22-005056a44da2; / Ligne K : Paris Nord - Mitry-Claye du 09/07-12/08 / <p>Période : toute la journée<br>Dates : du samedi 09 juillet au vendredi 12 août  <br>Le trafic est interrompu entre Paris Gare du Nord et Mitry - Claye.<br>Les voyageurs souhaitant se déplacer entre Paris Gare du Nord et Mitry Claye sont invités à emprunter le RER B.<br>Les horaires du calculateur d'itinéraire tiennent compte des travaux.<br>Motif : travaux.</p>;20220630T064509;Transilien Train Transilien K;6bbe9e26-f82f-11ec-ba22-005056a44da2;travaux
active;Incidents;30;perturbée;SIGNIFICANT_DELAYS;20220730T043000;20220731T040000;6bbe9e26-f82f-11ec-ba22-005056a44da2; / Ligne K : Paris Nord - Mitry-Claye du 09/07-12/08 / <p>Période : toute la journée<br>Dates : du samedi 09 juillet au vendredi 12 août  <br>Le trafic est interrompu entre Paris Gare du Nord et Mitry - Claye.<br>Les voyageurs souhaitant se déplacer entre Paris Gare du Nord et Mitry Claye sont invités à emprunter le RER B.<br>Les horaires du calculateur d'itinéraire tiennent compte des travaux.<br>Motif : travaux.</p>;20220630T064509;Transilien Train Transilien K;6bbe9e26-f82f-11ec-ba22-005056a44da2;travaux
active;Incidents;30;perturbée;SIGNIFICANT_DELAYS;20220728T043000;20220729T040000;6bbe9e26-f82f-11ec-ba22-005056a44da2; / Ligne K : Paris Nord - Mitry-Claye du 09/07-12/08 / <p>Période : toute la journée<br>Dates : du samedi 09 juillet au vendredi 12 août  <br>Le trafic est interrompu entre Paris Gare du Nord et Mitry - Claye.<br>Les voyageurs souhaitant se déplacer entre Paris Gare du Nord et Mitry Claye sont invités à emprunter le RER B.<br>Les horaires du calculateur d'itinéraire tiennent compte des travaux.<br>Motif : travaux.</p>;20220630T064509;Transilien Train Transilien K;6bbe9e26-f82f-11ec-ba22-005056a44da2;travaux
active;Incidents;30;perturbée;SIGNIFICANT_DELAYS;20220727T043000;20220728T040000;6bbe9e26-f82f-11ec-ba22-005056a44da2; / Ligne K : Paris Nord - Mitry-Claye du 09/07-12/08 / <p>Période : toute la journée<br>Dates : du samedi 09 juillet au vendredi 12 août  <br>Le trafic est interrompu entre Paris Gare du Nord et Mitry - Claye.<br>Les voyageurs souhaitant se déplacer entre Paris Gare du Nord et Mitry Claye sont invités à emprunter le RER B.<br>Les horaires du calculateur d'itinéraire tiennent compte des travaux.<br>Motif : travaux.</p>;20220630T064509;Transilien Train Transilien K;6bbe9e26-f82f-11ec-ba22-005056a44da2;travaux
active;Incidents;30;perturbée;SIGNIFICANT_DELAYS;20220726T043000;20220727T040000;6bbe9e26-f82f-11ec-ba22-005056a44da2; / Ligne K : Paris Nord - Mitry-Claye du 09/07-12/08 / <p>Période : toute la journée<br>Dates : du samedi 09 juillet au vendredi 12 août  <br>Le trafic est interrompu entre Paris Gare du Nord et Mitry - Claye.<br>Les voyageurs souhaitant se déplacer entre Paris Gare du Nord et Mitry Claye sont invités à emprunter le RER B.<br>Les horaires du calculateur d'itinéraire tiennent compte des travaux.<br>Motif : travaux.</p>;20220630T064509;Transilien Train Transilien K;6bbe9e26-f82f-11ec-ba22-005056a44da2;travaux
active;Incidents;30;perturbée;SIGNIFICANT_DELAYS;20220725T043000;20220726T040000;6bbe9e26-f82f-11ec-ba22-005056a44da2; / Ligne K : Paris Nord - Mitry-Claye du 09/07-12/08 / <p>Période : toute la journée<br>Dates : du samedi 09 juillet au vendredi 12 août  <br>Le trafic est interrompu entre Paris Gare du Nord et Mitry - Claye.<br>Les voyageurs souhaitant se déplacer entre Paris Gare du Nord et Mitry Claye sont invités à emprunter le RER B.<br>Les horaires du calculateur d'itinéraire tiennent compte des travaux.<br>Motif : travaux.</p>;20220630T064509;Transilien Train Transilien K;6bbe9e26-f82f-11ec-ba22-005056a44da2;travaux
active;Incidents;30;perturbée;SIGNIFICANT_DELAYS;20220724T043000;20220725T040000;6bbe9e26-f82f-11ec-ba22-005056a44da2; / Ligne K : Paris Nord - Mitry-Claye du 09/07-12/08 / <p>Période : toute la journée<br>Dates : du samedi 09 juillet au vendredi 12 août  <br>Le trafic est interrompu entre Paris Gare du Nord et Mitry - Claye.<br>Les voyageurs souhaitant se déplacer entre Paris Gare du Nord et Mitry Claye sont invités à emprunter le RER B.<br>Les horaires du calculateur d'itinéraire tiennent compte des travaux.<br>Motif : travaux.</p>;20220630T064509;Transilien Train Transilien K;6bbe9e26-f82f-11ec-ba22-005056a44da2;travaux
active;Incidents;30;perturbée;SIGNIFICANT_DELAYS;20220723T043000;20220724T040000;6bbe9e26-f82f-11ec-ba22-005056a44da2; / Ligne K : Paris Nord - Mitry-Claye du 09/07-12/08 / <p>Période : toute la journée<br>Dates : du samedi 09 juillet au vendredi 12 août  <br>Le trafic est interrompu entre Paris Gare du Nord et Mitry - Claye.<br>Les voyageurs souhaitant se déplacer entre Paris Gare du Nord et Mitry Claye sont invités à emprunter le RER B.<br>Les horaires du calculateur d'itinéraire tiennent compte des travaux.<br>Motif : travaux.</p>;20220630T064509;Transilien Train Transilien K;6bbe9e26-f82f-11ec-ba22-005056a44da2;travaux
active;Incidents;30;perturbée;SIGNIFICANT_DELAYS;20220722T043000;20220723T040000;6bbe9e26-f82f-11ec-ba22-005056a44da2; / Ligne K : Paris Nord - Mitry-Claye du 09/07-12/08 / <p>Période : toute la journée<br>Dates : du samedi 09 juillet au vendredi 12 août  <br>Le trafic est interrompu entre Paris Gare du Nord et Mitry - Claye.<br>Les voyageurs souhaitant se déplacer entre Paris Gare du Nord et Mitry Claye sont invités à emprunter le RER B.<br>Les horaires du calculateur d'itinéraire tiennent compte des travaux.<br>Motif : travaux.</p>;20220630T064509;Transilien Train Transilien K;6bbe9e26-f82f-11ec-ba22-005056a44da2;travaux
active;Incidents;30;perturbée;SIGNIFICANT_DELAYS;20220720T043000;20220721T040000;6bbe9e26-f82f-11ec-ba22-005056a44da2; / Ligne K : Paris Nord - Mitry-Claye du 09/07-12/08 / <p>Période : toute la journée<br>Dates : du samedi 09 juillet au vendredi 12 août  <br>Le trafic est interrompu entre Paris Gare du Nord et Mitry - Claye.<br>Les voyageurs souhaitant se déplacer entre Paris Gare du Nord et Mitry Claye sont invités à emprunter le RER B.<br>Les horaires du calculateur d'itinéraire tiennent compte des travaux.<br>Motif : travaux.</p>;20220630T064509;Transilien Train Transilien K;6bbe9e26-f82f-11ec-ba22-005056a44da2;travaux
active;Incidents;30;perturbée;SIGNIFICANT_DELAYS;20220719T043000;20220720T040000;6bbe9e26-f82f-11ec-ba22-005056a44da2; / Ligne K : Paris Nord - Mitry-Claye du 09/07-12/08 / <p>Période : toute la journée<br>Dates : du samedi 09 juillet au vendredi 12 août  <br>Le trafic est interrompu entre Paris Gare du Nord et Mitry - Claye.<br>Les voyageurs souhaitant se déplacer entre Paris Gare du Nord et Mitry Claye sont invités à emprunter le RER B.<br>Les horaires du calculateur d'itinéraire tiennent compte des travaux.<br>Motif : travaux.</p>;20220630T064509;Transilien Train Transilien K;6bbe9e26-f82f-11ec-ba22-005056a44da2;travaux
active;Incidents;30;perturbée;SIGNIFICANT_DELAYS;20220718T043000;20220719T040000;6bbe9e26-f82f-11ec-ba22-005056a44da2; / Ligne K : Paris Nord - Mitry-Claye du 09/07-12/08 / <p>Période : toute la journée<br>Dates : du samedi 09 juillet au vendredi 12 août  <br>Le trafic est interrompu entre Paris Gare du Nord et Mitry - Claye.<br>Les voyageurs souhaitant se déplacer entre Paris Gare du Nord et Mitry Claye sont invités à emprunter le RER B.<br>Les horaires du calculateur d'itinéraire tiennent compte des travaux.<br>Motif : travaux.</p>;20220630T064509;Transilien Train Transilien K;6bbe9e26-f82f-11ec-ba22-005056a44da2;travaux
active;Incidents;30;perturbée;SIGNIFICANT_DELAYS;20220716T043000;20220717T040000;6bbe9e26-f82f-11ec-ba22-005056a44da2; / Ligne K : Paris Nord - Mitry-Claye du 09/07-12/08 / <p>Période : toute la journée<br>Dates : du samedi 09 juillet au vendredi 12 août  <br>Le trafic est interrompu entre Paris Gare du Nord et Mitry - Claye.<br>Les voyageurs souhaitant se déplacer entre Paris Gare du Nord et Mitry Claye sont invités à emprunter le RER B.<br>Les horaires du calculateur d'itinéraire tiennent compte des travaux.<br>Motif : travaux.</p>;20220630T064509;Transilien Train Transilien K;6bbe9e26-f82f-11ec-ba22-005056a44da2;travaux
active;Incidents;30;perturbée;SIGNIFICANT_DELAYS;20220715T043000;20220716T040000;6bbe9e26-f82f-11ec-ba22-005056a44da2; / Ligne K : Paris Nord - Mitry-Claye du 09/07-12/08 / <p>Période : toute la journée<br>Dates : du samedi 09 juillet au vendredi 12 août  <br>Le trafic est interrompu entre Paris Gare du Nord et Mitry - Claye.<br>Les voyageurs souhaitant se déplacer entre Paris Gare du Nord et Mitry Claye sont invités à emprunter le RER B.<br>Les horaires du calculateur d'itinéraire tiennent compte des travaux.<br>Motif : travaux.</p>;20220630T064509;Transilien Train Transilien K;6bbe9e26-f82f-11ec-ba22-005056a44da2;travaux
active;Incidents;30;perturbée;SIGNIFICANT_DELAYS;20220714T043000;20220715T040000;6bbe9e26-f82f-11ec-ba22-005056a44da2; / Ligne K : Paris Nord - Mitry-Claye du 09/07-12/08 / <p>Période : toute la journée<br>Dates : du samedi 09 juillet au vendredi 12 août  <br>Le trafic est interrompu entre Paris Gare du Nord et Mitry - Claye.<br>Les voyageurs souhaitant se déplacer entre Paris Gare du Nord et Mitry Claye sont invités à emprunter le RER B.<br>Les horaires du calculateur d'itinéraire tiennent compte des travaux.<br>Motif : travaux.</p>;20220630T064509;Transilien Train Transilien K;6bbe9e26-f82f-11ec-ba22-005056a44da2;travaux
active;Incidents;30;perturbée;SIGNIFICANT_DELAYS;20220712T043000;20220713T040000;6bbe9e26-f82f-11ec-ba22-005056a44da2; / Ligne K : Paris Nord - Mitry-Claye du 09/07-12/08 / <p>Période : toute la journée<br>Dates : du samedi 09 juillet au vendredi 12 août  <br>Le trafic est interrompu entre Paris Gare du Nord et Mitry - Claye.<br>Les voyageurs souhaitant se déplacer entre Paris Gare du Nord et Mitry Claye sont invités à emprunter le RER B.<br>Les horaires du calculateur d'itinéraire tiennent compte des travaux.<br>Motif : travaux.</p>;20220630T064509;Transilien Train Transilien K;6bbe9e26-f82f-11ec-ba22-005056a44da2;travaux
active;Incidents;30;perturbée;SIGNIFICANT_DELAYS;20220711T043000;20220712T040000;6bbe9e26-f82f-11ec-ba22-005056a44da2; / Ligne K : Paris Nord - Mitry-Claye du 09/07-12/08 / <p>Période : toute la journée<br>Dates : du samedi 09 juillet au vendredi 12 août  <br>Le trafic est interrompu entre Paris Gare du Nord et Mitry - Claye.<br>Les voyageurs souhaitant se déplacer entre Paris Gare du Nord et Mitry Claye sont invités à emprunter le RER B.<br>Les horaires du calculateur d'itinéraire tiennent compte des travaux.<br>Motif : travaux.</p>;20220630T064509;Transilien Train Transilien K;6bbe9e26-f82f-11ec-ba22-005056a44da2;travaux
active;Incidents;30;perturbée;SIGNIFICANT_DELAYS;20220717T043000;20220718T040000;6bbe9e26-f82f-11ec-ba22-005056a44da2; / Ligne K : Paris Nord - Mitry-Claye du 09/07-12/08 / <p>Période : toute la journée<br>Dates : du samedi 09 juillet au vendredi 12 août  <br>Le trafic est interrompu entre Paris Gare du Nord et Mitry - Claye.<br>Les voyageurs souhaitant se déplacer entre Paris Gare du Nord et Mitry Claye sont invités à emprunter le RER B.<br>Les horaires du calculateur d'itinéraire tiennent compte des travaux.<br>Motif : travaux.</p>;20220630T064509;Transilien Train Transilien K;6bbe9e26-f82f-11ec-ba22-005056a44da2;travaux
active;Incidents;30;perturbée;SIGNIFICANT_DELAYS;20220713T043000;20220714T040000;6bbe9e26-f82f-11ec-ba22-005056a44da2; / Ligne K : Paris Nord - Mitry-Claye du 09/07-12/08 / <p>Période : toute la journée<br>Dates : du samedi 09 juillet au vendredi 12 août  <br>Le trafic est interrompu entre Paris Gare du Nord et Mitry - Claye.<br>Les voyageurs souhaitant se déplacer entre Paris Gare du Nord et Mitry Claye sont invités à emprunter le RER B.<br>Les horaires du calculateur d'itinéraire tiennent compte des travaux.<br>Motif : travaux.</p>;20220630T064509;Transilien Train Transilien K;6bbe9e26-f82f-11ec-ba22-005056a44da2;travaux
active;Incidents;30;perturbée;SIGNIFICANT_DELAYS;20220721T043000;20220722T040000;6bbe9e26-f82f-11ec-ba22-005056a44da2; / Ligne K : Paris Nord - Mitry-Claye du 09/07-12/08 / <p>Période : toute la journée<br>Dates : du samedi 09 juillet au vendredi 12 août  <br>Le trafic est interrompu entre Paris Gare du Nord et Mitry - Claye.<br>Les voyageurs souhaitant se déplacer entre Paris Gare du Nord et Mitry Claye sont invités à emprunter le RER B.<br>Les horaires du calculateur d'itinéraire tiennent compte des travaux.<br>Motif : travaux.</p>;20220630T064509;Transilien Train Transilien K;6bbe9e26-f82f-11ec-ba22-005056a44da2;travaux
active;Incidents;30;perturbée;SIGNIFICANT_DELAYS;20220802T043000;20220803T040000;6bbe9e26-f82f-11ec-ba22-005056a44da2; / Ligne K : Paris Nord - Mitry-Claye du 09/07-12/08 / <p>Période : toute la journée<br>Dates : du samedi 09 juillet au vendredi 12 août  <br>Le trafic est interrompu entre Paris Gare du Nord et Mitry - Claye.<br>Les voyageurs souhaitant se déplacer entre Paris Gare du Nord et Mitry Claye sont invités à emprunter le RER B.<br>Les horaires du calculateur d'itinéraire tiennent compte des travaux.<br>Motif : travaux.</p>;20220630T064509;Transilien Train Transilien K;6bbe9e26-f82f-11ec-ba22-005056a44da2;travaux
active;Incidents;30;perturbée;SIGNIFICANT_DELAYS;20220729T043000;20220730T040000;6bbe9e26-f82f-11ec-ba22-005056a44da2; / Ligne K : Paris Nord - Mitry-Claye du 09/07-12/08 / <p>Période : toute la journée<br>Dates : du samedi 09 juillet au vendredi 12 août  <br>Le trafic est interrompu entre Paris Gare du Nord et Mitry - Claye.<br>Les voyageurs souhaitant se déplacer entre Paris Gare du Nord et Mitry Claye sont invités à emprunter le RER B.<br>Les horaires du calculateur d'itinéraire tiennent compte des travaux.<br>Motif : travaux.</p>;20220630T064509;Transilien Train Transilien K;6bbe9e26-f82f-11ec-ba22-005056a44da2;travaux
active;Incidents;30;perturbée;SIGNIFICANT_DELAYS;20220806T043000;20220807T040000;6bbe9e26-f82f-11ec-ba22-005056a44da2; / Ligne K : Paris Nord - Mitry-Claye du 09/07-12/08 / <p>Période : toute la journée<br>Dates : du samedi 09 juillet au vendredi 12 août  <br>Le trafic est interrompu entre Paris Gare du Nord et Mitry - Claye.<br>Les voyageurs souhaitant se déplacer entre Paris Gare du Nord et Mitry Claye sont invités à emprunter le RER B.<br>Les horaires du calculateur d'itinéraire tiennent compte des travaux.<br>Motif : travaux.</p>;20220630T064509;Transilien Train Transilien K;6bbe9e26-f82f-11ec-ba22-005056a44da2;travaux
future;Incidents;30;perturbée;SIGNIFICANT_DELAYS;20220806T043000;20220807T003000;5af416f0-f877-11ec-baf9-005056a47b86;" / Ligne P : Esbly-Crécy : les 30-31/07 et 6-7/08 / <p>Période : toute la journée<br>Dates : samedi 30 et dimanche31 juillet <br>samedi 6 et dimanche 7 août<br>Le trafic est interrompu entre Esbly et Crécy-la-Chapelle.<br>Un service de bus de remplacement est mis en place, avec desserte des gares intermédiaires.<br>Pour plus d'informations, <a href=""https://www.transilien.com/sites/transilien/files/20220730-p-clc-30-31juil-et-6-7aout continu v1.pdf"" target="""">cliquez ici pour télécharger l'affiche PDF.</a><br>Les horaires du calculateur d'itinéraire tiennent compte des travaux.<br>Motif : travaux.</p> / <p>Période : toute la journée<br>Dates : samedi 30 et dimanche31 juillet <br>samedi 6 et dimanche 7 août<br>Le trafic est interrompu entre Esbly et Crécy-la-Chapelle.<br>Un service de bus de remplacement est mis en place, avec desserte des gares intermédiaires.<br>Pour plus d'informations, <a href=""https://www.transilien.com/sites/transilien/files/20220730-p-clc-30-31juil-et-6-7aout continu v1.pdf"" target="""">cliquez ici pour télécharger l'affiche PDF.</a><br>Les horaires du calculateur d'itinéraire tiennent compte des travaux.<br>Motif : travaux.</p> / Ligne P : Esbly-Crécy : les 30-31/07 et 6-7/08";20220630T152005;Transilien Train Transilien P;5af416f0-f877-11ec-baf9-005056a47b86;travaux
future;Incidents;30;perturbée;SIGNIFICANT_DELAYS;20220731T043000;20220801T003000;5af416f0-f877-11ec-baf9-005056a47b86;" / Ligne P : Esbly-Crécy : les 30-31/07 et 6-7/08 / <p>Période : toute la journée<br>Dates : samedi 30 et dimanche31 juillet <br>samedi 6 et dimanche 7 août<br>Le trafic est interrompu entre Esbly et Crécy-la-Chapelle.<br>Un service de bus de remplacement est mis en place, avec desserte des gares intermédiaires.<br>Pour plus d'informations, <a href=""https://www.transilien.com/sites/transilien/files/20220730-p-clc-30-31juil-et-6-7aout continu v1.pdf"" target="""">cliquez ici pour télécharger l'affiche PDF.</a><br>Les horaires du calculateur d'itinéraire tiennent compte des travaux.<br>Motif : travaux.</p> / <p>Période : toute la journée<br>Dates : samedi 30 et dimanche31 juillet <br>samedi 6 et dimanche 7 août<br>Le trafic est interrompu entre Esbly et Crécy-la-Chapelle.<br>Un service de bus de remplacement est mis en place, avec desserte des gares intermédiaires.<br>Pour plus d'informations, <a href=""https://www.transilien.com/sites/transilien/files/20220730-p-clc-30-31juil-et-6-7aout continu v1.pdf"" target="""">cliquez ici pour télécharger l'affiche PDF.</a><br>Les horaires du calculateur d'itinéraire tiennent compte des travaux.<br>Motif : travaux.</p> / Ligne P : Esbly-Crécy : les 30-31/07 et 6-7/08";20220630T152005;Transilien Train Transilien P;5af416f0-f877-11ec-baf9-005056a47b86;travaux
future;Incidents;30;perturbée;SIGNIFICANT_DELAYS;20220730T043000;20220731T003000;5af416f0-f877-11ec-baf9-005056a47b86;" / Ligne P : Esbly-Crécy : les 30-31/07 et 6-7/08 / <p>Période : toute la journée<br>Dates : samedi 30 et dimanche31 juillet <br>samedi 6 et dimanche 7 août<br>Le trafic est interrompu entre Esbly et Crécy-la-Chapelle.<br>Un service de bus de remplacement est mis en place, avec desserte des gares intermédiaires.<br>Pour plus d'informations, <a href=""https://www.transilien.com/sites/transilien/files/20220730-p-clc-30-31juil-et-6-7aout continu v1.pdf"" target="""">cliquez ici pour télécharger l'affiche PDF.</a><br>Les horaires du calculateur d'itinéraire tiennent compte des travaux.<br>Motif : travaux.</p> / <p>Période : toute la journée<br>Dates : samedi 30 et dimanche31 juillet <br>samedi 6 et dimanche 7 août<br>Le trafic est interrompu entre Esbly et Crécy-la-Chapelle.<br>Un service de bus de remplacement est mis en place, avec desserte des gares intermédiaires.<br>Pour plus d'informations, <a href=""https://www.transilien.com/sites/transilien/files/20220730-p-clc-30-31juil-et-6-7aout continu v1.pdf"" target="""">cliquez ici pour télécharger l'affiche PDF.</a><br>Les horaires du calculateur d'itinéraire tiennent compte des travaux.<br>Motif : travaux.</p> / Ligne P : Esbly-Crécy : les 30-31/07 et 6-7/08";20220630T152005;Transilien Train Transilien P;5af416f0-f877-11ec-baf9-005056a47b86;travaux
future;Incidents;30;perturbée;SIGNIFICANT_DELAYS;20220807T043000;20220808T003000;5af416f0-f877-11ec-baf9-005056a47b86;" / Ligne P : Esbly-Crécy : les 30-31/07 et 6-7/08 / <p>Période : toute la journée<br>Dates : samedi 30 et dimanche31 juillet <br>samedi 6 et dimanche 7 août<br>Le trafic est interrompu entre Esbly et Crécy-la-Chapelle.<br>Un service de bus de remplacement est mis en place, avec desserte des gares intermédiaires.<br>Pour plus d'informations, <a href=""https://www.transilien.com/sites/transilien/files/20220730-p-clc-30-31juil-et-6-7aout continu v1.pdf"" target="""">cliquez ici pour télécharger l'affiche PDF.</a><br>Les horaires du calculateur d'itinéraire tiennent compte des travaux.<br>Motif : travaux.</p> / <p>Période : toute la journée<br>Dates : samedi 30 et dimanche31 juillet <br>samedi 6 et dimanche 7 août<br>Le trafic est interrompu entre Esbly et Crécy-la-Chapelle.<br>Un service de bus de remplacement est mis en place, avec desserte des gares intermédiaires.<br>Pour plus d'informations, <a href=""https://www.transilien.com/sites/transilien/files/20220730-p-clc-30-31juil-et-6-7aout continu v1.pdf"" target="""">cliquez ici pour télécharger l'affiche PDF.</a><br>Les horaires du calculateur d'itinéraire tiennent compte des travaux.<br>Motif : travaux.</p> / Ligne P : Esbly-Crécy : les 30-31/07 et 6-7/08";20220630T152005;Transilien Train Transilien P;5af416f0-f877-11ec-baf9-005056a47b86;travaux
future;Incidents;30;perturbée;SIGNIFICANT_DELAYS;20220807T044000;20220808T030000;a34362c8-f884-11ec-a1f4-005056a47b86;" / Ligne P : Paris Est - Meaux du 30-31/07 au 6-7/08 / <p>Dates : <br>- samedi 30 et dimanche 31 juillet<br>- samedi 6 et dimanche 7 août<br>Le trafic est interrompu toute la journée entre Lagny et Meaux et en soirée, à partir de 22h50, entre Paris Est et Meaux.<br>.<br>En conséquence, un service de bus de remplacement est mis en place, avec desserte des gares intermédiaires.<br>Pour plus d'informations, <a href=""https://www.transilien.com/sites/transilien/files/20220730-p-meaux-30-31juil-et-6-7aout-continu-v1.pdf"" target="""">cliquez ici pour télécharger l'affiche PDF.</a><br>Les horaires du calculateur d'itinéraire tiennent compte des travaux.<br>Motif : travaux.</p>";20220630T165510;Transilien Train Transilien P;a34362c8-f884-11ec-a1f4-005056a47b86;travaux
future;Incidents;30;perturbée;SIGNIFICANT_DELAYS;20220806T044000;20220807T030000;a34362c8-f884-11ec-a1f4-005056a47b86;" / Ligne P : Paris Est - Meaux du 30-31/07 au 6-7/08 / <p>Dates : <br>- samedi 30 et dimanche 31 juillet<br>- samedi 6 et dimanche 7 août<br>Le trafic est interrompu toute la journée entre Lagny et Meaux et en soirée, à partir de 22h50, entre Paris Est et Meaux.<br>.<br>En conséquence, un service de bus de remplacement est mis en place, avec desserte des gares intermédiaires.<br>Pour plus d'informations, <a href=""https://www.transilien.com/sites/transilien/files/20220730-p-meaux-30-31juil-et-6-7aout-continu-v1.pdf"" target="""">cliquez ici pour télécharger l'affiche PDF.</a><br>Les horaires du calculateur d'itinéraire tiennent compte des travaux.<br>Motif : travaux.</p>";20220630T165510;Transilien Train Transilien P;a34362c8-f884-11ec-a1f4-005056a47b86;travaux
future;Incidents;30;perturbée;SIGNIFICANT_DELAYS;20220730T044000;20220731T030000;a34362c8-f884-11ec-a1f4-005056a47b86;" / Ligne P : Paris Est - Meaux du 30-31/07 au 6-7/08 / <p>Dates : <br>- samedi 30 et dimanche 31 juillet<br>- samedi 6 et dimanche 7 août<br>Le trafic est interrompu toute la journée entre Lagny et Meaux et en soirée, à partir de 22h50, entre Paris Est et Meaux.<br>.<br>En conséquence, un service de bus de remplacement est mis en place, avec desserte des gares intermédiaires.<br>Pour plus d'informations, <a href=""https://www.transilien.com/sites/transilien/files/20220730-p-meaux-30-31juil-et-6-7aout-continu-v1.pdf"" target="""">cliquez ici pour télécharger l'affiche PDF.</a><br>Les horaires du calculateur d'itinéraire tiennent compte des travaux.<br>Motif : travaux.</p>";20220630T165510;Transilien Train Transilien P;a34362c8-f884-11ec-a1f4-005056a47b86;travaux
future;Incidents;30;perturbée;SIGNIFICANT_DELAYS;20220731T044000;20220801T030000;a34362c8-f884-11ec-a1f4-005056a47b86;" / Ligne P : Paris Est - Meaux du 30-31/07 au 6-7/08 / <p>Dates : <br>- samedi 30 et dimanche 31 juillet<br>- samedi 6 et dimanche 7 août<br>Le trafic est interrompu toute la journée entre Lagny et Meaux et en soirée, à partir de 22h50, entre Paris Est et Meaux.<br>.<br>En conséquence, un service de bus de remplacement est mis en place, avec desserte des gares intermédiaires.<br>Pour plus d'informations, <a href=""https://www.transilien.com/sites/transilien/files/20220730-p-meaux-30-31juil-et-6-7aout-continu-v1.pdf"" target="""">cliquez ici pour télécharger l'affiche PDF.</a><br>Les horaires du calculateur d'itinéraire tiennent compte des travaux.<br>Motif : travaux.</p>";20220630T165510;Transilien Train Transilien P;a34362c8-f884-11ec-a1f4-005056a47b86;travaux
future;Incidents;30;perturbée;SIGNIFICANT_DELAYS;20220806T050000;20220807T020000;54c96678-f885-11ec-aa59-005056a44da2;" / Ligne P : Paris Est - Château-Th. du 30/07 au 7/08 / <p>Période : toute la journée<br>Dates : <br>- samedi 30 et dimanche 31 juillet<br>- samedi 6 et dimanche 7 août<br>Le trafic est interrompu entre Paris Est et Château-Thierry.<br>Un service de bus de remplacement est mis en place à COULOMMIERS, avec desserte des gares intermédiaires.<br>Pour plus d'informations, <a href=""https://www.transilien.com/sites/transilien/files/20220730-p-chateau-30-31juil-et-6-7aout-continu v1 .pdf"" target="""">cliquez ici pour télécharger l'affiche PDF.</a><br>Les horaires du calculateur d'itinéraire tiennent compte des travaux.<br>Motif : travaux.</p>";20220630T170007;Transilien Train Transilien P;54c96678-f885-11ec-aa59-005056a44da2;travaux
future;Incidents;30;perturbée;SIGNIFICANT_DELAYS;20220731T050000;20220801T020000;54c96678-f885-11ec-aa59-005056a44da2;" / Ligne P : Paris Est - Château-Th. du 30/07 au 7/08 / <p>Période : toute la journée<br>Dates : <br>- samedi 30 et dimanche 31 juillet<br>- samedi 6 et dimanche 7 août<br>Le trafic est interrompu entre Paris Est et Château-Thierry.<br>Un service de bus de remplacement est mis en place à COULOMMIERS, avec desserte des gares intermédiaires.<br>Pour plus d'informations, <a href=""https://www.transilien.com/sites/transilien/files/20220730-p-chateau-30-31juil-et-6-7aout-continu v1 .pdf"" target="""">cliquez ici pour télécharger l'affiche PDF.</a><br>Les horaires du calculateur d'itinéraire tiennent compte des travaux.<br>Motif : travaux.</p>";20220630T170007;Transilien Train Transilien P;54c96678-f885-11ec-aa59-005056a44da2;travaux
future;Incidents;30;perturbée;SIGNIFICANT_DELAYS;20220730T050000;20220731T020000;54c96678-f885-11ec-aa59-005056a44da2;" / Ligne P : Paris Est - Château-Th. du 30/07 au 7/08 / <p>Période : toute la journée<br>Dates : <br>- samedi 30 et dimanche 31 juillet<br>- samedi 6 et dimanche 7 août<br>Le trafic est interrompu entre Paris Est et Château-Thierry.<br>Un service de bus de remplacement est mis en place à COULOMMIERS, avec desserte des gares intermédiaires.<br>Pour plus d'informations, <a href=""https://www.transilien.com/sites/transilien/files/20220730-p-chateau-30-31juil-et-6-7aout-continu v1 .pdf"" target="""">cliquez ici pour télécharger l'affiche PDF.</a><br>Les horaires du calculateur d'itinéraire tiennent compte des travaux.<br>Motif : travaux.</p>";20220630T170007;Transilien Train Transilien P;54c96678-f885-11ec-aa59-005056a44da2;travaux
future;Incidents;30;perturbée;SIGNIFICANT_DELAYS;20220807T050000;20220808T020000;54c96678-f885-11ec-aa59-005056a44da2;" / Ligne P : Paris Est - Château-Th. du 30/07 au 7/08 / <p>Période : toute la journée<br>Dates : <br>- samedi 30 et dimanche 31 juillet<br>- samedi 6 et dimanche 7 août<br>Le trafic est interrompu entre Paris Est et Château-Thierry.<br>Un service de bus de remplacement est mis en place à COULOMMIERS, avec desserte des gares intermédiaires.<br>Pour plus d'informations, <a href=""https://www.transilien.com/sites/transilien/files/20220730-p-chateau-30-31juil-et-6-7aout-continu v1 .pdf"" target="""">cliquez ici pour télécharger l'affiche PDF.</a><br>Les horaires du calculateur d'itinéraire tiennent compte des travaux.<br>Motif : travaux.</p>";20220630T170007;Transilien Train Transilien P;54c96678-f885-11ec-aa59-005056a44da2;travaux
active;Incidents;30;perturbée;SIGNIFICANT_DELAYS;20220801T222000;20220802T030000;14ba970c-f928-11ec-baf9-005056a47b86;" / Ligne H : Paris Nord - Pontoise 03/01-16/12 / <p>Période : en soirée<br>Dates : du lundi 03 janvier au vendredi 16 décembre 2022, sauf les week-ends, le mardi 21 juin et les jours féries.<br>Le trafic est interrompu entre Paris Gare du Nord et Pontoise.<br>Un service de bus de remplacement est mis en place, avec desserte des gares intermédiaires.<br><a href=""https://transilien.com/sites/transilien/files/2022-02/20220627-h-paris-pontoise-du27juinau16decembre.pdf"" target=""_blank"">Pour plus d'informations sur les horaires du lundi 27 juin au vendredi 16 décembre sauf les jours fériés, cliquez ici pour télécharger l'affiche PDF.</a><br>Les horaires du calculateur d'itinéraire  tiennent compte des travaux.<br>Motif : travaux.</p>";20220701T122508;Transilien Train Transilien H;14ba970c-f928-11ec-baf9-005056a47b86;travaux
active;Incidents;30;perturbée;SIGNIFICANT_DELAYS;20220729T222000;20220730T030000;14ba970c-f928-11ec-baf9-005056a47b86;" / Ligne H : Paris Nord - Pontoise 03/01-16/12 / <p>Période : en soirée<br>Dates : du lundi 03 janvier au vendredi 16 décembre 2022, sauf les week-ends, le mardi 21 juin et les jours féries.<br>Le trafic est interrompu entre Paris Gare du Nord et Pontoise.<br>Un service de bus de remplacement est mis en place, avec desserte des gares intermédiaires.<br><a href=""https://transilien.com/sites/transilien/files/2022-02/20220627-h-paris-pontoise-du27juinau16decembre.pdf"" target=""_blank"">Pour plus d'informations sur les horaires du lundi 27 juin au vendredi 16 décembre sauf les jours fériés, cliquez ici pour télécharger l'affiche PDF.</a><br>Les horaires du calculateur d'itinéraire  tiennent compte des travaux.<br>Motif : travaux.</p>";20220701T122508;Transilien Train Transilien H;14ba970c-f928-11ec-baf9-005056a47b86;travaux
active;Incidents;30;perturbée;SIGNIFICANT_DELAYS;20220728T222000;20220729T030000;14ba970c-f928-11ec-baf9-005056a47b86;" / Ligne H : Paris Nord - Pontoise 03/01-16/12 / <p>Période : en soirée<br>Dates : du lundi 03 janvier au vendredi 16 décembre 2022, sauf les week-ends, le mardi 21 juin et les jours féries.<br>Le trafic est interrompu entre Paris Gare du Nord et Pontoise.<br>Un service de bus de remplacement est mis en place, avec desserte des gares intermédiaires.<br><a href=""https://transilien.com/sites/transilien/files/2022-02/20220627-h-paris-pontoise-du27juinau16decembre.pdf"" target=""_blank"">Pour plus d'informations sur les horaires du lundi 27 juin au vendredi 16 décembre sauf les jours fériés, cliquez ici pour télécharger l'affiche PDF.</a><br>Les horaires du calculateur d'itinéraire  tiennent compte des travaux.<br>Motif : travaux.</p>";20220701T122508;Transilien Train Transilien H;14ba970c-f928-11ec-baf9-005056a47b86;travaux
active;Incidents;30;perturbée;SIGNIFICANT_DELAYS;20220727T222000;20220728T030000;14ba970c-f928-11ec-baf9-005056a47b86;" / Ligne H : Paris Nord - Pontoise 03/01-16/12 / <p>Période : en soirée<br>Dates : du lundi 03 janvier au vendredi 16 décembre 2022, sauf les week-ends, le mardi 21 juin et les jours féries.<br>Le trafic est interrompu entre Paris Gare du Nord et Pontoise.<br>Un service de bus de remplacement est mis en place, avec desserte des gares intermédiaires.<br><a href=""https://transilien.com/sites/transilien/files/2022-02/20220627-h-paris-pontoise-du27juinau16decembre.pdf"" target=""_blank"">Pour plus d'informations sur les horaires du lundi 27 juin au vendredi 16 décembre sauf les jours fériés, cliquez ici pour télécharger l'affiche PDF.</a><br>Les horaires du calculateur d'itinéraire  tiennent compte des travaux.<br>Motif : travaux.</p>";20220701T122508;Transilien Train Transilien H;14ba970c-f928-11ec-baf9-005056a47b86;travaux
active;Incidents;30;perturbée;SIGNIFICANT_DELAYS;20220726T222000;20220727T030000;14ba970c-f928-11ec-baf9-005056a47b86;" / Ligne H : Paris Nord - Pontoise 03/01-16/12 / <p>Période : en soirée<br>Dates : du lundi 03 janvier au vendredi 16 décembre 2022, sauf les week-ends, le mardi 21 juin et les jours féries.<br>Le trafic est interrompu entre Paris Gare du Nord et Pontoise.<br>Un service de bus de remplacement est mis en place, avec desserte des gares intermédiaires.<br><a href=""https://transilien.com/sites/transilien/files/2022-02/20220627-h-paris-pontoise-du27juinau16decembre.pdf"" target=""_blank"">Pour plus d'informations sur les horaires du lundi 27 juin au vendredi 16 décembre sauf les jours fériés, cliquez ici pour télécharger l'affiche PDF.</a><br>Les horaires du calculateur d'itinéraire  tiennent compte des travaux.<br>Motif : travaux.</p>";20220701T122508;Transilien Train Transilien H;14ba970c-f928-11ec-baf9-005056a47b86;travaux
active;Incidents;30;perturbée;SIGNIFICANT_DELAYS;20220725T222000;20220726T030000;14ba970c-f928-11ec-baf9-005056a47b86;" / Ligne H : Paris Nord - Pontoise 03/01-16/12 / <p>Période : en soirée<br>Dates : du lundi 03 janvier au vendredi 16 décembre 2022, sauf les week-ends, le mardi 21 juin et les jours féries.<br>Le trafic est interrompu entre Paris Gare du Nord et Pontoise.<br>Un service de bus de remplacement est mis en place, avec desserte des gares intermédiaires.<br><a href=""https://transilien.com/sites/transilien/files/2022-02/20220627-h-paris-pontoise-du27juinau16decembre.pdf"" target=""_blank"">Pour plus d'informations sur les horaires du lundi 27 juin au vendredi 16 décembre sauf les jours fériés, cliquez ici pour télécharger l'affiche PDF.</a><br>Les horaires du calculateur d'itinéraire  tiennent compte des travaux.<br>Motif : travaux.</p>";20220701T122508;Transilien Train Transilien H;14ba970c-f928-11ec-baf9-005056a47b86;travaux
active;Incidents;30;perturbée;SIGNIFICANT_DELAYS;20220722T222000;20220723T030000;14ba970c-f928-11ec-baf9-005056a47b86;" / Ligne H : Paris Nord - Pontoise 03/01-16/12 / <p>Période : en soirée<br>Dates : du lundi 03 janvier au vendredi 16 décembre 2022, sauf les week-ends, le mardi 21 juin et les jours féries.<br>Le trafic est interrompu entre Paris Gare du Nord et Pontoise.<br>Un service de bus de remplacement est mis en place, avec desserte des gares intermédiaires.<br><a href=""https://transilien.com/sites/transilien/files/2022-02/20220627-h-paris-pontoise-du27juinau16decembre.pdf"" target=""_blank"">Pour plus d'informations sur les horaires du lundi 27 juin au vendredi 16 décembre sauf les jours fériés, cliquez ici pour télécharger l'affiche PDF.</a><br>Les horaires du calculateur d'itinéraire  tiennent compte des travaux.<br>Motif : travaux.</p>";20220701T122508;Transilien Train Transilien H;14ba970c-f928-11ec-baf9-005056a47b86;travaux
active;Incidents;30;perturbée;SIGNIFICANT_DELAYS;20220721T222000;20220722T030000;14ba970c-f928-11ec-baf9-005056a47b86;" / Ligne H : Paris Nord - Pontoise 03/01-16/12 / <p>Période : en soirée<br>Dates : du lundi 03 janvier au vendredi 16 décembre 2022, sauf les week-ends, le mardi 21 juin et les jours féries.<br>Le trafic est interrompu entre Paris Gare du Nord et Pontoise.<br>Un service de bus de remplacement est mis en place, avec desserte des gares intermédiaires.<br><a href=""https://transilien.com/sites/transilien/files/2022-02/20220627-h-paris-pontoise-du27juinau16decembre.pdf"" target=""_blank"">Pour plus d'informations sur les horaires du lundi 27 juin au vendredi 16 décembre sauf les jours fériés, cliquez ici pour télécharger l'affiche PDF.</a><br>Les horaires du calculateur d'itinéraire  tiennent compte des travaux.<br>Motif : travaux.</p>";20220701T122508;Transilien Train Transilien H;14ba970c-f928-11ec-baf9-005056a47b86;travaux
active;Incidents;30;perturbée;SIGNIFICANT_DELAYS;20220720T222000;20220721T030000;14ba970c-f928-11ec-baf9-005056a47b86;" / Ligne H : Paris Nord - Pontoise 03/01-16/12 / <p>Période : en soirée<br>Dates : du lundi 03 janvier au vendredi 16 décembre 2022, sauf les week-ends, le mardi 21 juin et les jours féries.<br>Le trafic est interrompu entre Paris Gare du Nord et Pontoise.<br>Un service de bus de remplacement est mis en place, avec desserte des gares intermédiaires.<br><a href=""https://transilien.com/sites/transilien/files/2022-02/20220627-h-paris-pontoise-du27juinau16decembre.pdf"" target=""_blank"">Pour plus d'informations sur les horaires du lundi 27 juin au vendredi 16 décembre sauf les jours fériés, cliquez ici pour télécharger l'affiche PDF.</a><br>Les horaires du calculateur d'itinéraire  tiennent compte des travaux.<br>Motif : travaux.</p>";20220701T122508;Transilien Train Transilien H;14ba970c-f928-11ec-baf9-005056a47b86;travaux
active;Incidents;30;perturbée;SIGNIFICANT_DELAYS;20220719T222000;20220720T030000;14ba970c-f928-11ec-baf9-005056a47b86;" / Ligne H : Paris Nord - Pontoise 03/01-16/12 / <p>Période : en soirée<br>Dates : du lundi 03 janvier au vendredi 16 décembre 2022, sauf les week-ends, le mardi 21 juin et les jours féries.<br>Le trafic est interrompu entre Paris Gare du Nord et Pontoise.<br>Un service de bus de remplacement est mis en place, avec desserte des gares intermédiaires.<br><a href=""https://transilien.com/sites/transilien/files/2022-02/20220627-h-paris-pontoise-du27juinau16decembre.pdf"" target=""_blank"">Pour plus d'informations sur les horaires du lundi 27 juin au vendredi 16 décembre sauf les jours fériés, cliquez ici pour télécharger l'affiche PDF.</a><br>Les horaires du calculateur d'itinéraire  tiennent compte des travaux.<br>Motif : travaux.</p>";20220701T122508;Transilien Train Transilien H;14ba970c-f928-11ec-baf9-005056a47b86;travaux
active;Incidents;30;perturbée;SIGNIFICANT_DELAYS;20220718T222000;20220719T030000;14ba970c-f928-11ec-baf9-005056a47b86;" / Ligne H : Paris Nord - Pontoise 03/01-16/12 / <p>Période : en soirée<br>Dates : du lundi 03 janvier au vendredi 16 décembre 2022, sauf les week-ends, le mardi 21 juin et les jours féries.<br>Le trafic est interrompu entre Paris Gare du Nord et Pontoise.<br>Un service de bus de remplacement est mis en place, avec desserte des gares intermédiaires.<br><a href=""https://transilien.com/sites/transilien/files/2022-02/20220627-h-paris-pontoise-du27juinau16decembre.pdf"" target=""_blank"">Pour plus d'informations sur les horaires du lundi 27 juin au vendredi 16 décembre sauf les jours fériés, cliquez ici pour télécharger l'affiche PDF.</a><br>Les horaires du calculateur d'itinéraire  tiennent compte des travaux.<br>Motif : travaux.</p>";20220701T122508;Transilien Train Transilien H;14ba970c-f928-11ec-baf9-005056a47b86;travaux
active;Incidents;30;perturbée;SIGNIFICANT_DELAYS;20220715T222000;20220716T030000;14ba970c-f928-11ec-baf9-005056a47b86;" / Ligne H : Paris Nord - Pontoise 03/01-16/12 / <p>Période : en soirée<br>Dates : du lundi 03 janvier au vendredi 16 décembre 2022, sauf les week-ends, le mardi 21 juin et les jours féries.<br>Le trafic est interrompu entre Paris Gare du Nord et Pontoise.<br>Un service de bus de remplacement est mis en place, avec desserte des gares intermédiaires.<br><a href=""https://transilien.com/sites/transilien/files/2022-02/20220627-h-paris-pontoise-du27juinau16decembre.pdf"" target=""_blank"">Pour plus d'informations sur les horaires du lundi 27 juin au vendredi 16 décembre sauf les jours fériés, cliquez ici pour télécharger l'affiche PDF.</a><br>Les horaires du calculateur d'itinéraire  tiennent compte des travaux.<br>Motif : travaux.</p>";20220701T122508;Transilien Train Transilien H;14ba970c-f928-11ec-baf9-005056a47b86;travaux
active;Incidents;30;perturbée;SIGNIFICANT_DELAYS;20220714T222000;20220715T030000;14ba970c-f928-11ec-baf9-005056a47b86;" / Ligne H : Paris Nord - Pontoise 03/01-16/12 / <p>Période : en soirée<br>Dates : du lundi 03 janvier au vendredi 16 décembre 2022, sauf les week-ends, le mardi 21 juin et les jours féries.<br>Le trafic est interrompu entre Paris Gare du Nord et Pontoise.<br>Un service de bus de remplacement est mis en place, avec desserte des gares intermédiaires.<br><a href=""https://transilien.com/sites/transilien/files/2022-02/20220627-h-paris-pontoise-du27juinau16decembre.pdf"" target=""_blank"">Pour plus d'informations sur les horaires du lundi 27 juin au vendredi 16 décembre sauf les jours fériés, cliquez ici pour télécharger l'affiche PDF.</a><br>Les horaires du calculateur d'itinéraire  tiennent compte des travaux.<br>Motif : travaux.</p>";20220701T122508;Transilien Train Transilien H;14ba970c-f928-11ec-baf9-005056a47b86;travaux
active;Incidents;30;perturbée;SIGNIFICANT_DELAYS;20220713T222000;20220714T030000;14ba970c-f928-11ec-baf9-005056a47b86;" / Ligne H : Paris Nord - Pontoise 03/01-16/12 / <p>Période : en soirée<br>Dates : du lundi 03 janvier au vendredi 16 décembre 2022, sauf les week-ends, le mardi 21 juin et les jours féries.<br>Le trafic est interrompu entre Paris Gare du Nord et Pontoise.<br>Un service de bus de remplacement est mis en place, avec desserte des gares intermédiaires.<br><a href=""https://transilien.com/sites/transilien/files/2022-02/20220627-h-paris-pontoise-du27juinau16decembre.pdf"" target=""_blank"">Pour plus d'informations sur les horaires du lundi 27 juin au vendredi 16 décembre sauf les jours fériés, cliquez ici pour télécharger l'affiche PDF.</a><br>Les horaires du calculateur d'itinéraire  tiennent compte des travaux.<br>Motif : travaux.</p>";20220701T122508;Transilien Train Transilien H;14ba970c-f928-11ec-baf9-005056a47b86;travaux
active;Incidents;30;perturbée;SIGNIFICANT_DELAYS;20220712T222000;20220713T030000;14ba970c-f928-11ec-baf9-005056a47b86;" / Ligne H : Paris Nord - Pontoise 03/01-16/12 / <p>Période : en soirée<br>Dates : du lundi 03 janvier au vendredi 16 décembre 2022, sauf les week-ends, le mardi 21 juin et les jours féries.<br>Le trafic est interrompu entre Paris Gare du Nord et Pontoise.<br>Un service de bus de remplacement est mis en place, avec desserte des gares intermédiaires.<br><a href=""https://transilien.com/sites/transilien/files/2022-02/20220627-h-paris-pontoise-du27juinau16decembre.pdf"" target=""_blank"">Pour plus d'informations sur les horaires du lundi 27 juin au vendredi 16 décembre sauf les jours fériés, cliquez ici pour télécharger l'affiche PDF.</a><br>Les horaires du calculateur d'itinéraire  tiennent compte des travaux.<br>Motif : travaux.</p>";20220701T122508;Transilien Train Transilien H;14ba970c-f928-11ec-baf9-005056a47b86;travaux
active;Incidents;30;perturbée;SIGNIFICANT_DELAYS;20220711T222000;20220712T030000;14ba970c-f928-11ec-baf9-005056a47b86;" / Ligne H : Paris Nord - Pontoise 03/01-16/12 / <p>Période : en soirée<br>Dates : du lundi 03 janvier au vendredi 16 décembre 2022, sauf les week-ends, le mardi 21 juin et les jours féries.<br>Le trafic est interrompu entre Paris Gare du Nord et Pontoise.<br>Un service de bus de remplacement est mis en place, avec desserte des gares intermédiaires.<br><a href=""https://transilien.com/sites/transilien/files/2022-02/20220627-h-paris-pontoise-du27juinau16decembre.pdf"" target=""_blank"">Pour plus d'informations sur les horaires du lundi 27 juin au vendredi 16 décembre sauf les jours fériés, cliquez ici pour télécharger l'affiche PDF.</a><br>Les horaires du calculateur d'itinéraire  tiennent compte des travaux.<br>Motif : travaux.</p>";20220701T122508;Transilien Train Transilien H;14ba970c-f928-11ec-baf9-005056a47b86;travaux
active;Incidents;30;perturbée;SIGNIFICANT_DELAYS;20220708T222000;20220709T030000;14ba970c-f928-11ec-baf9-005056a47b86;" / Ligne H : Paris Nord - Pontoise 03/01-16/12 / <p>Période : en soirée<br>Dates : du lundi 03 janvier au vendredi 16 décembre 2022, sauf les week-ends, le mardi 21 juin et les jours féries.<br>Le trafic est interrompu entre Paris Gare du Nord et Pontoise.<br>Un service de bus de remplacement est mis en place, avec desserte des gares intermédiaires.<br><a href=""https://transilien.com/sites/transilien/files/2022-02/20220627-h-paris-pontoise-du27juinau16decembre.pdf"" target=""_blank"">Pour plus d'informations sur les horaires du lundi 27 juin au vendredi 16 décembre sauf les jours fériés, cliquez ici pour télécharger l'affiche PDF.</a><br>Les horaires du calculateur d'itinéraire  tiennent compte des travaux.<br>Motif : travaux.</p>";20220701T122508;Transilien Train Transilien H;14ba970c-f928-11ec-baf9-005056a47b86;travaux
active;Incidents;30;perturbée;SIGNIFICANT_DELAYS;20220707T222000;20220708T030000;14ba970c-f928-11ec-baf9-005056a47b86;" / Ligne H : Paris Nord - Pontoise 03/01-16/12 / <p>Période : en soirée<br>Dates : du lundi 03 janvier au vendredi 16 décembre 2022, sauf les week-ends, le mardi 21 juin et les jours féries.<br>Le trafic est interrompu entre Paris Gare du Nord et Pontoise.<br>Un service de bus de remplacement est mis en place, avec desserte des gares intermédiaires.<br><a href=""https://transilien.com/sites/transilien/files/2022-02/20220627-h-paris-pontoise-du27juinau16decembre.pdf"" target=""_blank"">Pour plus d'informations sur les horaires du lundi 27 juin au vendredi 16 décembre sauf les jours fériés, cliquez ici pour télécharger l'affiche PDF.</a><br>Les horaires du calculateur d'itinéraire  tiennent compte des travaux.<br>Motif : travaux.</p>";20220701T122508;Transilien Train Transilien H;14ba970c-f928-11ec-baf9-005056a47b86;travaux
active;Incidents;30;perturbée;SIGNIFICANT_DELAYS;20220706T222000;20220707T030000;14ba970c-f928-11ec-baf9-005056a47b86;" / Ligne H : Paris Nord - Pontoise 03/01-16/12 / <p>Période : en soirée<br>Dates : du lundi 03 janvier au vendredi 16 décembre 2022, sauf les week-ends, le mardi 21 juin et les jours féries.<br>Le trafic est interrompu entre Paris Gare du Nord et Pontoise.<br>Un service de bus de remplacement est mis en place, avec desserte des gares intermédiaires.<br><a href=""https://transilien.com/sites/transilien/files/2022-02/20220627-h-paris-pontoise-du27juinau16decembre.pdf"" target=""_blank"">Pour plus d'informations sur les horaires du lundi 27 juin au vendredi 16 décembre sauf les jours fériés, cliquez ici pour télécharger l'affiche PDF.</a><br>Les horaires du calculateur d'itinéraire  tiennent compte des travaux.<br>Motif : travaux.</p>";20220701T122508;Transilien Train Transilien H;14ba970c-f928-11ec-baf9-005056a47b86;travaux
active;Incidents;30;perturbée;SIGNIFICANT_DELAYS;20220705T222000;20220706T030000;14ba970c-f928-11ec-baf9-005056a47b86;" / Ligne H : Paris Nord - Pontoise 03/01-16/12 / <p>Période : en soirée<br>Dates : du lundi 03 janvier au vendredi 16 décembre 2022, sauf les week-ends, le mardi 21 juin et les jours féries.<br>Le trafic est interrompu entre Paris Gare du Nord et Pontoise.<br>Un service de bus de remplacement est mis en place, avec desserte des gares intermédiaires.<br><a href=""https://transilien.com/sites/transilien/files/2022-02/20220627-h-paris-pontoise-du27juinau16decembre.pdf"" target=""_blank"">Pour plus d'informations sur les horaires du lundi 27 juin au vendredi 16 décembre sauf les jours fériés, cliquez ici pour télécharger l'affiche PDF.</a><br>Les horaires du calculateur d'itinéraire  tiennent compte des travaux.<br>Motif : travaux.</p>";20220701T122508;Transilien Train Transilien H;14ba970c-f928-11ec-baf9-005056a47b86;travaux
active;Incidents;30;perturbée;SIGNIFICANT_DELAYS;20220704T222000;20220705T030000;14ba970c-f928-11ec-baf9-005056a47b86;" / Ligne H : Paris Nord - Pontoise 03/01-16/12 / <p>Période : en soirée<br>Dates : du lundi 03 janvier au vendredi 16 décembre 2022, sauf les week-ends, le mardi 21 juin et les jours féries.<br>Le trafic est interrompu entre Paris Gare du Nord et Pontoise.<br>Un service de bus de remplacement est mis en place, avec desserte des gares intermédiaires.<br><a href=""https://transilien.com/sites/transilien/files/2022-02/20220627-h-paris-pontoise-du27juinau16decembre.pdf"" target=""_blank"">Pour plus d'informations sur les horaires du lundi 27 juin au vendredi 16 décembre sauf les jours fériés, cliquez ici pour télécharger l'affiche PDF.</a><br>Les horaires du calculateur d'itinéraire  tiennent compte des travaux.<br>Motif : travaux.</p>";20220701T122508;Transilien Train Transilien H;14ba970c-f928-11ec-baf9-005056a47b86;travaux
active;Incidents;30;perturbée;SIGNIFICANT_DELAYS;20220701T222000;20220702T030000;14ba970c-f928-11ec-baf9-005056a47b86;" / Ligne H : Paris Nord - Pontoise 03/01-16/12 / <p>Période : en soirée<br>Dates : du lundi 03 janvier au vendredi 16 décembre 2022, sauf les week-ends, le mardi 21 juin et les jours féries.<br>Le trafic est interrompu entre Paris Gare du Nord et Pontoise.<br>Un service de bus de remplacement est mis en place, avec desserte des gares intermédiaires.<br><a href=""https://transilien.com/sites/transilien/files/2022-02/20220627-h-paris-pontoise-du27juinau16decembre.pdf"" target=""_blank"">Pour plus d'informations sur les horaires du lundi 27 juin au vendredi 16 décembre sauf les jours fériés, cliquez ici pour télécharger l'affiche PDF.</a><br>Les horaires du calculateur d'itinéraire  tiennent compte des travaux.<br>Motif : travaux.</p>";20220701T122508;Transilien Train Transilien H;14ba970c-f928-11ec-baf9-005056a47b86;travaux
active;Incidents;30;perturbée;SIGNIFICANT_DELAYS;20220630T222000;20220701T030000;14ba970c-f928-11ec-baf9-005056a47b86;" / Ligne H : Paris Nord - Pontoise 03/01-16/12 / <p>Période : en soirée<br>Dates : du lundi 03 janvier au vendredi 16 décembre 2022, sauf les week-ends, le mardi 21 juin et les jours féries.<br>Le trafic est interrompu entre Paris Gare du Nord et Pontoise.<br>Un service de bus de remplacement est mis en place, avec desserte des gares intermédiaires.<br><a href=""https://transilien.com/sites/transilien/files/2022-02/20220627-h-paris-pontoise-du27juinau16decembre.pdf"" target=""_blank"">Pour plus d'informations sur les horaires du lundi 27 juin au vendredi 16 décembre sauf les jours fériés, cliquez ici pour télécharger l'affiche PDF.</a><br>Les horaires du calculateur d'itinéraire  tiennent compte des travaux.<br>Motif : travaux.</p>";20220701T122508;Transilien Train Transilien H;14ba970c-f928-11ec-baf9-005056a47b86;travaux
active;Incidents;30;perturbée;SIGNIFICANT_DELAYS;20220629T222000;20220630T030000;14ba970c-f928-11ec-baf9-005056a47b86;" / Ligne H : Paris Nord - Pontoise 03/01-16/12 / <p>Période : en soirée<br>Dates : du lundi 03 janvier au vendredi 16 décembre 2022, sauf les week-ends, le mardi 21 juin et les jours féries.<br>Le trafic est interrompu entre Paris Gare du Nord et Pontoise.<br>Un service de bus de remplacement est mis en place, avec desserte des gares intermédiaires.<br><a href=""https://transilien.com/sites/transilien/files/2022-02/20220627-h-paris-pontoise-du27juinau16decembre.pdf"" target=""_blank"">Pour plus d'informations sur les horaires du lundi 27 juin au vendredi 16 décembre sauf les jours fériés, cliquez ici pour télécharger l'affiche PDF.</a><br>Les horaires du calculateur d'itinéraire  tiennent compte des travaux.<br>Motif : travaux.</p>";20220701T122508;Transilien Train Transilien H;14ba970c-f928-11ec-baf9-005056a47b86;travaux
active;Incidents;30;perturbée;SIGNIFICANT_DELAYS;20220628T222000;20220629T030000;14ba970c-f928-11ec-baf9-005056a47b86;" / Ligne H : Paris Nord - Pontoise 03/01-16/12 / <p>Période : en soirée<br>Dates : du lundi 03 janvier au vendredi 16 décembre 2022, sauf les week-ends, le mardi 21 juin et les jours féries.<br>Le trafic est interrompu entre Paris Gare du Nord et Pontoise.<br>Un service de bus de remplacement est mis en place, avec desserte des gares intermédiaires.<br><a href=""https://transilien.com/sites/transilien/files/2022-02/20220627-h-paris-pontoise-du27juinau16decembre.pdf"" target=""_blank"">Pour plus d'informations sur les horaires du lundi 27 juin au vendredi 16 décembre sauf les jours fériés, cliquez ici pour télécharger l'affiche PDF.</a><br>Les horaires du calculateur d'itinéraire  tiennent compte des travaux.<br>Motif : travaux.</p>";20220701T122508;Transilien Train Transilien H;14ba970c-f928-11ec-baf9-005056a47b86;travaux
active;Incidents;30;perturbée;SIGNIFICANT_DELAYS;20220627T222000;20220628T030000;14ba970c-f928-11ec-baf9-005056a47b86;" / Ligne H : Paris Nord - Pontoise 03/01-16/12 / <p>Période : en soirée<br>Dates : du lundi 03 janvier au vendredi 16 décembre 2022, sauf les week-ends, le mardi 21 juin et les jours féries.<br>Le trafic est interrompu entre Paris Gare du Nord et Pontoise.<br>Un service de bus de remplacement est mis en place, avec desserte des gares intermédiaires.<br><a href=""https://transilien.com/sites/transilien/files/2022-02/20220627-h-paris-pontoise-du27juinau16decembre.pdf"" target=""_blank"">Pour plus d'informations sur les horaires du lundi 27 juin au vendredi 16 décembre sauf les jours fériés, cliquez ici pour télécharger l'affiche PDF.</a><br>Les horaires du calculateur d'itinéraire  tiennent compte des travaux.<br>Motif : travaux.</p>";20220701T122508;Transilien Train Transilien H;14ba970c-f928-11ec-baf9-005056a47b86;travaux
active;Incidents;30;perturbée;SIGNIFICANT_DELAYS;20220624T222000;20220625T030000;14ba970c-f928-11ec-baf9-005056a47b86;" / Ligne H : Paris Nord - Pontoise 03/01-16/12 / <p>Période : en soirée<br>Dates : du lundi 03 janvier au vendredi 16 décembre 2022, sauf les week-ends, le mardi 21 juin et les jours féries.<br>Le trafic est interrompu entre Paris Gare du Nord et Pontoise.<br>Un service de bus de remplacement est mis en place, avec desserte des gares intermédiaires.<br><a href=""https://transilien.com/sites/transilien/files/2022-02/20220627-h-paris-pontoise-du27juinau16decembre.pdf"" target=""_blank"">Pour plus d'informations sur les horaires du lundi 27 juin au vendredi 16 décembre sauf les jours fériés, cliquez ici pour télécharger l'affiche PDF.</a><br>Les horaires du calculateur d'itinéraire  tiennent compte des travaux.<br>Motif : travaux.</p>";20220701T122508;Transilien Train Transilien H;14ba970c-f928-11ec-baf9-005056a47b86;travaux
active;Incidents;30;perturbée;SIGNIFICANT_DELAYS;20220623T222000;20220624T030000;14ba970c-f928-11ec-baf9-005056a47b86;" / Ligne H : Paris Nord - Pontoise 03/01-16/12 / <p>Période : en soirée<br>Dates : du lundi 03 janvier au vendredi 16 décembre 2022, sauf les week-ends, le mardi 21 juin et les jours féries.<br>Le trafic est interrompu entre Paris Gare du Nord et Pontoise.<br>Un service de bus de remplacement est mis en place, avec desserte des gares intermédiaires.<br><a href=""https://transilien.com/sites/transilien/files/2022-02/20220627-h-paris-pontoise-du27juinau16decembre.pdf"" target=""_blank"">Pour plus d'informations sur les horaires du lundi 27 juin au vendredi 16 décembre sauf les jours fériés, cliquez ici pour télécharger l'affiche PDF.</a><br>Les horaires du calculateur d'itinéraire  tiennent compte des travaux.<br>Motif : travaux.</p>";20220701T122508;Transilien Train Transilien H;14ba970c-f928-11ec-baf9-005056a47b86;travaux
active;Incidents;30;perturbée;SIGNIFICANT_DELAYS;20220622T222000;20220623T030000;14ba970c-f928-11ec-baf9-005056a47b86;" / Ligne H : Paris Nord - Pontoise 03/01-16/12 / <p>Période : en soirée<br>Dates : du lundi 03 janvier au vendredi 16 décembre 2022, sauf les week-ends, le mardi 21 juin et les jours féries.<br>Le trafic est interrompu entre Paris Gare du Nord et Pontoise.<br>Un service de bus de remplacement est mis en place, avec desserte des gares intermédiaires.<br><a href=""https://transilien.com/sites/transilien/files/2022-02/20220627-h-paris-pontoise-du27juinau16decembre.pdf"" target=""_blank"">Pour plus d'informations sur les horaires du lundi 27 juin au vendredi 16 décembre sauf les jours fériés, cliquez ici pour télécharger l'affiche PDF.</a><br>Les horaires du calculateur d'itinéraire  tiennent compte des travaux.<br>Motif : travaux.</p>";20220701T122508;Transilien Train Transilien H;14ba970c-f928-11ec-baf9-005056a47b86;travaux
active;Incidents;30;perturbée;SIGNIFICANT_DELAYS;20220621T222000;20220622T030000;14ba970c-f928-11ec-baf9-005056a47b86;" / Ligne H : Paris Nord - Pontoise 03/01-16/12 / <p>Période : en soirée<br>Dates : du lundi 03 janvier au vendredi 16 décembre 2022, sauf les week-ends, le mardi 21 juin et les jours féries.<br>Le trafic est interrompu entre Paris Gare du Nord et Pontoise.<br>Un service de bus de remplacement est mis en place, avec desserte des gares intermédiaires.<br><a href=""https://transilien.com/sites/transilien/files/2022-02/20220627-h-paris-pontoise-du27juinau16decembre.pdf"" target=""_blank"">Pour plus d'informations sur les horaires du lundi 27 juin au vendredi 16 décembre sauf les jours fériés, cliquez ici pour télécharger l'affiche PDF.</a><br>Les horaires du calculateur d'itinéraire  tiennent compte des travaux.<br>Motif : travaux.</p>";20220701T122508;Transilien Train Transilien H;14ba970c-f928-11ec-baf9-005056a47b86;travaux
active;Incidents;30;perturbée;SIGNIFICANT_DELAYS;20220620T222000;20220621T030000;14ba970c-f928-11ec-baf9-005056a47b86;" / Ligne H : Paris Nord - Pontoise 03/01-16/12 / <p>Période : en soirée<br>Dates : du lundi 03 janvier au vendredi 16 décembre 2022, sauf les week-ends, le mardi 21 juin et les jours féries.<br>Le trafic est interrompu entre Paris Gare du Nord et Pontoise.<br>Un service de bus de remplacement est mis en place, avec desserte des gares intermédiaires.<br><a href=""https://transilien.com/sites/transilien/files/2022-02/20220627-h-paris-pontoise-du27juinau16decembre.pdf"" target=""_blank"">Pour plus d'informations sur les horaires du lundi 27 juin au vendredi 16 décembre sauf les jours fériés, cliquez ici pour télécharger l'affiche PDF.</a><br>Les horaires du calculateur d'itinéraire  tiennent compte des travaux.<br>Motif : travaux.</p>";20220701T122508;Transilien Train Transilien H;14ba970c-f928-11ec-baf9-005056a47b86;travaux
active;Incidents;30;perturbée;SIGNIFICANT_DELAYS;20220617T222000;20220618T030000;14ba970c-f928-11ec-baf9-005056a47b86;" / Ligne H : Paris Nord - Pontoise 03/01-16/12 / <p>Période : en soirée<br>Dates : du lundi 03 janvier au vendredi 16 décembre 2022, sauf les week-ends, le mardi 21 juin et les jours féries.<br>Le trafic est interrompu entre Paris Gare du Nord et Pontoise.<br>Un service de bus de remplacement est mis en place, avec desserte des gares intermédiaires.<br><a href=""https://transilien.com/sites/transilien/files/2022-02/20220627-h-paris-pontoise-du27juinau16decembre.pdf"" target=""_blank"">Pour plus d'informations sur les horaires du lundi 27 juin au vendredi 16 décembre sauf les jours fériés, cliquez ici pour télécharger l'affiche PDF.</a><br>Les horaires du calculateur d'itinéraire  tiennent compte des travaux.<br>Motif : travaux.</p>";20220701T122508;Transilien Train Transilien H;14ba970c-f928-11ec-baf9-005056a47b86;travaux
active;Incidents;30;perturbée;SIGNIFICANT_DELAYS;20220616T222000;20220617T030000;14ba970c-f928-11ec-baf9-005056a47b86;" / Ligne H : Paris Nord - Pontoise 03/01-16/12 / <p>Période : en soirée<br>Dates : du lundi 03 janvier au vendredi 16 décembre 2022, sauf les week-ends, le mardi 21 juin et les jours féries.<br>Le trafic est interrompu entre Paris Gare du Nord et Pontoise.<br>Un service de bus de remplacement est mis en place, avec desserte des gares intermédiaires.<br><a href=""https://transilien.com/sites/transilien/files/2022-02/20220627-h-paris-pontoise-du27juinau16decembre.pdf"" target=""_blank"">Pour plus d'informations sur les horaires du lundi 27 juin au vendredi 16 décembre sauf les jours fériés, cliquez ici pour télécharger l'affiche PDF.</a><br>Les horaires du calculateur d'itinéraire  tiennent compte des travaux.<br>Motif : travaux.</p>";20220701T122508;Transilien Train Transilien H;14ba970c-f928-11ec-baf9-005056a47b86;travaux
active;Incidents;30;perturbée;SIGNIFICANT_DELAYS;20220615T222000;20220616T030000;14ba970c-f928-11ec-baf9-005056a47b86;" / Ligne H : Paris Nord - Pontoise 03/01-16/12 / <p>Période : en soirée<br>Dates : du lundi 03 janvier au vendredi 16 décembre 2022, sauf les week-ends, le mardi 21 juin et les jours féries.<br>Le trafic est interrompu entre Paris Gare du Nord et Pontoise.<br>Un service de bus de remplacement est mis en place, avec desserte des gares intermédiaires.<br><a href=""https://transilien.com/sites/transilien/files/2022-02/20220627-h-paris-pontoise-du27juinau16decembre.pdf"" target=""_blank"">Pour plus d'informations sur les horaires du lundi 27 juin au vendredi 16 décembre sauf les jours fériés, cliquez ici pour télécharger l'affiche PDF.</a><br>Les horaires du calculateur d'itinéraire  tiennent compte des travaux.<br>Motif : travaux.</p>";20220701T122508;Transilien Train Transilien H;14ba970c-f928-11ec-baf9-005056a47b86;travaux
active;Incidents;30;perturbée;SIGNIFICANT_DELAYS;20220614T222000;20220615T030000;14ba970c-f928-11ec-baf9-005056a47b86;" / Ligne H : Paris Nord - Pontoise 03/01-16/12 / <p>Période : en soirée<br>Dates : du lundi 03 janvier au vendredi 16 décembre 2022, sauf les week-ends, le mardi 21 juin et les jours féries.<br>Le trafic est interrompu entre Paris Gare du Nord et Pontoise.<br>Un service de bus de remplacement est mis en place, avec desserte des gares intermédiaires.<br><a href=""https://transilien.com/sites/transilien/files/2022-02/20220627-h-paris-pontoise-du27juinau16decembre.pdf"" target=""_blank"">Pour plus d'informations sur les horaires du lundi 27 juin au vendredi 16 décembre sauf les jours fériés, cliquez ici pour télécharger l'affiche PDF.</a><br>Les horaires du calculateur d'itinéraire  tiennent compte des travaux.<br>Motif : travaux.</p>";20220701T122508;Transilien Train Transilien H;14ba970c-f928-11ec-baf9-005056a47b86;travaux
active;Incidents;30;perturbée;SIGNIFICANT_DELAYS;20220613T222000;20220614T030000;14ba970c-f928-11ec-baf9-005056a47b86;" / Ligne H : Paris Nord - Pontoise 03/01-16/12 / <p>Période : en soirée<br>Dates : du lundi 03 janvier au vendredi 16 décembre 2022, sauf les week-ends, le mardi 21 juin et les jours féries.<br>Le trafic est interrompu entre Paris Gare du Nord et Pontoise.<br>Un service de bus de remplacement est mis en place, avec desserte des gares intermédiaires.<br><a href=""https://transilien.com/sites/transilien/files/2022-02/20220627-h-paris-pontoise-du27juinau16decembre.pdf"" target=""_blank"">Pour plus d'informations sur les horaires du lundi 27 juin au vendredi 16 décembre sauf les jours fériés, cliquez ici pour télécharger l'affiche PDF.</a><br>Les horaires du calculateur d'itinéraire  tiennent compte des travaux.<br>Motif : travaux.</p>";20220701T122508;Transilien Train Transilien H;14ba970c-f928-11ec-baf9-005056a47b86;travaux
active;Incidents;30;perturbée;SIGNIFICANT_DELAYS;20220610T222000;20220611T030000;14ba970c-f928-11ec-baf9-005056a47b86;" / Ligne H : Paris Nord - Pontoise 03/01-16/12 / <p>Période : en soirée<br>Dates : du lundi 03 janvier au vendredi 16 décembre 2022, sauf les week-ends, le mardi 21 juin et les jours féries.<br>Le trafic est interrompu entre Paris Gare du Nord et Pontoise.<br>Un service de bus de remplacement est mis en place, avec desserte des gares intermédiaires.<br><a href=""https://transilien.com/sites/transilien/files/2022-02/20220627-h-paris-pontoise-du27juinau16decembre.pdf"" target=""_blank"">Pour plus d'informations sur les horaires du lundi 27 juin au vendredi 16 décembre sauf les jours fériés, cliquez ici pour télécharger l'affiche PDF.</a><br>Les horaires du calculateur d'itinéraire  tiennent compte des travaux.<br>Motif : travaux.</p>";20220701T122508;Transilien Train Transilien H;14ba970c-f928-11ec-baf9-005056a47b86;travaux
active;Incidents;30;perturbée;SIGNIFICANT_DELAYS;20220609T222000;20220610T030000;14ba970c-f928-11ec-baf9-005056a47b86;" / Ligne H : Paris Nord - Pontoise 03/01-16/12 / <p>Période : en soirée<br>Dates : du lundi 03 janvier au vendredi 16 décembre 2022, sauf les week-ends, le mardi 21 juin et les jours féries.<br>Le trafic est interrompu entre Paris Gare du Nord et Pontoise.<br>Un service de bus de remplacement est mis en place, avec desserte des gares intermédiaires.<br><a href=""https://transilien.com/sites/transilien/files/2022-02/20220627-h-paris-pontoise-du27juinau16decembre.pdf"" target=""_blank"">Pour plus d'informations sur les horaires du lundi 27 juin au vendredi 16 décembre sauf les jours fériés, cliquez ici pour télécharger l'affiche PDF.</a><br>Les horaires du calculateur d'itinéraire  tiennent compte des travaux.<br>Motif : travaux.</p>";20220701T122508;Transilien Train Transilien H;14ba970c-f928-11ec-baf9-005056a47b86;travaux
active;Incidents;30;perturbée;SIGNIFICANT_DELAYS;20220608T222000;20220609T030000;14ba970c-f928-11ec-baf9-005056a47b86;" / Ligne H : Paris Nord - Pontoise 03/01-16/12 / <p>Période : en soirée<br>Dates : du lundi 03 janvier au vendredi 16 décembre 2022, sauf les week-ends, le mardi 21 juin et les jours féries.<br>Le trafic est interrompu entre Paris Gare du Nord et Pontoise.<br>Un service de bus de remplacement est mis en place, avec desserte des gares intermédiaires.<br><a href=""https://transilien.com/sites/transilien/files/2022-02/20220627-h-paris-pontoise-du27juinau16decembre.pdf"" target=""_blank"">Pour plus d'informations sur les horaires du lundi 27 juin au vendredi 16 décembre sauf les jours fériés, cliquez ici pour télécharger l'affiche PDF.</a><br>Les horaires du calculateur d'itinéraire  tiennent compte des travaux.<br>Motif : travaux.</p>";20220701T122508;Transilien Train Transilien H;14ba970c-f928-11ec-baf9-005056a47b86;travaux
active;Incidents;30;perturbée;SIGNIFICANT_DELAYS;20220607T222000;20220608T030000;14ba970c-f928-11ec-baf9-005056a47b86;" / Ligne H : Paris Nord - Pontoise 03/01-16/12 / <p>Période : en soirée<br>Dates : du lundi 03 janvier au vendredi 16 décembre 2022, sauf les week-ends, le mardi 21 juin et les jours féries.<br>Le trafic est interrompu entre Paris Gare du Nord et Pontoise.<br>Un service de bus de remplacement est mis en place, avec desserte des gares intermédiaires.<br><a href=""https://transilien.com/sites/transilien/files/2022-02/20220627-h-paris-pontoise-du27juinau16decembre.pdf"" target=""_blank"">Pour plus d'informations sur les horaires du lundi 27 juin au vendredi 16 décembre sauf les jours fériés, cliquez ici pour télécharger l'affiche PDF.</a><br>Les horaires du calculateur d'itinéraire  tiennent compte des travaux.<br>Motif : travaux.</p>";20220701T122508;Transilien Train Transilien H;14ba970c-f928-11ec-baf9-005056a47b86;travaux
active;Incidents;30;perturbée;SIGNIFICANT_DELAYS;20220606T222000;20220607T030000;14ba970c-f928-11ec-baf9-005056a47b86;" / Ligne H : Paris Nord - Pontoise 03/01-16/12 / <p>Période : en soirée<br>Dates : du lundi 03 janvier au vendredi 16 décembre 2022, sauf les week-ends, le mardi 21 juin et les jours féries.<br>Le trafic est interrompu entre Paris Gare du Nord et Pontoise.<br>Un service de bus de remplacement est mis en place, avec desserte des gares intermédiaires.<br><a href=""https://transilien.com/sites/transilien/files/2022-02/20220627-h-paris-pontoise-du27juinau16decembre.pdf"" target=""_blank"">Pour plus d'informations sur les horaires du lundi 27 juin au vendredi 16 décembre sauf les jours fériés, cliquez ici pour télécharger l'affiche PDF.</a><br>Les horaires du calculateur d'itinéraire  tiennent compte des travaux.<br>Motif : travaux.</p>";20220701T122508;Transilien Train Transilien H;14ba970c-f928-11ec-baf9-005056a47b86;travaux
active;Incidents;30;perturbée;SIGNIFICANT_DELAYS;20220603T222000;20220604T030000;14ba970c-f928-11ec-baf9-005056a47b86;" / Ligne H : Paris Nord - Pontoise 03/01-16/12 / <p>Période : en soirée<br>Dates : du lundi 03 janvier au vendredi 16 décembre 2022, sauf les week-ends, le mardi 21 juin et les jours féries.<br>Le trafic est interrompu entre Paris Gare du Nord et Pontoise.<br>Un service de bus de remplacement est mis en place, avec desserte des gares intermédiaires.<br><a href=""https://transilien.com/sites/transilien/files/2022-02/20220627-h-paris-pontoise-du27juinau16decembre.pdf"" target=""_blank"">Pour plus d'informations sur les horaires du lundi 27 juin au vendredi 16 décembre sauf les jours fériés, cliquez ici pour télécharger l'affiche PDF.</a><br>Les horaires du calculateur d'itinéraire  tiennent compte des travaux.<br>Motif : travaux.</p>";20220701T122508;Transilien Train Transilien H;14ba970c-f928-11ec-baf9-005056a47b86;travaux
active;Incidents;30;perturbée;SIGNIFICANT_DELAYS;20220602T222000;20220603T030000;14ba970c-f928-11ec-baf9-005056a47b86;" / Ligne H : Paris Nord - Pontoise 03/01-16/12 / <p>Période : en soirée<br>Dates : du lundi 03 janvier au vendredi 16 décembre 2022, sauf les week-ends, le mardi 21 juin et les jours féries.<br>Le trafic est interrompu entre Paris Gare du Nord et Pontoise.<br>Un service de bus de remplacement est mis en place, avec desserte des gares intermédiaires.<br><a href=""https://transilien.com/sites/transilien/files/2022-02/20220627-h-paris-pontoise-du27juinau16decembre.pdf"" target=""_blank"">Pour plus d'informations sur les horaires du lundi 27 juin au vendredi 16 décembre sauf les jours fériés, cliquez ici pour télécharger l'affiche PDF.</a><br>Les horaires du calculateur d'itinéraire  tiennent compte des travaux.<br>Motif : travaux.</p>";20220701T122508;Transilien Train Transilien H;14ba970c-f928-11ec-baf9-005056a47b86;travaux
active;Incidents;30;perturbée;SIGNIFICANT_DELAYS;20220601T222000;20220602T030000;14ba970c-f928-11ec-baf9-005056a47b86;" / Ligne H : Paris Nord - Pontoise 03/01-16/12 / <p>Période : en soirée<br>Dates : du lundi 03 janvier au vendredi 16 décembre 2022, sauf les week-ends, le mardi 21 juin et les jours féries.<br>Le trafic est interrompu entre Paris Gare du Nord et Pontoise.<br>Un service de bus de remplacement est mis en place, avec desserte des gares intermédiaires.<br><a href=""https://transilien.com/sites/transilien/files/2022-02/20220627-h-paris-pontoise-du27juinau16decembre.pdf"" target=""_blank"">Pour plus d'informations sur les horaires du lundi 27 juin au vendredi 16 décembre sauf les jours fériés, cliquez ici pour télécharger l'affiche PDF.</a><br>Les horaires du calculateur d'itinéraire  tiennent compte des travaux.<br>Motif : travaux.</p>";20220701T122508;Transilien Train Transilien H;14ba970c-f928-11ec-baf9-005056a47b86;travaux
active;Incidents;30;perturbée;SIGNIFICANT_DELAYS;20220531T222000;20220601T030000;14ba970c-f928-11ec-baf9-005056a47b86;" / Ligne H : Paris Nord - Pontoise 03/01-16/12 / <p>Période : en soirée<br>Dates : du lundi 03 janvier au vendredi 16 décembre 2022, sauf les week-ends, le mardi 21 juin et les jours féries.<br>Le trafic est interrompu entre Paris Gare du Nord et Pontoise.<br>Un service de bus de remplacement est mis en place, avec desserte des gares intermédiaires.<br><a href=""https://transilien.com/sites/transilien/files/2022-02/20220627-h-paris-pontoise-du27juinau16decembre.pdf"" target=""_blank"">Pour plus d'informations sur les horaires du lundi 27 juin au vendredi 16 décembre sauf les jours fériés, cliquez ici pour télécharger l'affiche PDF.</a><br>Les horaires du calculateur d'itinéraire  tiennent compte des travaux.<br>Motif : travaux.</p>";20220701T122508;Transilien Train Transilien H;14ba970c-f928-11ec-baf9-005056a47b86;travaux
active;Incidents;30;perturbée;SIGNIFICANT_DELAYS;20220530T222000;20220531T030000;14ba970c-f928-11ec-baf9-005056a47b86;" / Ligne H : Paris Nord - Pontoise 03/01-16/12 / <p>Période : en soirée<br>Dates : du lundi 03 janvier au vendredi 16 décembre 2022, sauf les week-ends, le mardi 21 juin et les jours féries.<br>Le trafic est interrompu entre Paris Gare du Nord et Pontoise.<br>Un service de bus de remplacement est mis en place, avec desserte des gares intermédiaires.<br><a href=""https://transilien.com/sites/transilien/files/2022-02/20220627-h-paris-pontoise-du27juinau16decembre.pdf"" target=""_blank"">Pour plus d'informations sur les horaires du lundi 27 juin au vendredi 16 décembre sauf les jours fériés, cliquez ici pour télécharger l'affiche PDF.</a><br>Les horaires du calculateur d'itinéraire  tiennent compte des travaux.<br>Motif : travaux.</p>";20220701T122508;Transilien Train Transilien H;14ba970c-f928-11ec-baf9-005056a47b86;travaux
active;Incidents;30;perturbée;SIGNIFICANT_DELAYS;20220527T222000;20220528T030000;14ba970c-f928-11ec-baf9-005056a47b86;" / Ligne H : Paris Nord - Pontoise 03/01-16/12 / <p>Période : en soirée<br>Dates : du lundi 03 janvier au vendredi 16 décembre 2022, sauf les week-ends, le mardi 21 juin et les jours féries.<br>Le trafic est interrompu entre Paris Gare du Nord et Pontoise.<br>Un service de bus de remplacement est mis en place, avec desserte des gares intermédiaires.<br><a href=""https://transilien.com/sites/transilien/files/2022-02/20220627-h-paris-pontoise-du27juinau16decembre.pdf"" target=""_blank"">Pour plus d'informations sur les horaires du lundi 27 juin au vendredi 16 décembre sauf les jours fériés, cliquez ici pour télécharger l'affiche PDF.</a><br>Les horaires du calculateur d'itinéraire  tiennent compte des travaux.<br>Motif : travaux.</p>";20220701T122508;Transilien Train Transilien H;14ba970c-f928-11ec-baf9-005056a47b86;travaux
active;Incidents;30;perturbée;SIGNIFICANT_DELAYS;20220526T222000;20220527T030000;14ba970c-f928-11ec-baf9-005056a47b86;" / Ligne H : Paris Nord - Pontoise 03/01-16/12 / <p>Période : en soirée<br>Dates : du lundi 03 janvier au vendredi 16 décembre 2022, sauf les week-ends, le mardi 21 juin et les jours féries.<br>Le trafic est interrompu entre Paris Gare du Nord et Pontoise.<br>Un service de bus de remplacement est mis en place, avec desserte des gares intermédiaires.<br><a href=""https://transilien.com/sites/transilien/files/2022-02/20220627-h-paris-pontoise-du27juinau16decembre.pdf"" target=""_blank"">Pour plus d'informations sur les horaires du lundi 27 juin au vendredi 16 décembre sauf les jours fériés, cliquez ici pour télécharger l'affiche PDF.</a><br>Les horaires du calculateur d'itinéraire  tiennent compte des travaux.<br>Motif : travaux.</p>";20220701T122508;Transilien Train Transilien H;14ba970c-f928-11ec-baf9-005056a47b86;travaux
active;Incidents;30;perturbée;SIGNIFICANT_DELAYS;20220525T222000;20220526T030000;14ba970c-f928-11ec-baf9-005056a47b86;" / Ligne H : Paris Nord - Pontoise 03/01-16/12 / <p>Période : en soirée<br>Dates : du lundi 03 janvier au vendredi 16 décembre 2022, sauf les week-ends, le mardi 21 juin et les jours féries.<br>Le trafic est interrompu entre Paris Gare du Nord et Pontoise.<br>Un service de bus de remplacement est mis en place, avec desserte des gares intermédiaires.<br><a href=""https://transilien.com/sites/transilien/files/2022-02/20220627-h-paris-pontoise-du27juinau16decembre.pdf"" target=""_blank"">Pour plus d'informations sur les horaires du lundi 27 juin au vendredi 16 décembre sauf les jours fériés, cliquez ici pour télécharger l'affiche PDF.</a><br>Les horaires du calculateur d'itinéraire  tiennent compte des travaux.<br>Motif : travaux.</p>";20220701T122508;Transilien Train Transilien H;14ba970c-f928-11ec-baf9-005056a47b86;travaux
active;Incidents;30;perturbée;SIGNIFICANT_DELAYS;20220524T222000;20220525T030000;14ba970c-f928-11ec-baf9-005056a47b86;" / Ligne H : Paris Nord - Pontoise 03/01-16/12 / <p>Période : en soirée<br>Dates : du lundi 03 janvier au vendredi 16 décembre 2022, sauf les week-ends, le mardi 21 juin et les jours féries.<br>Le trafic est interrompu entre Paris Gare du Nord et Pontoise.<br>Un service de bus de remplacement est mis en place, avec desserte des gares intermédiaires.<br><a href=""https://transilien.com/sites/transilien/files/2022-02/20220627-h-paris-pontoise-du27juinau16decembre.pdf"" target=""_blank"">Pour plus d'informations sur les horaires du lundi 27 juin au vendredi 16 décembre sauf les jours fériés, cliquez ici pour télécharger l'affiche PDF.</a><br>Les horaires du calculateur d'itinéraire  tiennent compte des travaux.<br>Motif : travaux.</p>";20220701T122508;Transilien Train Transilien H;14ba970c-f928-11ec-baf9-005056a47b86;travaux
active;Incidents;30;perturbée;SIGNIFICANT_DELAYS;20220523T222000;20220524T030000;14ba970c-f928-11ec-baf9-005056a47b86;" / Ligne H : Paris Nord - Pontoise 03/01-16/12 / <p>Période : en soirée<br>Dates : du lundi 03 janvier au vendredi 16 décembre 2022, sauf les week-ends, le mardi 21 juin et les jours féries.<br>Le trafic est interrompu entre Paris Gare du Nord et Pontoise.<br>Un service de bus de remplacement est mis en place, avec desserte des gares intermédiaires.<br><a href=""https://transilien.com/sites/transilien/files/2022-02/20220627-h-paris-pontoise-du27juinau16decembre.pdf"" target=""_blank"">Pour plus d'informations sur les horaires du lundi 27 juin au vendredi 16 décembre sauf les jours fériés, cliquez ici pour télécharger l'affiche PDF.</a><br>Les horaires du calculateur d'itinéraire  tiennent compte des travaux.<br>Motif : travaux.</p>";20220701T122508;Transilien Train Transilien H;14ba970c-f928-11ec-baf9-005056a47b86;travaux
active;Incidents;30;perturbée;SIGNIFICANT_DELAYS;20220520T222000;20220521T030000;14ba970c-f928-11ec-baf9-005056a47b86;" / Ligne H : Paris Nord - Pontoise 03/01-16/12 / <p>Période : en soirée<br>Dates : du lundi 03 janvier au vendredi 16 décembre 2022, sauf les week-ends, le mardi 21 juin et les jours féries.<br>Le trafic est interrompu entre Paris Gare du Nord et Pontoise.<br>Un service de bus de remplacement est mis en place, avec desserte des gares intermédiaires.<br><a href=""https://transilien.com/sites/transilien/files/2022-02/20220627-h-paris-pontoise-du27juinau16decembre.pdf"" target=""_blank"">Pour plus d'informations sur les horaires du lundi 27 juin au vendredi 16 décembre sauf les jours fériés, cliquez ici pour télécharger l'affiche PDF.</a><br>Les horaires du calculateur d'itinéraire  tiennent compte des travaux.<br>Motif : travaux.</p>";20220701T122508;Transilien Train Transilien H;14ba970c-f928-11ec-baf9-005056a47b86;travaux
active;Incidents;30;perturbée;SIGNIFICANT_DELAYS;20220519T222000;20220520T030000;14ba970c-f928-11ec-baf9-005056a47b86;" / Ligne H : Paris Nord - Pontoise 03/01-16/12 / <p>Période : en soirée<br>Dates : du lundi 03 janvier au vendredi 16 décembre 2022, sauf les week-ends, le mardi 21 juin et les jours féries.<br>Le trafic est interrompu entre Paris Gare du Nord et Pontoise.<br>Un service de bus de remplacement est mis en place, avec desserte des gares intermédiaires.<br><a href=""https://transilien.com/sites/transilien/files/2022-02/20220627-h-paris-pontoise-du27juinau16decembre.pdf"" target=""_blank"">Pour plus d'informations sur les horaires du lundi 27 juin au vendredi 16 décembre sauf les jours fériés, cliquez ici pour télécharger l'affiche PDF.</a><br>Les horaires du calculateur d'itinéraire  tiennent compte des travaux.<br>Motif : travaux.</p>";20220701T122508;Transilien Train Transilien H;14ba970c-f928-11ec-baf9-005056a47b86;travaux
active;Incidents;30;perturbée;SIGNIFICANT_DELAYS;20220518T222000;20220519T030000;14ba970c-f928-11ec-baf9-005056a47b86;" / Ligne H : Paris Nord - Pontoise 03/01-16/12 / <p>Période : en soirée<br>Dates : du lundi 03 janvier au vendredi 16 décembre 2022, sauf les week-ends, le mardi 21 juin et les jours féries.<br>Le trafic est interrompu entre Paris Gare du Nord et Pontoise.<br>Un service de bus de remplacement est mis en place, avec desserte des gares intermédiaires.<br><a href=""https://transilien.com/sites/transilien/files/2022-02/20220627-h-paris-pontoise-du27juinau16decembre.pdf"" target=""_blank"">Pour plus d'informations sur les horaires du lundi 27 juin au vendredi 16 décembre sauf les jours fériés, cliquez ici pour télécharger l'affiche PDF.</a><br>Les horaires du calculateur d'itinéraire  tiennent compte des travaux.<br>Motif : travaux.</p>";20220701T122508;Transilien Train Transilien H;14ba970c-f928-11ec-baf9-005056a47b86;travaux
active;Incidents;30;perturbée;SIGNIFICANT_DELAYS;20220517T222000;20220518T030000;14ba970c-f928-11ec-baf9-005056a47b86;" / Ligne H : Paris Nord - Pontoise 03/01-16/12 / <p>Période : en soirée<br>Dates : du lundi 03 janvier au vendredi 16 décembre 2022, sauf les week-ends, le mardi 21 juin et les jours féries.<br>Le trafic est interrompu entre Paris Gare du Nord et Pontoise.<br>Un service de bus de remplacement est mis en place, avec desserte des gares intermédiaires.<br><a href=""https://transilien.com/sites/transilien/files/2022-02/20220627-h-paris-pontoise-du27juinau16decembre.pdf"" target=""_blank"">Pour plus d'informations sur les horaires du lundi 27 juin au vendredi 16 décembre sauf les jours fériés, cliquez ici pour télécharger l'affiche PDF.</a><br>Les horaires du calculateur d'itinéraire  tiennent compte des travaux.<br>Motif : travaux.</p>";20220701T122508;Transilien Train Transilien H;14ba970c-f928-11ec-baf9-005056a47b86;travaux
active;Incidents;30;perturbée;SIGNIFICANT_DELAYS;20220516T222000;20220517T030000;14ba970c-f928-11ec-baf9-005056a47b86;" / Ligne H : Paris Nord - Pontoise 03/01-16/12 / <p>Période : en soirée<br>Dates : du lundi 03 janvier au vendredi 16 décembre 2022, sauf les week-ends, le mardi 21 juin et les jours féries.<br>Le trafic est interrompu entre Paris Gare du Nord et Pontoise.<br>Un service de bus de remplacement est mis en place, avec desserte des gares intermédiaires.<br><a href=""https://transilien.com/sites/transilien/files/2022-02/20220627-h-paris-pontoise-du27juinau16decembre.pdf"" target=""_blank"">Pour plus d'informations sur les horaires du lundi 27 juin au vendredi 16 décembre sauf les jours fériés, cliquez ici pour télécharger l'affiche PDF.</a><br>Les horaires du calculateur d'itinéraire  tiennent compte des travaux.<br>Motif : travaux.</p>";20220701T122508;Transilien Train Transilien H;14ba970c-f928-11ec-baf9-005056a47b86;travaux
active;Incidents;30;perturbée;SIGNIFICANT_DELAYS;20220513T222000;20220514T030000;14ba970c-f928-11ec-baf9-005056a47b86;" / Ligne H : Paris Nord - Pontoise 03/01-16/12 / <p>Période : en soirée<br>Dates : du lundi 03 janvier au vendredi 16 décembre 2022, sauf les week-ends, le mardi 21 juin et les jours féries.<br>Le trafic est interrompu entre Paris Gare du Nord et Pontoise.<br>Un service de bus de remplacement est mis en place, avec desserte des gares intermédiaires.<br><a href=""https://transilien.com/sites/transilien/files/2022-02/20220627-h-paris-pontoise-du27juinau16decembre.pdf"" target=""_blank"">Pour plus d'informations sur les horaires du lundi 27 juin au vendredi 16 décembre sauf les jours fériés, cliquez ici pour télécharger l'affiche PDF.</a><br>Les horaires du calculateur d'itinéraire  tiennent compte des travaux.<br>Motif : travaux.</p>";20220701T122508;Transilien Train Transilien H;14ba970c-f928-11ec-baf9-005056a47b86;travaux
active;Incidents;30;perturbée;SIGNIFICANT_DELAYS;20220512T222000;20220513T030000;14ba970c-f928-11ec-baf9-005056a47b86;" / Ligne H : Paris Nord - Pontoise 03/01-16/12 / <p>Période : en soirée<br>Dates : du lundi 03 janvier au vendredi 16 décembre 2022, sauf les week-ends, le mardi 21 juin et les jours féries.<br>Le trafic est interrompu entre Paris Gare du Nord et Pontoise.<br>Un service de bus de remplacement est mis en place, avec desserte des gares intermédiaires.<br><a href=""https://transilien.com/sites/transilien/files/2022-02/20220627-h-paris-pontoise-du27juinau16decembre.pdf"" target=""_blank"">Pour plus d'informations sur les horaires du lundi 27 juin au vendredi 16 décembre sauf les jours fériés, cliquez ici pour télécharger l'affiche PDF.</a><br>Les horaires du calculateur d'itinéraire  tiennent compte des travaux.<br>Motif : travaux.</p>";20220701T122508;Transilien Train Transilien H;14ba970c-f928-11ec-baf9-005056a47b86;travaux
active;Incidents;30;perturbée;SIGNIFICANT_DELAYS;20220511T222000;20220512T030000;14ba970c-f928-11ec-baf9-005056a47b86;" / Ligne H : Paris Nord - Pontoise 03/01-16/12 / <p>Période : en soirée<br>Dates : du lundi 03 janvier au vendredi 16 décembre 2022, sauf les week-ends, le mardi 21 juin et les jours féries.<br>Le trafic est interrompu entre Paris Gare du Nord et Pontoise.<br>Un service de bus de remplacement est mis en place, avec desserte des gares intermédiaires.<br><a href=""https://transilien.com/sites/transilien/files/2022-02/20220627-h-paris-pontoise-du27juinau16decembre.pdf"" target=""_blank"">Pour plus d'informations sur les horaires du lundi 27 juin au vendredi 16 décembre sauf les jours fériés, cliquez ici pour télécharger l'affiche PDF.</a><br>Les horaires du calculateur d'itinéraire  tiennent compte des travaux.<br>Motif : travaux.</p>";20220701T122508;Transilien Train Transilien H;14ba970c-f928-11ec-baf9-005056a47b86;travaux
active;Incidents;30;perturbée;SIGNIFICANT_DELAYS;20220510T222000;20220511T030000;14ba970c-f928-11ec-baf9-005056a47b86;" / Ligne H : Paris Nord - Pontoise 03/01-16/12 / <p>Période : en soirée<br>Dates : du lundi 03 janvier au vendredi 16 décembre 2022, sauf les week-ends, le mardi 21 juin et les jours féries.<br>Le trafic est interrompu entre Paris Gare du Nord et Pontoise.<br>Un service de bus de remplacement est mis en place, avec desserte des gares intermédiaires.<br><a href=""https://transilien.com/sites/transilien/files/2022-02/20220627-h-paris-pontoise-du27juinau16decembre.pdf"" target=""_blank"">Pour plus d'informations sur les horaires du lundi 27 juin au vendredi 16 décembre sauf les jours fériés, cliquez ici pour télécharger l'affiche PDF.</a><br>Les horaires du calculateur d'itinéraire  tiennent compte des travaux.<br>Motif : travaux.</p>";20220701T122508;Transilien Train Transilien H;14ba970c-f928-11ec-baf9-005056a47b86;travaux
active;Incidents;30;perturbée;SIGNIFICANT_DELAYS;20220509T222000;20220510T030000;14ba970c-f928-11ec-baf9-005056a47b86;" / Ligne H : Paris Nord - Pontoise 03/01-16/12 / <p>Période : en soirée<br>Dates : du lundi 03 janvier au vendredi 16 décembre 2022, sauf les week-ends, le mardi 21 juin et les jours féries.<br>Le trafic est interrompu entre Paris Gare du Nord et Pontoise.<br>Un service de bus de remplacement est mis en place, avec desserte des gares intermédiaires.<br><a href=""https://transilien.com/sites/transilien/files/2022-02/20220627-h-paris-pontoise-du27juinau16decembre.pdf"" target=""_blank"">Pour plus d'informations sur les horaires du lundi 27 juin au vendredi 16 décembre sauf les jours fériés, cliquez ici pour télécharger l'affiche PDF.</a><br>Les horaires du calculateur d'itinéraire  tiennent compte des travaux.<br>Motif : travaux.</p>";20220701T122508;Transilien Train Transilien H;14ba970c-f928-11ec-baf9-005056a47b86;travaux
active;Incidents;30;perturbée;SIGNIFICANT_DELAYS;20220506T222000;20220507T030000;14ba970c-f928-11ec-baf9-005056a47b86;" / Ligne H : Paris Nord - Pontoise 03/01-16/12 / <p>Période : en soirée<br>Dates : du lundi 03 janvier au vendredi 16 décembre 2022, sauf les week-ends, le mardi 21 juin et les jours féries.<br>Le trafic est interrompu entre Paris Gare du Nord et Pontoise.<br>Un service de bus de remplacement est mis en place, avec desserte des gares intermédiaires.<br><a href=""https://transilien.com/sites/transilien/files/2022-02/20220627-h-paris-pontoise-du27juinau16decembre.pdf"" target=""_blank"">Pour plus d'informations sur les horaires du lundi 27 juin au vendredi 16 décembre sauf les jours fériés, cliquez ici pour télécharger l'affiche PDF.</a><br>Les horaires du calculateur d'itinéraire  tiennent compte des travaux.<br>Motif : travaux.</p>";20220701T122508;Transilien Train Transilien H;14ba970c-f928-11ec-baf9-005056a47b86;travaux
active;Incidents;30;perturbée;SIGNIFICANT_DELAYS;20220505T222000;20220506T030000;14ba970c-f928-11ec-baf9-005056a47b86;" / Ligne H : Paris Nord - Pontoise 03/01-16/12 / <p>Période : en soirée<br>Dates : du lundi 03 janvier au vendredi 16 décembre 2022, sauf les week-ends, le mardi 21 juin et les jours féries.<br>Le trafic est interrompu entre Paris Gare du Nord et Pontoise.<br>Un service de bus de remplacement est mis en place, avec desserte des gares intermédiaires.<br><a href=""https://transilien.com/sites/transilien/files/2022-02/20220627-h-paris-pontoise-du27juinau16decembre.pdf"" target=""_blank"">Pour plus d'informations sur les horaires du lundi 27 juin au vendredi 16 décembre sauf les jours fériés, cliquez ici pour télécharger l'affiche PDF.</a><br>Les horaires du calculateur d'itinéraire  tiennent compte des travaux.<br>Motif : travaux.</p>";20220701T122508;Transilien Train Transilien H;14ba970c-f928-11ec-baf9-005056a47b86;travaux
active;Incidents;30;perturbée;SIGNIFICANT_DELAYS;20220504T222000;20220505T030000;14ba970c-f928-11ec-baf9-005056a47b86;" / Ligne H : Paris Nord - Pontoise 03/01-16/12 / <p>Période : en soirée<br>Dates : du lundi 03 janvier au vendredi 16 décembre 2022, sauf les week-ends, le mardi 21 juin et les jours féries.<br>Le trafic est interrompu entre Paris Gare du Nord et Pontoise.<br>Un service de bus de remplacement est mis en place, avec desserte des gares intermédiaires.<br><a href=""https://transilien.com/sites/transilien/files/2022-02/20220627-h-paris-pontoise-du27juinau16decembre.pdf"" target=""_blank"">Pour plus d'informations sur les horaires du lundi 27 juin au vendredi 16 décembre sauf les jours fériés, cliquez ici pour télécharger l'affiche PDF.</a><br>Les horaires du calculateur d'itinéraire  tiennent compte des travaux.<br>Motif : travaux.</p>";20220701T122508;Transilien Train Transilien H;14ba970c-f928-11ec-baf9-005056a47b86;travaux
active;Incidents;30;perturbée;SIGNIFICANT_DELAYS;20220503T222000;20220504T030000;14ba970c-f928-11ec-baf9-005056a47b86;" / Ligne H : Paris Nord - Pontoise 03/01-16/12 / <p>Période : en soirée<br>Dates : du lundi 03 janvier au vendredi 16 décembre 2022, sauf les week-ends, le mardi 21 juin et les jours féries.<br>Le trafic est interrompu entre Paris Gare du Nord et Pontoise.<br>Un service de bus de remplacement est mis en place, avec desserte des gares intermédiaires.<br><a href=""https://transilien.com/sites/transilien/files/2022-02/20220627-h-paris-pontoise-du27juinau16decembre.pdf"" target=""_blank"">Pour plus d'informations sur les horaires du lundi 27 juin au vendredi 16 décembre sauf les jours fériés, cliquez ici pour télécharger l'affiche PDF.</a><br>Les horaires du calculateur d'itinéraire  tiennent compte des travaux.<br>Motif : travaux.</p>";20220701T122508;Transilien Train Transilien H;14ba970c-f928-11ec-baf9-005056a47b86;travaux
active;Incidents;30;perturbée;SIGNIFICANT_DELAYS;20220502T222000;20220503T030000;14ba970c-f928-11ec-baf9-005056a47b86;" / Ligne H : Paris Nord - Pontoise 03/01-16/12 / <p>Période : en soirée<br>Dates : du lundi 03 janvier au vendredi 16 décembre 2022, sauf les week-ends, le mardi 21 juin et les jours féries.<br>Le trafic est interrompu entre Paris Gare du Nord et Pontoise.<br>Un service de bus de remplacement est mis en place, avec desserte des gares intermédiaires.<br><a href=""https://transilien.com/sites/transilien/files/2022-02/20220627-h-paris-pontoise-du27juinau16decembre.pdf"" target=""_blank"">Pour plus d'informations sur les horaires du lundi 27 juin au vendredi 16 décembre sauf les jours fériés, cliquez ici pour télécharger l'affiche PDF.</a><br>Les horaires du calculateur d'itinéraire  tiennent compte des travaux.<br>Motif : travaux.</p>";20220701T122508;Transilien Train Transilien H;14ba970c-f928-11ec-baf9-005056a47b86;travaux
active;Incidents;30;perturbée;SIGNIFICANT_DELAYS;20220429T222000;20220430T030000;14ba970c-f928-11ec-baf9-005056a47b86;" / Ligne H : Paris Nord - Pontoise 03/01-16/12 / <p>Période : en soirée<br>Dates : du lundi 03 janvier au vendredi 16 décembre 2022, sauf les week-ends, le mardi 21 juin et les jours féries.<br>Le trafic est interrompu entre Paris Gare du Nord et Pontoise.<br>Un service de bus de remplacement est mis en place, avec desserte des gares intermédiaires.<br><a href=""https://transilien.com/sites/transilien/files/2022-02/20220627-h-paris-pontoise-du27juinau16decembre.pdf"" target=""_blank"">Pour plus d'informations sur les horaires du lundi 27 juin au vendredi 16 décembre sauf les jours fériés, cliquez ici pour télécharger l'affiche PDF.</a><br>Les horaires du calculateur d'itinéraire  tiennent compte des travaux.<br>Motif : travaux.</p>";20220701T122508;Transilien Train Transilien H;14ba970c-f928-11ec-baf9-005056a47b86;travaux
active;Incidents;30;perturbée;SIGNIFICANT_DELAYS;20220428T222000;20220429T030000;14ba970c-f928-11ec-baf9-005056a47b86;" / Ligne H : Paris Nord - Pontoise 03/01-16/12 / <p>Période : en soirée<br>Dates : du lundi 03 janvier au vendredi 16 décembre 2022, sauf les week-ends, le mardi 21 juin et les jours féries.<br>Le trafic est interrompu entre Paris Gare du Nord et Pontoise.<br>Un service de bus de remplacement est mis en place, avec desserte des gares intermédiaires.<br><a href=""https://transilien.com/sites/transilien/files/2022-02/20220627-h-paris-pontoise-du27juinau16decembre.pdf"" target=""_blank"">Pour plus d'informations sur les horaires du lundi 27 juin au vendredi 16 décembre sauf les jours fériés, cliquez ici pour télécharger l'affiche PDF.</a><br>Les horaires du calculateur d'itinéraire  tiennent compte des travaux.<br>Motif : travaux.</p>";20220701T122508;Transilien Train Transilien H;14ba970c-f928-11ec-baf9-005056a47b86;travaux
active;Incidents;30;perturbée;SIGNIFICANT_DELAYS;20220427T222000;20220428T030000;14ba970c-f928-11ec-baf9-005056a47b86;" / Ligne H : Paris Nord - Pontoise 03/01-16/12 / <p>Période : en soirée<br>Dates : du lundi 03 janvier au vendredi 16 décembre 2022, sauf les week-ends, le mardi 21 juin et les jours féries.<br>Le trafic est interrompu entre Paris Gare du Nord et Pontoise.<br>Un service de bus de remplacement est mis en place, avec desserte des gares intermédiaires.<br><a href=""https://transilien.com/sites/transilien/files/2022-02/20220627-h-paris-pontoise-du27juinau16decembre.pdf"" target=""_blank"">Pour plus d'informations sur les horaires du lundi 27 juin au vendredi 16 décembre sauf les jours fériés, cliquez ici pour télécharger l'affiche PDF.</a><br>Les horaires du calculateur d'itinéraire  tiennent compte des travaux.<br>Motif : travaux.</p>";20220701T122508;Transilien Train Transilien H;14ba970c-f928-11ec-baf9-005056a47b86;travaux
active;Incidents;30;perturbée;SIGNIFICANT_DELAYS;20220426T222000;20220427T030000;14ba970c-f928-11ec-baf9-005056a47b86;" / Ligne H : Paris Nord - Pontoise 03/01-16/12 / <p>Période : en soirée<br>Dates : du lundi 03 janvier au vendredi 16 décembre 2022, sauf les week-ends, le mardi 21 juin et les jours féries.<br>Le trafic est interrompu entre Paris Gare du Nord et Pontoise.<br>Un service de bus de remplacement est mis en place, avec desserte des gares intermédiaires.<br><a href=""https://transilien.com/sites/transilien/files/2022-02/20220627-h-paris-pontoise-du27juinau16decembre.pdf"" target=""_blank"">Pour plus d'informations sur les horaires du lundi 27 juin au vendredi 16 décembre sauf les jours fériés, cliquez ici pour télécharger l'affiche PDF.</a><br>Les horaires du calculateur d'itinéraire  tiennent compte des travaux.<br>Motif : travaux.</p>";20220701T122508;Transilien Train Transilien H;14ba970c-f928-11ec-baf9-005056a47b86;travaux
active;Incidents;30;perturbée;SIGNIFICANT_DELAYS;20220425T222000;20220426T030000;14ba970c-f928-11ec-baf9-005056a47b86;" / Ligne H : Paris Nord - Pontoise 03/01-16/12 / <p>Période : en soirée<br>Dates : du lundi 03 janvier au vendredi 16 décembre 2022, sauf les week-ends, le mardi 21 juin et les jours féries.<br>Le trafic est interrompu entre Paris Gare du Nord et Pontoise.<br>Un service de bus de remplacement est mis en place, avec desserte des gares intermédiaires.<br><a href=""https://transilien.com/sites/transilien/files/2022-02/20220627-h-paris-pontoise-du27juinau16decembre.pdf"" target=""_blank"">Pour plus d'informations sur les horaires du lundi 27 juin au vendredi 16 décembre sauf les jours fériés, cliquez ici pour télécharger l'affiche PDF.</a><br>Les horaires du calculateur d'itinéraire  tiennent compte des travaux.<br>Motif : travaux.</p>";20220701T122508;Transilien Train Transilien H;14ba970c-f928-11ec-baf9-005056a47b86;travaux
active;Incidents;30;perturbée;SIGNIFICANT_DELAYS;20220422T222000;20220423T030000;14ba970c-f928-11ec-baf9-005056a47b86;" / Ligne H : Paris Nord - Pontoise 03/01-16/12 / <p>Période : en soirée<br>Dates : du lundi 03 janvier au vendredi 16 décembre 2022, sauf les week-ends, le mardi 21 juin et les jours féries.<br>Le trafic est interrompu entre Paris Gare du Nord et Pontoise.<br>Un service de bus de remplacement est mis en place, avec desserte des gares intermédiaires.<br><a href=""https://transilien.com/sites/transilien/files/2022-02/20220627-h-paris-pontoise-du27juinau16decembre.pdf"" target=""_blank"">Pour plus d'informations sur les horaires du lundi 27 juin au vendredi 16 décembre sauf les jours fériés, cliquez ici pour télécharger l'affiche PDF.</a><br>Les horaires du calculateur d'itinéraire  tiennent compte des travaux.<br>Motif : travaux.</p>";20220701T122508;Transilien Train Transilien H;14ba970c-f928-11ec-baf9-005056a47b86;travaux
active;Incidents;30;perturbée;SIGNIFICANT_DELAYS;20220421T222000;20220422T030000;14ba970c-f928-11ec-baf9-005056a47b86;" / Ligne H : Paris Nord - Pontoise 03/01-16/12 / <p>Période : en soirée<br>Dates : du lundi 03 janvier au vendredi 16 décembre 2022, sauf les week-ends, le mardi 21 juin et les jours féries.<br>Le trafic est interrompu entre Paris Gare du Nord et Pontoise.<br>Un service de bus de remplacement est mis en place, avec desserte des gares intermédiaires.<br><a href=""https://transilien.com/sites/transilien/files/2022-02/20220627-h-paris-pontoise-du27juinau16decembre.pdf"" target=""_blank"">Pour plus d'informations sur les horaires du lundi 27 juin au vendredi 16 décembre sauf les jours fériés, cliquez ici pour télécharger l'affiche PDF.</a><br>Les horaires du calculateur d'itinéraire  tiennent compte des travaux.<br>Motif : travaux.</p>";20220701T122508;Transilien Train Transilien H;14ba970c-f928-11ec-baf9-005056a47b86;travaux
active;Incidents;30;perturbée;SIGNIFICANT_DELAYS;20220420T222000;20220421T030000;14ba970c-f928-11ec-baf9-005056a47b86;" / Ligne H : Paris Nord - Pontoise 03/01-16/12 / <p>Période : en soirée<br>Dates : du lundi 03 janvier au vendredi 16 décembre 2022, sauf les week-ends, le mardi 21 juin et les jours féries.<br>Le trafic est interrompu entre Paris Gare du Nord et Pontoise.<br>Un service de bus de remplacement est mis en place, avec desserte des gares intermédiaires.<br><a href=""https://transilien.com/sites/transilien/files/2022-02/20220627-h-paris-pontoise-du27juinau16decembre.pdf"" target=""_blank"">Pour plus d'informations sur les horaires du lundi 27 juin au vendredi 16 décembre sauf les jours fériés, cliquez ici pour télécharger l'affiche PDF.</a><br>Les horaires du calculateur d'itinéraire  tiennent compte des travaux.<br>Motif : travaux.</p>";20220701T122508;Transilien Train Transilien H;14ba970c-f928-11ec-baf9-005056a47b86;travaux
active;Incidents;30;perturbée;SIGNIFICANT_DELAYS;20220419T222000;20220420T030000;14ba970c-f928-11ec-baf9-005056a47b86;" / Ligne H : Paris Nord - Pontoise 03/01-16/12 / <p>Période : en soirée<br>Dates : du lundi 03 janvier au vendredi 16 décembre 2022, sauf les week-ends, le mardi 21 juin et les jours féries.<br>Le trafic est interrompu entre Paris Gare du Nord et Pontoise.<br>Un service de bus de remplacement est mis en place, avec desserte des gares intermédiaires.<br><a href=""https://transilien.com/sites/transilien/files/2022-02/20220627-h-paris-pontoise-du27juinau16decembre.pdf"" target=""_blank"">Pour plus d'informations sur les horaires du lundi 27 juin au vendredi 16 décembre sauf les jours fériés, cliquez ici pour télécharger l'affiche PDF.</a><br>Les horaires du calculateur d'itinéraire  tiennent compte des travaux.<br>Motif : travaux.</p>";20220701T122508;Transilien Train Transilien H;14ba970c-f928-11ec-baf9-005056a47b86;travaux
active;Incidents;30;perturbée;SIGNIFICANT_DELAYS;20220418T222000;20220419T030000;14ba970c-f928-11ec-baf9-005056a47b86;" / Ligne H : Paris Nord - Pontoise 03/01-16/12 / <p>Période : en soirée<br>Dates : du lundi 03 janvier au vendredi 16 décembre 2022, sauf les week-ends, le mardi 21 juin et les jours féries.<br>Le trafic est interrompu entre Paris Gare du Nord et Pontoise.<br>Un service de bus de remplacement est mis en place, avec desserte des gares intermédiaires.<br><a href=""https://transilien.com/sites/transilien/files/2022-02/20220627-h-paris-pontoise-du27juinau16decembre.pdf"" target=""_blank"">Pour plus d'informations sur les horaires du lundi 27 juin au vendredi 16 décembre sauf les jours fériés, cliquez ici pour télécharger l'affiche PDF.</a><br>Les horaires du calculateur d'itinéraire  tiennent compte des travaux.<br>Motif : travaux.</p>";20220701T122508;Transilien Train Transilien H;14ba970c-f928-11ec-baf9-005056a47b86;travaux
active;Incidents;30;perturbée;SIGNIFICANT_DELAYS;20220415T222000;20220416T030000;14ba970c-f928-11ec-baf9-005056a47b86;" / Ligne H : Paris Nord - Pontoise 03/01-16/12 / <p>Période : en soirée<br>Dates : du lundi 03 janvier au vendredi 16 décembre 2022, sauf les week-ends, le mardi 21 juin et les jours féries.<br>Le trafic est interrompu entre Paris Gare du Nord et Pontoise.<br>Un service de bus de remplacement est mis en place, avec desserte des gares intermédiaires.<br><a href=""https://transilien.com/sites/transilien/files/2022-02/20220627-h-paris-pontoise-du27juinau16decembre.pdf"" target=""_blank"">Pour plus d'informations sur les horaires du lundi 27 juin au vendredi 16 décembre sauf les jours fériés, cliquez ici pour télécharger l'affiche PDF.</a><br>Les horaires du calculateur d'itinéraire  tiennent compte des travaux.<br>Motif : travaux.</p>";20220701T122508;Transilien Train Transilien H;14ba970c-f928-11ec-baf9-005056a47b86;travaux
active;Incidents;30;perturbée;SIGNIFICANT_DELAYS;20220414T222000;20220415T030000;14ba970c-f928-11ec-baf9-005056a47b86;" / Ligne H : Paris Nord - Pontoise 03/01-16/12 / <p>Période : en soirée<br>Dates : du lundi 03 janvier au vendredi 16 décembre 2022, sauf les week-ends, le mardi 21 juin et les jours féries.<br>Le trafic est interrompu entre Paris Gare du Nord et Pontoise.<br>Un service de bus de remplacement est mis en place, avec desserte des gares intermédiaires.<br><a href=""https://transilien.com/sites/transilien/files/2022-02/20220627-h-paris-pontoise-du27juinau16decembre.pdf"" target=""_blank"">Pour plus d'informations sur les horaires du lundi 27 juin au vendredi 16 décembre sauf les jours fériés, cliquez ici pour télécharger l'affiche PDF.</a><br>Les horaires du calculateur d'itinéraire  tiennent compte des travaux.<br>Motif : travaux.</p>";20220701T122508;Transilien Train Transilien H;14ba970c-f928-11ec-baf9-005056a47b86;travaux
active;Incidents;30;perturbée;SIGNIFICANT_DELAYS;20220413T222000;20220414T030000;14ba970c-f928-11ec-baf9-005056a47b86;" / Ligne H : Paris Nord - Pontoise 03/01-16/12 / <p>Période : en soirée<br>Dates : du lundi 03 janvier au vendredi 16 décembre 2022, sauf les week-ends, le mardi 21 juin et les jours féries.<br>Le trafic est interrompu entre Paris Gare du Nord et Pontoise.<br>Un service de bus de remplacement est mis en place, avec desserte des gares intermédiaires.<br><a href=""https://transilien.com/sites/transilien/files/2022-02/20220627-h-paris-pontoise-du27juinau16decembre.pdf"" target=""_blank"">Pour plus d'informations sur les horaires du lundi 27 juin au vendredi 16 décembre sauf les jours fériés, cliquez ici pour télécharger l'affiche PDF.</a><br>Les horaires du calculateur d'itinéraire  tiennent compte des travaux.<br>Motif : travaux.</p>";20220701T122508;Transilien Train Transilien H;14ba970c-f928-11ec-baf9-005056a47b86;travaux
active;Incidents;30;perturbée;SIGNIFICANT_DELAYS;20220412T222000;20220413T030000;14ba970c-f928-11ec-baf9-005056a47b86;" / Ligne H : Paris Nord - Pontoise 03/01-16/12 / <p>Période : en soirée<br>Dates : du lundi 03 janvier au vendredi 16 décembre 2022, sauf les week-ends, le mardi 21 juin et les jours féries.<br>Le trafic est interrompu entre Paris Gare du Nord et Pontoise.<br>Un service de bus de remplacement est mis en place, avec desserte des gares intermédiaires.<br><a href=""https://transilien.com/sites/transilien/files/2022-02/20220627-h-paris-pontoise-du27juinau16decembre.pdf"" target=""_blank"">Pour plus d'informations sur les horaires du lundi 27 juin au vendredi 16 décembre sauf les jours fériés, cliquez ici pour télécharger l'affiche PDF.</a><br>Les horaires du calculateur d'itinéraire  tiennent compte des travaux.<br>Motif : travaux.</p>";20220701T122508;Transilien Train Transilien H;14ba970c-f928-11ec-baf9-005056a47b86;travaux
active;Incidents;30;perturbée;SIGNIFICANT_DELAYS;20220411T222000;20220412T030000;14ba970c-f928-11ec-baf9-005056a47b86;" / Ligne H : Paris Nord - Pontoise 03/01-16/12 / <p>Période : en soirée<br>Dates : du lundi 03 janvier au vendredi 16 décembre 2022, sauf les week-ends, le mardi 21 juin et les jours féries.<br>Le trafic est interrompu entre Paris Gare du Nord et Pontoise.<br>Un service de bus de remplacement est mis en place, avec desserte des gares intermédiaires.<br><a href=""https://transilien.com/sites/transilien/files/2022-02/20220627-h-paris-pontoise-du27juinau16decembre.pdf"" target=""_blank"">Pour plus d'informations sur les horaires du lundi 27 juin au vendredi 16 décembre sauf les jours fériés, cliquez ici pour télécharger l'affiche PDF.</a><br>Les horaires du calculateur d'itinéraire  tiennent compte des travaux.<br>Motif : travaux.</p>";20220701T122508;Transilien Train Transilien H;14ba970c-f928-11ec-baf9-005056a47b86;travaux
active;Incidents;30;perturbée;SIGNIFICANT_DELAYS;20220408T222000;20220409T030000;14ba970c-f928-11ec-baf9-005056a47b86;" / Ligne H : Paris Nord - Pontoise 03/01-16/12 / <p>Période : en soirée<br>Dates : du lundi 03 janvier au vendredi 16 décembre 2022, sauf les week-ends, le mardi 21 juin et les jours féries.<br>Le trafic est interrompu entre Paris Gare du Nord et Pontoise.<br>Un service de bus de remplacement est mis en place, avec desserte des gares intermédiaires.<br><a href=""https://transilien.com/sites/transilien/files/2022-02/20220627-h-paris-pontoise-du27juinau16decembre.pdf"" target=""_blank"">Pour plus d'informations sur les horaires du lundi 27 juin au vendredi 16 décembre sauf les jours fériés, cliquez ici pour télécharger l'affiche PDF.</a><br>Les horaires du calculateur d'itinéraire  tiennent compte des travaux.<br>Motif : travaux.</p>";20220701T122508;Transilien Train Transilien H;14ba970c-f928-11ec-baf9-005056a47b86;travaux
active;Incidents;30;perturbée;SIGNIFICANT_DELAYS;20220407T222000;20220408T030000;14ba970c-f928-11ec-baf9-005056a47b86;" / Ligne H : Paris Nord - Pontoise 03/01-16/12 / <p>Période : en soirée<br>Dates : du lundi 03 janvier au vendredi 16 décembre 2022, sauf les week-ends, le mardi 21 juin et les jours féries.<br>Le trafic est interrompu entre Paris Gare du Nord et Pontoise.<br>Un service de bus de remplacement est mis en place, avec desserte des gares intermédiaires.<br><a href=""https://transilien.com/sites/transilien/files/2022-02/20220627-h-paris-pontoise-du27juinau16decembre.pdf"" target=""_blank"">Pour plus d'informations sur les horaires du lundi 27 juin au vendredi 16 décembre sauf les jours fériés, cliquez ici pour télécharger l'affiche PDF.</a><br>Les horaires du calculateur d'itinéraire  tiennent compte des travaux.<br>Motif : travaux.</p>";20220701T122508;Transilien Train Transilien H;14ba970c-f928-11ec-baf9-005056a47b86;travaux
active;Incidents;30;perturbée;SIGNIFICANT_DELAYS;20220406T222000;20220407T030000;14ba970c-f928-11ec-baf9-005056a47b86;" / Ligne H : Paris Nord - Pontoise 03/01-16/12 / <p>Période : en soirée<br>Dates : du lundi 03 janvier au vendredi 16 décembre 2022, sauf les week-ends, le mardi 21 juin et les jours féries.<br>Le trafic est interrompu entre Paris Gare du Nord et Pontoise.<br>Un service de bus de remplacement est mis en place, avec desserte des gares intermédiaires.<br><a href=""https://transilien.com/sites/transilien/files/2022-02/20220627-h-paris-pontoise-du27juinau16decembre.pdf"" target=""_blank"">Pour plus d'informations sur les horaires du lundi 27 juin au vendredi 16 décembre sauf les jours fériés, cliquez ici pour télécharger l'affiche PDF.</a><br>Les horaires du calculateur d'itinéraire  tiennent compte des travaux.<br>Motif : travaux.</p>";20220701T122508;Transilien Train Transilien H;14ba970c-f928-11ec-baf9-005056a47b86;travaux
active;Incidents;30;perturbée;SIGNIFICANT_DELAYS;20220405T222000;20220406T030000;14ba970c-f928-11ec-baf9-005056a47b86;" / Ligne H : Paris Nord - Pontoise 03/01-16/12 / <p>Période : en soirée<br>Dates : du lundi 03 janvier au vendredi 16 décembre 2022, sauf les week-ends, le mardi 21 juin et les jours féries.<br>Le trafic est interrompu entre Paris Gare du Nord et Pontoise.<br>Un service de bus de remplacement est mis en place, avec desserte des gares intermédiaires.<br><a href=""https://transilien.com/sites/transilien/files/2022-02/20220627-h-paris-pontoise-du27juinau16decembre.pdf"" target=""_blank"">Pour plus d'informations sur les horaires du lundi 27 juin au vendredi 16 décembre sauf les jours fériés, cliquez ici pour télécharger l'affiche PDF.</a><br>Les horaires du calculateur d'itinéraire  tiennent compte des travaux.<br>Motif : travaux.</p>";20220701T122508;Transilien Train Transilien H;14ba970c-f928-11ec-baf9-005056a47b86;travaux
active;Incidents;30;perturbée;SIGNIFICANT_DELAYS;20220404T222000;20220405T030000;14ba970c-f928-11ec-baf9-005056a47b86;" / Ligne H : Paris Nord - Pontoise 03/01-16/12 / <p>Période : en soirée<br>Dates : du lundi 03 janvier au vendredi 16 décembre 2022, sauf les week-ends, le mardi 21 juin et les jours féries.<br>Le trafic est interrompu entre Paris Gare du Nord et Pontoise.<br>Un service de bus de remplacement est mis en place, avec desserte des gares intermédiaires.<br><a href=""https://transilien.com/sites/transilien/files/2022-02/20220627-h-paris-pontoise-du27juinau16decembre.pdf"" target=""_blank"">Pour plus d'informations sur les horaires du lundi 27 juin au vendredi 16 décembre sauf les jours fériés, cliquez ici pour télécharger l'affiche PDF.</a><br>Les horaires du calculateur d'itinéraire  tiennent compte des travaux.<br>Motif : travaux.</p>";20220701T122508;Transilien Train Transilien H;14ba970c-f928-11ec-baf9-005056a47b86;travaux
active;Incidents;30;perturbée;SIGNIFICANT_DELAYS;20220401T222000;20220402T030000;14ba970c-f928-11ec-baf9-005056a47b86;" / Ligne H : Paris Nord - Pontoise 03/01-16/12 / <p>Période : en soirée<br>Dates : du lundi 03 janvier au vendredi 16 décembre 2022, sauf les week-ends, le mardi 21 juin et les jours féries.<br>Le trafic est interrompu entre Paris Gare du Nord et Pontoise.<br>Un service de bus de remplacement est mis en place, avec desserte des gares intermédiaires.<br><a href=""https://transilien.com/sites/transilien/files/2022-02/20220627-h-paris-pontoise-du27juinau16decembre.pdf"" target=""_blank"">Pour plus d'informations sur les horaires du lundi 27 juin au vendredi 16 décembre sauf les jours fériés, cliquez ici pour télécharger l'affiche PDF.</a><br>Les horaires du calculateur d'itinéraire  tiennent compte des travaux.<br>Motif : travaux.</p>";20220701T122508;Transilien Train Transilien H;14ba970c-f928-11ec-baf9-005056a47b86;travaux
active;Incidents;30;perturbée;SIGNIFICANT_DELAYS;20220331T222000;20220401T030000;14ba970c-f928-11ec-baf9-005056a47b86;" / Ligne H : Paris Nord - Pontoise 03/01-16/12 / <p>Période : en soirée<br>Dates : du lundi 03 janvier au vendredi 16 décembre 2022, sauf les week-ends, le mardi 21 juin et les jours féries.<br>Le trafic est interrompu entre Paris Gare du Nord et Pontoise.<br>Un service de bus de remplacement est mis en place, avec desserte des gares intermédiaires.<br><a href=""https://transilien.com/sites/transilien/files/2022-02/20220627-h-paris-pontoise-du27juinau16decembre.pdf"" target=""_blank"">Pour plus d'informations sur les horaires du lundi 27 juin au vendredi 16 décembre sauf les jours fériés, cliquez ici pour télécharger l'affiche PDF.</a><br>Les horaires du calculateur d'itinéraire  tiennent compte des travaux.<br>Motif : travaux.</p>";20220701T122508;Transilien Train Transilien H;14ba970c-f928-11ec-baf9-005056a47b86;travaux
active;Incidents;30;perturbée;SIGNIFICANT_DELAYS;20220330T222000;20220331T030000;14ba970c-f928-11ec-baf9-005056a47b86;" / Ligne H : Paris Nord - Pontoise 03/01-16/12 / <p>Période : en soirée<br>Dates : du lundi 03 janvier au vendredi 16 décembre 2022, sauf les week-ends, le mardi 21 juin et les jours féries.<br>Le trafic est interrompu entre Paris Gare du Nord et Pontoise.<br>Un service de bus de remplacement est mis en place, avec desserte des gares intermédiaires.<br><a href=""https://transilien.com/sites/transilien/files/2022-02/20220627-h-paris-pontoise-du27juinau16decembre.pdf"" target=""_blank"">Pour plus d'informations sur les horaires du lundi 27 juin au vendredi 16 décembre sauf les jours fériés, cliquez ici pour télécharger l'affiche PDF.</a><br>Les horaires du calculateur d'itinéraire  tiennent compte des travaux.<br>Motif : travaux.</p>";20220701T122508;Transilien Train Transilien H;14ba970c-f928-11ec-baf9-005056a47b86;travaux
active;Incidents;30;perturbée;SIGNIFICANT_DELAYS;20220329T222000;20220330T030000;14ba970c-f928-11ec-baf9-005056a47b86;" / Ligne H : Paris Nord - Pontoise 03/01-16/12 / <p>Période : en soirée<br>Dates : du lundi 03 janvier au vendredi 16 décembre 2022, sauf les week-ends, le mardi 21 juin et les jours féries.<br>Le trafic est interrompu entre Paris Gare du Nord et Pontoise.<br>Un service de bus de remplacement est mis en place, avec desserte des gares intermédiaires.<br><a href=""https://transilien.com/sites/transilien/files/2022-02/20220627-h-paris-pontoise-du27juinau16decembre.pdf"" target=""_blank"">Pour plus d'informations sur les horaires du lundi 27 juin au vendredi 16 décembre sauf les jours fériés, cliquez ici pour télécharger l'affiche PDF.</a><br>Les horaires du calculateur d'itinéraire  tiennent compte des travaux.<br>Motif : travaux.</p>";20220701T122508;Transilien Train Transilien H;14ba970c-f928-11ec-baf9-005056a47b86;travaux
active;Incidents;30;perturbée;SIGNIFICANT_DELAYS;20220328T222000;20220329T030000;14ba970c-f928-11ec-baf9-005056a47b86;" / Ligne H : Paris Nord - Pontoise 03/01-16/12 / <p>Période : en soirée<br>Dates : du lundi 03 janvier au vendredi 16 décembre 2022, sauf les week-ends, le mardi 21 juin et les jours féries.<br>Le trafic est interrompu entre Paris Gare du Nord et Pontoise.<br>Un service de bus de remplacement est mis en place, avec desserte des gares intermédiaires.<br><a href=""https://transilien.com/sites/transilien/files/2022-02/20220627-h-paris-pontoise-du27juinau16decembre.pdf"" target=""_blank"">Pour plus d'informations sur les horaires du lundi 27 juin au vendredi 16 décembre sauf les jours fériés, cliquez ici pour télécharger l'affiche PDF.</a><br>Les horaires du calculateur d'itinéraire  tiennent compte des travaux.<br>Motif : travaux.</p>";20220701T122508;Transilien Train Transilien H;14ba970c-f928-11ec-baf9-005056a47b86;travaux
active;Incidents;30;perturbée;SIGNIFICANT_DELAYS;20220325T222000;20220326T030000;14ba970c-f928-11ec-baf9-005056a47b86;" / Ligne H : Paris Nord - Pontoise 03/01-16/12 / <p>Période : en soirée<br>Dates : du lundi 03 janvier au vendredi 16 décembre 2022, sauf les week-ends, le mardi 21 juin et les jours féries.<br>Le trafic est interrompu entre Paris Gare du Nord et Pontoise.<br>Un service de bus de remplacement est mis en place, avec desserte des gares intermédiaires.<br><a href=""https://transilien.com/sites/transilien/files/2022-02/20220627-h-paris-pontoise-du27juinau16decembre.pdf"" target=""_blank"">Pour plus d'informations sur les horaires du lundi 27 juin au vendredi 16 décembre sauf les jours fériés, cliquez ici pour télécharger l'affiche PDF.</a><br>Les horaires du calculateur d'itinéraire  tiennent compte des travaux.<br>Motif : travaux.</p>";20220701T122508;Transilien Train Transilien H;14ba970c-f928-11ec-baf9-005056a47b86;travaux
active;Incidents;30;perturbée;SIGNIFICANT_DELAYS;20220324T222000;20220325T030000;14ba970c-f928-11ec-baf9-005056a47b86;" / Ligne H : Paris Nord - Pontoise 03/01-16/12 / <p>Période : en soirée<br>Dates : du lundi 03 janvier au vendredi 16 décembre 2022, sauf les week-ends, le mardi 21 juin et les jours féries.<br>Le trafic est interrompu entre Paris Gare du Nord et Pontoise.<br>Un service de bus de remplacement est mis en place, avec desserte des gares intermédiaires.<br><a href=""https://transilien.com/sites/transilien/files/2022-02/20220627-h-paris-pontoise-du27juinau16decembre.pdf"" target=""_blank"">Pour plus d'informations sur les horaires du lundi 27 juin au vendredi 16 décembre sauf les jours fériés, cliquez ici pour télécharger l'affiche PDF.</a><br>Les horaires du calculateur d'itinéraire  tiennent compte des travaux.<br>Motif : travaux.</p>";20220701T122508;Transilien Train Transilien H;14ba970c-f928-11ec-baf9-005056a47b86;travaux
active;Incidents;30;perturbée;SIGNIFICANT_DELAYS;20220323T222000;20220324T030000;14ba970c-f928-11ec-baf9-005056a47b86;" / Ligne H : Paris Nord - Pontoise 03/01-16/12 / <p>Période : en soirée<br>Dates : du lundi 03 janvier au vendredi 16 décembre 2022, sauf les week-ends, le mardi 21 juin et les jours féries.<br>Le trafic est interrompu entre Paris Gare du Nord et Pontoise.<br>Un service de bus de remplacement est mis en place, avec desserte des gares intermédiaires.<br><a href=""https://transilien.com/sites/transilien/files/2022-02/20220627-h-paris-pontoise-du27juinau16decembre.pdf"" target=""_blank"">Pour plus d'informations sur les horaires du lundi 27 juin au vendredi 16 décembre sauf les jours fériés, cliquez ici pour télécharger l'affiche PDF.</a><br>Les horaires du calculateur d'itinéraire  tiennent compte des travaux.<br>Motif : travaux.</p>";20220701T122508;Transilien Train Transilien H;14ba970c-f928-11ec-baf9-005056a47b86;travaux
active;Incidents;30;perturbée;SIGNIFICANT_DELAYS;20220322T222000;20220323T030000;14ba970c-f928-11ec-baf9-005056a47b86;" / Ligne H : Paris Nord - Pontoise 03/01-16/12 / <p>Période : en soirée<br>Dates : du lundi 03 janvier au vendredi 16 décembre 2022, sauf les week-ends, le mardi 21 juin et les jours féries.<br>Le trafic est interrompu entre Paris Gare du Nord et Pontoise.<br>Un service de bus de remplacement est mis en place, avec desserte des gares intermédiaires.<br><a href=""https://transilien.com/sites/transilien/files/2022-02/20220627-h-paris-pontoise-du27juinau16decembre.pdf"" target=""_blank"">Pour plus d'informations sur les horaires du lundi 27 juin au vendredi 16 décembre sauf les jours fériés, cliquez ici pour télécharger l'affiche PDF.</a><br>Les horaires du calculateur d'itinéraire  tiennent compte des travaux.<br>Motif : travaux.</p>";20220701T122508;Transilien Train Transilien H;14ba970c-f928-11ec-baf9-005056a47b86;travaux
active;Incidents;30;perturbée;SIGNIFICANT_DELAYS;20220321T222000;20220322T030000;14ba970c-f928-11ec-baf9-005056a47b86;" / Ligne H : Paris Nord - Pontoise 03/01-16/12 / <p>Période : en soirée<br>Dates : du lundi 03 janvier au vendredi 16 décembre 2022, sauf les week-ends, le mardi 21 juin et les jours féries.<br>Le trafic est interrompu entre Paris Gare du Nord et Pontoise.<br>Un service de bus de remplacement est mis en place, avec desserte des gares intermédiaires.<br><a href=""https://transilien.com/sites/transilien/files/2022-02/20220627-h-paris-pontoise-du27juinau16decembre.pdf"" target=""_blank"">Pour plus d'informations sur les horaires du lundi 27 juin au vendredi 16 décembre sauf les jours fériés, cliquez ici pour télécharger l'affiche PDF.</a><br>Les horaires du calculateur d'itinéraire  tiennent compte des travaux.<br>Motif : travaux.</p>";20220701T122508;Transilien Train Transilien H;14ba970c-f928-11ec-baf9-005056a47b86;travaux
active;Incidents;30;perturbée;SIGNIFICANT_DELAYS;20220318T222000;20220319T030000;14ba970c-f928-11ec-baf9-005056a47b86;" / Ligne H : Paris Nord - Pontoise 03/01-16/12 / <p>Période : en soirée<br>Dates : du lundi 03 janvier au vendredi 16 décembre 2022, sauf les week-ends, le mardi 21 juin et les jours féries.<br>Le trafic est interrompu entre Paris Gare du Nord et Pontoise.<br>Un service de bus de remplacement est mis en place, avec desserte des gares intermédiaires.<br><a href=""https://transilien.com/sites/transilien/files/2022-02/20220627-h-paris-pontoise-du27juinau16decembre.pdf"" target=""_blank"">Pour plus d'informations sur les horaires du lundi 27 juin au vendredi 16 décembre sauf les jours fériés, cliquez ici pour télécharger l'affiche PDF.</a><br>Les horaires du calculateur d'itinéraire  tiennent compte des travaux.<br>Motif : travaux.</p>";20220701T122508;Transilien Train Transilien H;14ba970c-f928-11ec-baf9-005056a47b86;travaux
active;Incidents;30;perturbée;SIGNIFICANT_DELAYS;20220317T222000;20220318T030000;14ba970c-f928-11ec-baf9-005056a47b86;" / Ligne H : Paris Nord - Pontoise 03/01-16/12 / <p>Période : en soirée<br>Dates : du lundi 03 janvier au vendredi 16 décembre 2022, sauf les week-ends, le mardi 21 juin et les jours féries.<br>Le trafic est interrompu entre Paris Gare du Nord et Pontoise.<br>Un service de bus de remplacement est mis en place, avec desserte des gares intermédiaires.<br><a href=""https://transilien.com/sites/transilien/files/2022-02/20220627-h-paris-pontoise-du27juinau16decembre.pdf"" target=""_blank"">Pour plus d'informations sur les horaires du lundi 27 juin au vendredi 16 décembre sauf les jours fériés, cliquez ici pour télécharger l'affiche PDF.</a><br>Les horaires du calculateur d'itinéraire  tiennent compte des travaux.<br>Motif : travaux.</p>";20220701T122508;Transilien Train Transilien H;14ba970c-f928-11ec-baf9-005056a47b86;travaux
active;Incidents;30;perturbée;SIGNIFICANT_DELAYS;20220316T222000;20220317T030000;14ba970c-f928-11ec-baf9-005056a47b86;" / Ligne H : Paris Nord - Pontoise 03/01-16/12 / <p>Période : en soirée<br>Dates : du lundi 03 janvier au vendredi 16 décembre 2022, sauf les week-ends, le mardi 21 juin et les jours féries.<br>Le trafic est interrompu entre Paris Gare du Nord et Pontoise.<br>Un service de bus de remplacement est mis en place, avec desserte des gares intermédiaires.<br><a href=""https://transilien.com/sites/transilien/files/2022-02/20220627-h-paris-pontoise-du27juinau16decembre.pdf"" target=""_blank"">Pour plus d'informations sur les horaires du lundi 27 juin au vendredi 16 décembre sauf les jours fériés, cliquez ici pour télécharger l'affiche PDF.</a><br>Les horaires du calculateur d'itinéraire  tiennent compte des travaux.<br>Motif : travaux.</p>";20220701T122508;Transilien Train Transilien H;14ba970c-f928-11ec-baf9-005056a47b86;travaux
active;Incidents;30;perturbée;SIGNIFICANT_DELAYS;20220315T222000;20220316T030000;14ba970c-f928-11ec-baf9-005056a47b86;" / Ligne H : Paris Nord - Pontoise 03/01-16/12 / <p>Période : en soirée<br>Dates : du lundi 03 janvier au vendredi 16 décembre 2022, sauf les week-ends, le mardi 21 juin et les jours féries.<br>Le trafic est interrompu entre Paris Gare du Nord et Pontoise.<br>Un service de bus de remplacement est mis en place, avec desserte des gares intermédiaires.<br><a href=""https://transilien.com/sites/transilien/files/2022-02/20220627-h-paris-pontoise-du27juinau16decembre.pdf"" target=""_blank"">Pour plus d'informations sur les horaires du lundi 27 juin au vendredi 16 décembre sauf les jours fériés, cliquez ici pour télécharger l'affiche PDF.</a><br>Les horaires du calculateur d'itinéraire  tiennent compte des travaux.<br>Motif : travaux.</p>";20220701T122508;Transilien Train Transilien H;14ba970c-f928-11ec-baf9-005056a47b86;travaux
active;Incidents;30;perturbée;SIGNIFICANT_DELAYS;20220314T222000;20220315T030000;14ba970c-f928-11ec-baf9-005056a47b86;" / Ligne H : Paris Nord - Pontoise 03/01-16/12 / <p>Période : en soirée<br>Dates : du lundi 03 janvier au vendredi 16 décembre 2022, sauf les week-ends, le mardi 21 juin et les jours féries.<br>Le trafic est interrompu entre Paris Gare du Nord et Pontoise.<br>Un service de bus de remplacement est mis en place, avec desserte des gares intermédiaires.<br><a href=""https://transilien.com/sites/transilien/files/2022-02/20220627-h-paris-pontoise-du27juinau16decembre.pdf"" target=""_blank"">Pour plus d'informations sur les horaires du lundi 27 juin au vendredi 16 décembre sauf les jours fériés, cliquez ici pour télécharger l'affiche PDF.</a><br>Les horaires du calculateur d'itinéraire  tiennent compte des travaux.<br>Motif : travaux.</p>";20220701T122508;Transilien Train Transilien H;14ba970c-f928-11ec-baf9-005056a47b86;travaux
active;Incidents;30;perturbée;SIGNIFICANT_DELAYS;20220311T222000;20220312T030000;14ba970c-f928-11ec-baf9-005056a47b86;" / Ligne H : Paris Nord - Pontoise 03/01-16/12 / <p>Période : en soirée<br>Dates : du lundi 03 janvier au vendredi 16 décembre 2022, sauf les week-ends, le mardi 21 juin et les jours féries.<br>Le trafic est interrompu entre Paris Gare du Nord et Pontoise.<br>Un service de bus de remplacement est mis en place, avec desserte des gares intermédiaires.<br><a href=""https://transilien.com/sites/transilien/files/2022-02/20220627-h-paris-pontoise-du27juinau16decembre.pdf"" target=""_blank"">Pour plus d'informations sur les horaires du lundi 27 juin au vendredi 16 décembre sauf les jours fériés, cliquez ici pour télécharger l'affiche PDF.</a><br>Les horaires du calculateur d'itinéraire  tiennent compte des travaux.<br>Motif : travaux.</p>";20220701T122508;Transilien Train Transilien H;14ba970c-f928-11ec-baf9-005056a47b86;travaux
active;Incidents;30;perturbée;SIGNIFICANT_DELAYS;20220310T222000;20220311T030000;14ba970c-f928-11ec-baf9-005056a47b86;" / Ligne H : Paris Nord - Pontoise 03/01-16/12 / <p>Période : en soirée<br>Dates : du lundi 03 janvier au vendredi 16 décembre 2022, sauf les week-ends, le mardi 21 juin et les jours féries.<br>Le trafic est interrompu entre Paris Gare du Nord et Pontoise.<br>Un service de bus de remplacement est mis en place, avec desserte des gares intermédiaires.<br><a href=""https://transilien.com/sites/transilien/files/2022-02/20220627-h-paris-pontoise-du27juinau16decembre.pdf"" target=""_blank"">Pour plus d'informations sur les horaires du lundi 27 juin au vendredi 16 décembre sauf les jours fériés, cliquez ici pour télécharger l'affiche PDF.</a><br>Les horaires du calculateur d'itinéraire  tiennent compte des travaux.<br>Motif : travaux.</p>";20220701T122508;Transilien Train Transilien H;14ba970c-f928-11ec-baf9-005056a47b86;travaux
active;Incidents;30;perturbée;SIGNIFICANT_DELAYS;20220309T222000;20220310T030000;14ba970c-f928-11ec-baf9-005056a47b86;" / Ligne H : Paris Nord - Pontoise 03/01-16/12 / <p>Période : en soirée<br>Dates : du lundi 03 janvier au vendredi 16 décembre 2022, sauf les week-ends, le mardi 21 juin et les jours féries.<br>Le trafic est interrompu entre Paris Gare du Nord et Pontoise.<br>Un service de bus de remplacement est mis en place, avec desserte des gares intermédiaires.<br><a href=""https://transilien.com/sites/transilien/files/2022-02/20220627-h-paris-pontoise-du27juinau16decembre.pdf"" target=""_blank"">Pour plus d'informations sur les horaires du lundi 27 juin au vendredi 16 décembre sauf les jours fériés, cliquez ici pour télécharger l'affiche PDF.</a><br>Les horaires du calculateur d'itinéraire  tiennent compte des travaux.<br>Motif : travaux.</p>";20220701T122508;Transilien Train Transilien H;14ba970c-f928-11ec-baf9-005056a47b86;travaux
active;Incidents;30;perturbée;SIGNIFICANT_DELAYS;20220308T222000;20220309T030000;14ba970c-f928-11ec-baf9-005056a47b86;" / Ligne H : Paris Nord - Pontoise 03/01-16/12 / <p>Période : en soirée<br>Dates : du lundi 03 janvier au vendredi 16 décembre 2022, sauf les week-ends, le mardi 21 juin et les jours féries.<br>Le trafic est interrompu entre Paris Gare du Nord et Pontoise.<br>Un service de bus de remplacement est mis en place, avec desserte des gares intermédiaires.<br><a href=""https://transilien.com/sites/transilien/files/2022-02/20220627-h-paris-pontoise-du27juinau16decembre.pdf"" target=""_blank"">Pour plus d'informations sur les horaires du lundi 27 juin au vendredi 16 décembre sauf les jours fériés, cliquez ici pour télécharger l'affiche PDF.</a><br>Les horaires du calculateur d'itinéraire  tiennent compte des travaux.<br>Motif : travaux.</p>";20220701T122508;Transilien Train Transilien H;14ba970c-f928-11ec-baf9-005056a47b86;travaux
active;Incidents;30;perturbée;SIGNIFICANT_DELAYS;20220307T222000;20220308T030000;14ba970c-f928-11ec-baf9-005056a47b86;" / Ligne H : Paris Nord - Pontoise 03/01-16/12 / <p>Période : en soirée<br>Dates : du lundi 03 janvier au vendredi 16 décembre 2022, sauf les week-ends, le mardi 21 juin et les jours féries.<br>Le trafic est interrompu entre Paris Gare du Nord et Pontoise.<br>Un service de bus de remplacement est mis en place, avec desserte des gares intermédiaires.<br><a href=""https://transilien.com/sites/transilien/files/2022-02/20220627-h-paris-pontoise-du27juinau16decembre.pdf"" target=""_blank"">Pour plus d'informations sur les horaires du lundi 27 juin au vendredi 16 décembre sauf les jours fériés, cliquez ici pour télécharger l'affiche PDF.</a><br>Les horaires du calculateur d'itinéraire  tiennent compte des travaux.<br>Motif : travaux.</p>";20220701T122508;Transilien Train Transilien H;14ba970c-f928-11ec-baf9-005056a47b86;travaux
active;Incidents;30;perturbée;SIGNIFICANT_DELAYS;20220304T222000;20220305T030000;14ba970c-f928-11ec-baf9-005056a47b86;" / Ligne H : Paris Nord - Pontoise 03/01-16/12 / <p>Période : en soirée<br>Dates : du lundi 03 janvier au vendredi 16 décembre 2022, sauf les week-ends, le mardi 21 juin et les jours féries.<br>Le trafic est interrompu entre Paris Gare du Nord et Pontoise.<br>Un service de bus de remplacement est mis en place, avec desserte des gares intermédiaires.<br><a href=""https://transilien.com/sites/transilien/files/2022-02/20220627-h-paris-pontoise-du27juinau16decembre.pdf"" target=""_blank"">Pour plus d'informations sur les horaires du lundi 27 juin au vendredi 16 décembre sauf les jours fériés, cliquez ici pour télécharger l'affiche PDF.</a><br>Les horaires du calculateur d'itinéraire  tiennent compte des travaux.<br>Motif : travaux.</p>";20220701T122508;Transilien Train Transilien H;14ba970c-f928-11ec-baf9-005056a47b86;travaux
active;Incidents;30;perturbée;SIGNIFICANT_DELAYS;20220303T222000;20220304T030000;14ba970c-f928-11ec-baf9-005056a47b86;" / Ligne H : Paris Nord - Pontoise 03/01-16/12 / <p>Période : en soirée<br>Dates : du lundi 03 janvier au vendredi 16 décembre 2022, sauf les week-ends, le mardi 21 juin et les jours féries.<br>Le trafic est interrompu entre Paris Gare du Nord et Pontoise.<br>Un service de bus de remplacement est mis en place, avec desserte des gares intermédiaires.<br><a href=""https://transilien.com/sites/transilien/files/2022-02/20220627-h-paris-pontoise-du27juinau16decembre.pdf"" target=""_blank"">Pour plus d'informations sur les horaires du lundi 27 juin au vendredi 16 décembre sauf les jours fériés, cliquez ici pour télécharger l'affiche PDF.</a><br>Les horaires du calculateur d'itinéraire  tiennent compte des travaux.<br>Motif : travaux.</p>";20220701T122508;Transilien Train Transilien H;14ba970c-f928-11ec-baf9-005056a47b86;travaux
active;Incidents;30;perturbée;SIGNIFICANT_DELAYS;20220302T222000;20220303T030000;14ba970c-f928-11ec-baf9-005056a47b86;" / Ligne H : Paris Nord - Pontoise 03/01-16/12 / <p>Période : en soirée<br>Dates : du lundi 03 janvier au vendredi 16 décembre 2022, sauf les week-ends, le mardi 21 juin et les jours féries.<br>Le trafic est interrompu entre Paris Gare du Nord et Pontoise.<br>Un service de bus de remplacement est mis en place, avec desserte des gares intermédiaires.<br><a href=""https://transilien.com/sites/transilien/files/2022-02/20220627-h-paris-pontoise-du27juinau16decembre.pdf"" target=""_blank"">Pour plus d'informations sur les horaires du lundi 27 juin au vendredi 16 décembre sauf les jours fériés, cliquez ici pour télécharger l'affiche PDF.</a><br>Les horaires du calculateur d'itinéraire  tiennent compte des travaux.<br>Motif : travaux.</p>";20220701T122508;Transilien Train Transilien H;14ba970c-f928-11ec-baf9-005056a47b86;travaux
active;Incidents;30;perturbée;SIGNIFICANT_DELAYS;20220301T222000;20220302T030000;14ba970c-f928-11ec-baf9-005056a47b86;" / Ligne H : Paris Nord - Pontoise 03/01-16/12 / <p>Période : en soirée<br>Dates : du lundi 03 janvier au vendredi 16 décembre 2022, sauf les week-ends, le mardi 21 juin et les jours féries.<br>Le trafic est interrompu entre Paris Gare du Nord et Pontoise.<br>Un service de bus de remplacement est mis en place, avec desserte des gares intermédiaires.<br><a href=""https://transilien.com/sites/transilien/files/2022-02/20220627-h-paris-pontoise-du27juinau16decembre.pdf"" target=""_blank"">Pour plus d'informations sur les horaires du lundi 27 juin au vendredi 16 décembre sauf les jours fériés, cliquez ici pour télécharger l'affiche PDF.</a><br>Les horaires du calculateur d'itinéraire  tiennent compte des travaux.<br>Motif : travaux.</p>";20220701T122508;Transilien Train Transilien H;14ba970c-f928-11ec-baf9-005056a47b86;travaux
active;Incidents;30;perturbée;SIGNIFICANT_DELAYS;20220228T222000;20220301T030000;14ba970c-f928-11ec-baf9-005056a47b86;" / Ligne H : Paris Nord - Pontoise 03/01-16/12 / <p>Période : en soirée<br>Dates : du lundi 03 janvier au vendredi 16 décembre 2022, sauf les week-ends, le mardi 21 juin et les jours féries.<br>Le trafic est interrompu entre Paris Gare du Nord et Pontoise.<br>Un service de bus de remplacement est mis en place, avec desserte des gares intermédiaires.<br><a href=""https://transilien.com/sites/transilien/files/2022-02/20220627-h-paris-pontoise-du27juinau16decembre.pdf"" target=""_blank"">Pour plus d'informations sur les horaires du lundi 27 juin au vendredi 16 décembre sauf les jours fériés, cliquez ici pour télécharger l'affiche PDF.</a><br>Les horaires du calculateur d'itinéraire  tiennent compte des travaux.<br>Motif : travaux.</p>";20220701T122508;Transilien Train Transilien H;14ba970c-f928-11ec-baf9-005056a47b86;travaux
active;Incidents;30;perturbée;SIGNIFICANT_DELAYS;20220225T222000;20220226T030000;14ba970c-f928-11ec-baf9-005056a47b86;" / Ligne H : Paris Nord - Pontoise 03/01-16/12 / <p>Période : en soirée<br>Dates : du lundi 03 janvier au vendredi 16 décembre 2022, sauf les week-ends, le mardi 21 juin et les jours féries.<br>Le trafic est interrompu entre Paris Gare du Nord et Pontoise.<br>Un service de bus de remplacement est mis en place, avec desserte des gares intermédiaires.<br><a href=""https://transilien.com/sites/transilien/files/2022-02/20220627-h-paris-pontoise-du27juinau16decembre.pdf"" target=""_blank"">Pour plus d'informations sur les horaires du lundi 27 juin au vendredi 16 décembre sauf les jours fériés, cliquez ici pour télécharger l'affiche PDF.</a><br>Les horaires du calculateur d'itinéraire  tiennent compte des travaux.<br>Motif : travaux.</p>";20220701T122508;Transilien Train Transilien H;14ba970c-f928-11ec-baf9-005056a47b86;travaux
active;Incidents;30;perturbée;SIGNIFICANT_DELAYS;20220224T222000;20220225T030000;14ba970c-f928-11ec-baf9-005056a47b86;" / Ligne H : Paris Nord - Pontoise 03/01-16/12 / <p>Période : en soirée<br>Dates : du lundi 03 janvier au vendredi 16 décembre 2022, sauf les week-ends, le mardi 21 juin et les jours féries.<br>Le trafic est interrompu entre Paris Gare du Nord et Pontoise.<br>Un service de bus de remplacement est mis en place, avec desserte des gares intermédiaires.<br><a href=""https://transilien.com/sites/transilien/files/2022-02/20220627-h-paris-pontoise-du27juinau16decembre.pdf"" target=""_blank"">Pour plus d'informations sur les horaires du lundi 27 juin au vendredi 16 décembre sauf les jours fériés, cliquez ici pour télécharger l'affiche PDF.</a><br>Les horaires du calculateur d'itinéraire  tiennent compte des travaux.<br>Motif : travaux.</p>";20220701T122508;Transilien Train Transilien H;14ba970c-f928-11ec-baf9-005056a47b86;travaux
active;Incidents;30;perturbée;SIGNIFICANT_DELAYS;20220223T222000;20220224T030000;14ba970c-f928-11ec-baf9-005056a47b86;" / Ligne H : Paris Nord - Pontoise 03/01-16/12 / <p>Période : en soirée<br>Dates : du lundi 03 janvier au vendredi 16 décembre 2022, sauf les week-ends, le mardi 21 juin et les jours féries.<br>Le trafic est interrompu entre Paris Gare du Nord et Pontoise.<br>Un service de bus de remplacement est mis en place, avec desserte des gares intermédiaires.<br><a href=""https://transilien.com/sites/transilien/files/2022-02/20220627-h-paris-pontoise-du27juinau16decembre.pdf"" target=""_blank"">Pour plus d'informations sur les horaires du lundi 27 juin au vendredi 16 décembre sauf les jours fériés, cliquez ici pour télécharger l'affiche PDF.</a><br>Les horaires du calculateur d'itinéraire  tiennent compte des travaux.<br>Motif : travaux.</p>";20220701T122508;Transilien Train Transilien H;14ba970c-f928-11ec-baf9-005056a47b86;travaux
active;Incidents;30;perturbée;SIGNIFICANT_DELAYS;20220222T222000;20220223T030000;14ba970c-f928-11ec-baf9-005056a47b86;" / Ligne H : Paris Nord - Pontoise 03/01-16/12 / <p>Période : en soirée<br>Dates : du lundi 03 janvier au vendredi 16 décembre 2022, sauf les week-ends, le mardi 21 juin et les jours féries.<br>Le trafic est interrompu entre Paris Gare du Nord et Pontoise.<br>Un service de bus de remplacement est mis en place, avec desserte des gares intermédiaires.<br><a href=""https://transilien.com/sites/transilien/files/2022-02/20220627-h-paris-pontoise-du27juinau16decembre.pdf"" target=""_blank"">Pour plus d'informations sur les horaires du lundi 27 juin au vendredi 16 décembre sauf les jours fériés, cliquez ici pour télécharger l'affiche PDF.</a><br>Les horaires du calculateur d'itinéraire  tiennent compte des travaux.<br>Motif : travaux.</p>";20220701T122508;Transilien Train Transilien H;14ba970c-f928-11ec-baf9-005056a47b86;travaux
active;Incidents;30;perturbée;SIGNIFICANT_DELAYS;20220221T222000;20220222T030000;14ba970c-f928-11ec-baf9-005056a47b86;" / Ligne H : Paris Nord - Pontoise 03/01-16/12 / <p>Période : en soirée<br>Dates : du lundi 03 janvier au vendredi 16 décembre 2022, sauf les week-ends, le mardi 21 juin et les jours féries.<br>Le trafic est interrompu entre Paris Gare du Nord et Pontoise.<br>Un service de bus de remplacement est mis en place, avec desserte des gares intermédiaires.<br><a href=""https://transilien.com/sites/transilien/files/2022-02/20220627-h-paris-pontoise-du27juinau16decembre.pdf"" target=""_blank"">Pour plus d'informations sur les horaires du lundi 27 juin au vendredi 16 décembre sauf les jours fériés, cliquez ici pour télécharger l'affiche PDF.</a><br>Les horaires du calculateur d'itinéraire  tiennent compte des travaux.<br>Motif : travaux.</p>";20220701T122508;Transilien Train Transilien H;14ba970c-f928-11ec-baf9-005056a47b86;travaux
active;Incidents;30;perturbée;SIGNIFICANT_DELAYS;20220218T222000;20220219T030000;14ba970c-f928-11ec-baf9-005056a47b86;" / Ligne H : Paris Nord - Pontoise 03/01-16/12 / <p>Période : en soirée<br>Dates : du lundi 03 janvier au vendredi 16 décembre 2022, sauf les week-ends, le mardi 21 juin et les jours féries.<br>Le trafic est interrompu entre Paris Gare du Nord et Pontoise.<br>Un service de bus de remplacement est mis en place, avec desserte des gares intermédiaires.<br><a href=""https://transilien.com/sites/transilien/files/2022-02/20220627-h-paris-pontoise-du27juinau16decembre.pdf"" target=""_blank"">Pour plus d'informations sur les horaires du lundi 27 juin au vendredi 16 décembre sauf les jours fériés, cliquez ici pour télécharger l'affiche PDF.</a><br>Les horaires du calculateur d'itinéraire  tiennent compte des travaux.<br>Motif : travaux.</p>";20220701T122508;Transilien Train Transilien H;14ba970c-f928-11ec-baf9-005056a47b86;travaux
active;Incidents;30;perturbée;SIGNIFICANT_DELAYS;20220217T222000;20220218T030000;14ba970c-f928-11ec-baf9-005056a47b86;" / Ligne H : Paris Nord - Pontoise 03/01-16/12 / <p>Période : en soirée<br>Dates : du lundi 03 janvier au vendredi 16 décembre 2022, sauf les week-ends, le mardi 21 juin et les jours féries.<br>Le trafic est interrompu entre Paris Gare du Nord et Pontoise.<br>Un service de bus de remplacement est mis en place, avec desserte des gares intermédiaires.<br><a href=""https://transilien.com/sites/transilien/files/2022-02/20220627-h-paris-pontoise-du27juinau16decembre.pdf"" target=""_blank"">Pour plus d'informations sur les horaires du lundi 27 juin au vendredi 16 décembre sauf les jours fériés, cliquez ici pour télécharger l'affiche PDF.</a><br>Les horaires du calculateur d'itinéraire  tiennent compte des travaux.<br>Motif : travaux.</p>";20220701T122508;Transilien Train Transilien H;14ba970c-f928-11ec-baf9-005056a47b86;travaux
active;Incidents;30;perturbée;SIGNIFICANT_DELAYS;20220216T222000;20220217T030000;14ba970c-f928-11ec-baf9-005056a47b86;" / Ligne H : Paris Nord - Pontoise 03/01-16/12 / <p>Période : en soirée<br>Dates : du lundi 03 janvier au vendredi 16 décembre 2022, sauf les week-ends, le mardi 21 juin et les jours féries.<br>Le trafic est interrompu entre Paris Gare du Nord et Pontoise.<br>Un service de bus de remplacement est mis en place, avec desserte des gares intermédiaires.<br><a href=""https://transilien.com/sites/transilien/files/2022-02/20220627-h-paris-pontoise-du27juinau16decembre.pdf"" target=""_blank"">Pour plus d'informations sur les horaires du lundi 27 juin au vendredi 16 décembre sauf les jours fériés, cliquez ici pour télécharger l'affiche PDF.</a><br>Les horaires du calculateur d'itinéraire  tiennent compte des travaux.<br>Motif : travaux.</p>";20220701T122508;Transilien Train Transilien H;14ba970c-f928-11ec-baf9-005056a47b86;travaux
active;Incidents;30;perturbée;SIGNIFICANT_DELAYS;20220215T222000;20220216T030000;14ba970c-f928-11ec-baf9-005056a47b86;" / Ligne H : Paris Nord - Pontoise 03/01-16/12 / <p>Période : en soirée<br>Dates : du lundi 03 janvier au vendredi 16 décembre 2022, sauf les week-ends, le mardi 21 juin et les jours féries.<br>Le trafic est interrompu entre Paris Gare du Nord et Pontoise.<br>Un service de bus de remplacement est mis en place, avec desserte des gares intermédiaires.<br><a href=""https://transilien.com/sites/transilien/files/2022-02/20220627-h-paris-pontoise-du27juinau16decembre.pdf"" target=""_blank"">Pour plus d'informations sur les horaires du lundi 27 juin au vendredi 16 décembre sauf les jours fériés, cliquez ici pour télécharger l'affiche PDF.</a><br>Les horaires du calculateur d'itinéraire  tiennent compte des travaux.<br>Motif : travaux.</p>";20220701T122508;Transilien Train Transilien H;14ba970c-f928-11ec-baf9-005056a47b86;travaux
active;Incidents;30;perturbée;SIGNIFICANT_DELAYS;20220214T222000;20220215T030000;14ba970c-f928-11ec-baf9-005056a47b86;" / Ligne H : Paris Nord - Pontoise 03/01-16/12 / <p>Période : en soirée<br>Dates : du lundi 03 janvier au vendredi 16 décembre 2022, sauf les week-ends, le mardi 21 juin et les jours féries.<br>Le trafic est interrompu entre Paris Gare du Nord et Pontoise.<br>Un service de bus de remplacement est mis en place, avec desserte des gares intermédiaires.<br><a href=""https://transilien.com/sites/transilien/files/2022-02/20220627-h-paris-pontoise-du27juinau16decembre.pdf"" target=""_blank"">Pour plus d'informations sur les horaires du lundi 27 juin au vendredi 16 décembre sauf les jours fériés, cliquez ici pour télécharger l'affiche PDF.</a><br>Les horaires du calculateur d'itinéraire  tiennent compte des travaux.<br>Motif : travaux.</p>";20220701T122508;Transilien Train Transilien H;14ba970c-f928-11ec-baf9-005056a47b86;travaux
active;Incidents;30;perturbée;SIGNIFICANT_DELAYS;20220211T222000;20220212T030000;14ba970c-f928-11ec-baf9-005056a47b86;" / Ligne H : Paris Nord - Pontoise 03/01-16/12 / <p>Période : en soirée<br>Dates : du lundi 03 janvier au vendredi 16 décembre 2022, sauf les week-ends, le mardi 21 juin et les jours féries.<br>Le trafic est interrompu entre Paris Gare du Nord et Pontoise.<br>Un service de bus de remplacement est mis en place, avec desserte des gares intermédiaires.<br><a href=""https://transilien.com/sites/transilien/files/2022-02/20220627-h-paris-pontoise-du27juinau16decembre.pdf"" target=""_blank"">Pour plus d'informations sur les horaires du lundi 27 juin au vendredi 16 décembre sauf les jours fériés, cliquez ici pour télécharger l'affiche PDF.</a><br>Les horaires du calculateur d'itinéraire  tiennent compte des travaux.<br>Motif : travaux.</p>";20220701T122508;Transilien Train Transilien H;14ba970c-f928-11ec-baf9-005056a47b86;travaux
active;Incidents;30;perturbée;SIGNIFICANT_DELAYS;20220210T222000;20220211T030000;14ba970c-f928-11ec-baf9-005056a47b86;" / Ligne H : Paris Nord - Pontoise 03/01-16/12 / <p>Période : en soirée<br>Dates : du lundi 03 janvier au vendredi 16 décembre 2022, sauf les week-ends, le mardi 21 juin et les jours féries.<br>Le trafic est interrompu entre Paris Gare du Nord et Pontoise.<br>Un service de bus de remplacement est mis en place, avec desserte des gares intermédiaires.<br><a href=""https://transilien.com/sites/transilien/files/2022-02/20220627-h-paris-pontoise-du27juinau16decembre.pdf"" target=""_blank"">Pour plus d'informations sur les horaires du lundi 27 juin au vendredi 16 décembre sauf les jours fériés, cliquez ici pour télécharger l'affiche PDF.</a><br>Les horaires du calculateur d'itinéraire  tiennent compte des travaux.<br>Motif : travaux.</p>";20220701T122508;Transilien Train Transilien H;14ba970c-f928-11ec-baf9-005056a47b86;travaux
active;Incidents;30;perturbée;SIGNIFICANT_DELAYS;20220209T222000;20220210T030000;14ba970c-f928-11ec-baf9-005056a47b86;" / Ligne H : Paris Nord - Pontoise 03/01-16/12 / <p>Période : en soirée<br>Dates : du lundi 03 janvier au vendredi 16 décembre 2022, sauf les week-ends, le mardi 21 juin et les jours féries.<br>Le trafic est interrompu entre Paris Gare du Nord et Pontoise.<br>Un service de bus de remplacement est mis en place, avec desserte des gares intermédiaires.<br><a href=""https://transilien.com/sites/transilien/files/2022-02/20220627-h-paris-pontoise-du27juinau16decembre.pdf"" target=""_blank"">Pour plus d'informations sur les horaires du lundi 27 juin au vendredi 16 décembre sauf les jours fériés, cliquez ici pour télécharger l'affiche PDF.</a><br>Les horaires du calculateur d'itinéraire  tiennent compte des travaux.<br>Motif : travaux.</p>";20220701T122508;Transilien Train Transilien H;14ba970c-f928-11ec-baf9-005056a47b86;travaux
active;Incidents;30;perturbée;SIGNIFICANT_DELAYS;20220208T222000;20220209T030000;14ba970c-f928-11ec-baf9-005056a47b86;" / Ligne H : Paris Nord - Pontoise 03/01-16/12 / <p>Période : en soirée<br>Dates : du lundi 03 janvier au vendredi 16 décembre 2022, sauf les week-ends, le mardi 21 juin et les jours féries.<br>Le trafic est interrompu entre Paris Gare du Nord et Pontoise.<br>Un service de bus de remplacement est mis en place, avec desserte des gares intermédiaires.<br><a href=""https://transilien.com/sites/transilien/files/2022-02/20220627-h-paris-pontoise-du27juinau16decembre.pdf"" target=""_blank"">Pour plus d'informations sur les horaires du lundi 27 juin au vendredi 16 décembre sauf les jours fériés, cliquez ici pour télécharger l'affiche PDF.</a><br>Les horaires du calculateur d'itinéraire  tiennent compte des travaux.<br>Motif : travaux.</p>";20220701T122508;Transilien Train Transilien H;14ba970c-f928-11ec-baf9-005056a47b86;travaux
active;Incidents;30;perturbée;SIGNIFICANT_DELAYS;20220207T222000;20220208T030000;14ba970c-f928-11ec-baf9-005056a47b86;" / Ligne H : Paris Nord - Pontoise 03/01-16/12 / <p>Période : en soirée<br>Dates : du lundi 03 janvier au vendredi 16 décembre 2022, sauf les week-ends, le mardi 21 juin et les jours féries.<br>Le trafic est interrompu entre Paris Gare du Nord et Pontoise.<br>Un service de bus de remplacement est mis en place, avec desserte des gares intermédiaires.<br><a href=""https://transilien.com/sites/transilien/files/2022-02/20220627-h-paris-pontoise-du27juinau16decembre.pdf"" target=""_blank"">Pour plus d'informations sur les horaires du lundi 27 juin au vendredi 16 décembre sauf les jours fériés, cliquez ici pour télécharger l'affiche PDF.</a><br>Les horaires du calculateur d'itinéraire  tiennent compte des travaux.<br>Motif : travaux.</p>";20220701T122508;Transilien Train Transilien H;14ba970c-f928-11ec-baf9-005056a47b86;travaux
active;Incidents;30;perturbée;SIGNIFICANT_DELAYS;20220204T222000;20220205T030000;14ba970c-f928-11ec-baf9-005056a47b86;" / Ligne H : Paris Nord - Pontoise 03/01-16/12 / <p>Période : en soirée<br>Dates : du lundi 03 janvier au vendredi 16 décembre 2022, sauf les week-ends, le mardi 21 juin et les jours féries.<br>Le trafic est interrompu entre Paris Gare du Nord et Pontoise.<br>Un service de bus de remplacement est mis en place, avec desserte des gares intermédiaires.<br><a href=""https://transilien.com/sites/transilien/files/2022-02/20220627-h-paris-pontoise-du27juinau16decembre.pdf"" target=""_blank"">Pour plus d'informations sur les horaires du lundi 27 juin au vendredi 16 décembre sauf les jours fériés, cliquez ici pour télécharger l'affiche PDF.</a><br>Les horaires du calculateur d'itinéraire  tiennent compte des travaux.<br>Motif : travaux.</p>";20220701T122508;Transilien Train Transilien H;14ba970c-f928-11ec-baf9-005056a47b86;travaux
active;Incidents;30;perturbée;SIGNIFICANT_DELAYS;20220203T222000;20220204T030000;14ba970c-f928-11ec-baf9-005056a47b86;" / Ligne H : Paris Nord - Pontoise 03/01-16/12 / <p>Période : en soirée<br>Dates : du lundi 03 janvier au vendredi 16 décembre 2022, sauf les week-ends, le mardi 21 juin et les jours féries.<br>Le trafic est interrompu entre Paris Gare du Nord et Pontoise.<br>Un service de bus de remplacement est mis en place, avec desserte des gares intermédiaires.<br><a href=""https://transilien.com/sites/transilien/files/2022-02/20220627-h-paris-pontoise-du27juinau16decembre.pdf"" target=""_blank"">Pour plus d'informations sur les horaires du lundi 27 juin au vendredi 16 décembre sauf les jours fériés, cliquez ici pour télécharger l'affiche PDF.</a><br>Les horaires du calculateur d'itinéraire  tiennent compte des travaux.<br>Motif : travaux.</p>";20220701T122508;Transilien Train Transilien H;14ba970c-f928-11ec-baf9-005056a47b86;travaux
active;Incidents;30;perturbée;SIGNIFICANT_DELAYS;20220202T222000;20220203T030000;14ba970c-f928-11ec-baf9-005056a47b86;" / Ligne H : Paris Nord - Pontoise 03/01-16/12 / <p>Période : en soirée<br>Dates : du lundi 03 janvier au vendredi 16 décembre 2022, sauf les week-ends, le mardi 21 juin et les jours féries.<br>Le trafic est interrompu entre Paris Gare du Nord et Pontoise.<br>Un service de bus de remplacement est mis en place, avec desserte des gares intermédiaires.<br><a href=""https://transilien.com/sites/transilien/files/2022-02/20220627-h-paris-pontoise-du27juinau16decembre.pdf"" target=""_blank"">Pour plus d'informations sur les horaires du lundi 27 juin au vendredi 16 décembre sauf les jours fériés, cliquez ici pour télécharger l'affiche PDF.</a><br>Les horaires du calculateur d'itinéraire  tiennent compte des travaux.<br>Motif : travaux.</p>";20220701T122508;Transilien Train Transilien H;14ba970c-f928-11ec-baf9-005056a47b86;travaux
active;Incidents;30;perturbée;SIGNIFICANT_DELAYS;20220201T222000;20220202T030000;14ba970c-f928-11ec-baf9-005056a47b86;" / Ligne H : Paris Nord - Pontoise 03/01-16/12 / <p>Période : en soirée<br>Dates : du lundi 03 janvier au vendredi 16 décembre 2022, sauf les week-ends, le mardi 21 juin et les jours féries.<br>Le trafic est interrompu entre Paris Gare du Nord et Pontoise.<br>Un service de bus de remplacement est mis en place, avec desserte des gares intermédiaires.<br><a href=""https://transilien.com/sites/transilien/files/2022-02/20220627-h-paris-pontoise-du27juinau16decembre.pdf"" target=""_blank"">Pour plus d'informations sur les horaires du lundi 27 juin au vendredi 16 décembre sauf les jours fériés, cliquez ici pour télécharger l'affiche PDF.</a><br>Les horaires du calculateur d'itinéraire  tiennent compte des travaux.<br>Motif : travaux.</p>";20220701T122508;Transilien Train Transilien H;14ba970c-f928-11ec-baf9-005056a47b86;travaux
active;Incidents;30;perturbée;SIGNIFICANT_DELAYS;20220131T222000;20220201T030000;14ba970c-f928-11ec-baf9-005056a47b86;" / Ligne H : Paris Nord - Pontoise 03/01-16/12 / <p>Période : en soirée<br>Dates : du lundi 03 janvier au vendredi 16 décembre 2022, sauf les week-ends, le mardi 21 juin et les jours féries.<br>Le trafic est interrompu entre Paris Gare du Nord et Pontoise.<br>Un service de bus de remplacement est mis en place, avec desserte des gares intermédiaires.<br><a href=""https://transilien.com/sites/transilien/files/2022-02/20220627-h-paris-pontoise-du27juinau16decembre.pdf"" target=""_blank"">Pour plus d'informations sur les horaires du lundi 27 juin au vendredi 16 décembre sauf les jours fériés, cliquez ici pour télécharger l'affiche PDF.</a><br>Les horaires du calculateur d'itinéraire  tiennent compte des travaux.<br>Motif : travaux.</p>";20220701T122508;Transilien Train Transilien H;14ba970c-f928-11ec-baf9-005056a47b86;travaux
active;Incidents;30;perturbée;SIGNIFICANT_DELAYS;20220128T222000;20220129T030000;14ba970c-f928-11ec-baf9-005056a47b86;" / Ligne H : Paris Nord - Pontoise 03/01-16/12 / <p>Période : en soirée<br>Dates : du lundi 03 janvier au vendredi 16 décembre 2022, sauf les week-ends, le mardi 21 juin et les jours féries.<br>Le trafic est interrompu entre Paris Gare du Nord et Pontoise.<br>Un service de bus de remplacement est mis en place, avec desserte des gares intermédiaires.<br><a href=""https://transilien.com/sites/transilien/files/2022-02/20220627-h-paris-pontoise-du27juinau16decembre.pdf"" target=""_blank"">Pour plus d'informations sur les horaires du lundi 27 juin au vendredi 16 décembre sauf les jours fériés, cliquez ici pour télécharger l'affiche PDF.</a><br>Les horaires du calculateur d'itinéraire  tiennent compte des travaux.<br>Motif : travaux.</p>";20220701T122508;Transilien Train Transilien H;14ba970c-f928-11ec-baf9-005056a47b86;travaux
active;Incidents;30;perturbée;SIGNIFICANT_DELAYS;20220127T222000;20220128T030000;14ba970c-f928-11ec-baf9-005056a47b86;" / Ligne H : Paris Nord - Pontoise 03/01-16/12 / <p>Période : en soirée<br>Dates : du lundi 03 janvier au vendredi 16 décembre 2022, sauf les week-ends, le mardi 21 juin et les jours féries.<br>Le trafic est interrompu entre Paris Gare du Nord et Pontoise.<br>Un service de bus de remplacement est mis en place, avec desserte des gares intermédiaires.<br><a href=""https://transilien.com/sites/transilien/files/2022-02/20220627-h-paris-pontoise-du27juinau16decembre.pdf"" target=""_blank"">Pour plus d'informations sur les horaires du lundi 27 juin au vendredi 16 décembre sauf les jours fériés, cliquez ici pour télécharger l'affiche PDF.</a><br>Les horaires du calculateur d'itinéraire  tiennent compte des travaux.<br>Motif : travaux.</p>";20220701T122508;Transilien Train Transilien H;14ba970c-f928-11ec-baf9-005056a47b86;travaux
active;Incidents;30;perturbée;SIGNIFICANT_DELAYS;20220126T222000;20220127T030000;14ba970c-f928-11ec-baf9-005056a47b86;" / Ligne H : Paris Nord - Pontoise 03/01-16/12 / <p>Période : en soirée<br>Dates : du lundi 03 janvier au vendredi 16 décembre 2022, sauf les week-ends, le mardi 21 juin et les jours féries.<br>Le trafic est interrompu entre Paris Gare du Nord et Pontoise.<br>Un service de bus de remplacement est mis en place, avec desserte des gares intermédiaires.<br><a href=""https://transilien.com/sites/transilien/files/2022-02/20220627-h-paris-pontoise-du27juinau16decembre.pdf"" target=""_blank"">Pour plus d'informations sur les horaires du lundi 27 juin au vendredi 16 décembre sauf les jours fériés, cliquez ici pour télécharger l'affiche PDF.</a><br>Les horaires du calculateur d'itinéraire  tiennent compte des travaux.<br>Motif : travaux.</p>";20220701T122508;Transilien Train Transilien H;14ba970c-f928-11ec-baf9-005056a47b86;travaux
active;Incidents;30;perturbée;SIGNIFICANT_DELAYS;20220125T222000;20220126T030000;14ba970c-f928-11ec-baf9-005056a47b86;" / Ligne H : Paris Nord - Pontoise 03/01-16/12 / <p>Période : en soirée<br>Dates : du lundi 03 janvier au vendredi 16 décembre 2022, sauf les week-ends, le mardi 21 juin et les jours féries.<br>Le trafic est interrompu entre Paris Gare du Nord et Pontoise.<br>Un service de bus de remplacement est mis en place, avec desserte des gares intermédiaires.<br><a href=""https://transilien.com/sites/transilien/files/2022-02/20220627-h-paris-pontoise-du27juinau16decembre.pdf"" target=""_blank"">Pour plus d'informations sur les horaires du lundi 27 juin au vendredi 16 décembre sauf les jours fériés, cliquez ici pour télécharger l'affiche PDF.</a><br>Les horaires du calculateur d'itinéraire  tiennent compte des travaux.<br>Motif : travaux.</p>";20220701T122508;Transilien Train Transilien H;14ba970c-f928-11ec-baf9-005056a47b86;travaux
active;Incidents;30;perturbée;SIGNIFICANT_DELAYS;20220124T222000;20220125T030000;14ba970c-f928-11ec-baf9-005056a47b86;" / Ligne H : Paris Nord - Pontoise 03/01-16/12 / <p>Période : en soirée<br>Dates : du lundi 03 janvier au vendredi 16 décembre 2022, sauf les week-ends, le mardi 21 juin et les jours féries.<br>Le trafic est interrompu entre Paris Gare du Nord et Pontoise.<br>Un service de bus de remplacement est mis en place, avec desserte des gares intermédiaires.<br><a href=""https://transilien.com/sites/transilien/files/2022-02/20220627-h-paris-pontoise-du27juinau16decembre.pdf"" target=""_blank"">Pour plus d'informations sur les horaires du lundi 27 juin au vendredi 16 décembre sauf les jours fériés, cliquez ici pour télécharger l'affiche PDF.</a><br>Les horaires du calculateur d'itinéraire  tiennent compte des travaux.<br>Motif : travaux.</p>";20220701T122508;Transilien Train Transilien H;14ba970c-f928-11ec-baf9-005056a47b86;travaux
active;Incidents;30;perturbée;SIGNIFICANT_DELAYS;20220121T222000;20220122T030000;14ba970c-f928-11ec-baf9-005056a47b86;" / Ligne H : Paris Nord - Pontoise 03/01-16/12 / <p>Période : en soirée<br>Dates : du lundi 03 janvier au vendredi 16 décembre 2022, sauf les week-ends, le mardi 21 juin et les jours féries.<br>Le trafic est interrompu entre Paris Gare du Nord et Pontoise.<br>Un service de bus de remplacement est mis en place, avec desserte des gares intermédiaires.<br><a href=""https://transilien.com/sites/transilien/files/2022-02/20220627-h-paris-pontoise-du27juinau16decembre.pdf"" target=""_blank"">Pour plus d'informations sur les horaires du lundi 27 juin au vendredi 16 décembre sauf les jours fériés, cliquez ici pour télécharger l'affiche PDF.</a><br>Les horaires du calculateur d'itinéraire  tiennent compte des travaux.<br>Motif : travaux.</p>";20220701T122508;Transilien Train Transilien H;14ba970c-f928-11ec-baf9-005056a47b86;travaux
active;Incidents;30;perturbée;SIGNIFICANT_DELAYS;20220120T222000;20220121T030000;14ba970c-f928-11ec-baf9-005056a47b86;" / Ligne H : Paris Nord - Pontoise 03/01-16/12 / <p>Période : en soirée<br>Dates : du lundi 03 janvier au vendredi 16 décembre 2022, sauf les week-ends, le mardi 21 juin et les jours féries.<br>Le trafic est interrompu entre Paris Gare du Nord et Pontoise.<br>Un service de bus de remplacement est mis en place, avec desserte des gares intermédiaires.<br><a href=""https://transilien.com/sites/transilien/files/2022-02/20220627-h-paris-pontoise-du27juinau16decembre.pdf"" target=""_blank"">Pour plus d'informations sur les horaires du lundi 27 juin au vendredi 16 décembre sauf les jours fériés, cliquez ici pour télécharger l'affiche PDF.</a><br>Les horaires du calculateur d'itinéraire  tiennent compte des travaux.<br>Motif : travaux.</p>";20220701T122508;Transilien Train Transilien H;14ba970c-f928-11ec-baf9-005056a47b86;travaux
active;Incidents;30;perturbée;SIGNIFICANT_DELAYS;20220119T222000;20220120T030000;14ba970c-f928-11ec-baf9-005056a47b86;" / Ligne H : Paris Nord - Pontoise 03/01-16/12 / <p>Période : en soirée<br>Dates : du lundi 03 janvier au vendredi 16 décembre 2022, sauf les week-ends, le mardi 21 juin et les jours féries.<br>Le trafic est interrompu entre Paris Gare du Nord et Pontoise.<br>Un service de bus de remplacement est mis en place, avec desserte des gares intermédiaires.<br><a href=""https://transilien.com/sites/transilien/files/2022-02/20220627-h-paris-pontoise-du27juinau16decembre.pdf"" target=""_blank"">Pour plus d'informations sur les horaires du lundi 27 juin au vendredi 16 décembre sauf les jours fériés, cliquez ici pour télécharger l'affiche PDF.</a><br>Les horaires du calculateur d'itinéraire  tiennent compte des travaux.<br>Motif : travaux.</p>";20220701T122508;Transilien Train Transilien H;14ba970c-f928-11ec-baf9-005056a47b86;travaux
active;Incidents;30;perturbée;SIGNIFICANT_DELAYS;20220118T222000;20220119T030000;14ba970c-f928-11ec-baf9-005056a47b86;" / Ligne H : Paris Nord - Pontoise 03/01-16/12 / <p>Période : en soirée<br>Dates : du lundi 03 janvier au vendredi 16 décembre 2022, sauf les week-ends, le mardi 21 juin et les jours féries.<br>Le trafic est interrompu entre Paris Gare du Nord et Pontoise.<br>Un service de bus de remplacement est mis en place, avec desserte des gares intermédiaires.<br><a href=""https://transilien.com/sites/transilien/files/2022-02/20220627-h-paris-pontoise-du27juinau16decembre.pdf"" target=""_blank"">Pour plus d'informations sur les horaires du lundi 27 juin au vendredi 16 décembre sauf les jours fériés, cliquez ici pour télécharger l'affiche PDF.</a><br>Les horaires du calculateur d'itinéraire  tiennent compte des travaux.<br>Motif : travaux.</p>";20220701T122508;Transilien Train Transilien H;14ba970c-f928-11ec-baf9-005056a47b86;travaux
active;Incidents;30;perturbée;SIGNIFICANT_DELAYS;20220117T222000;20220118T030000;14ba970c-f928-11ec-baf9-005056a47b86;" / Ligne H : Paris Nord - Pontoise 03/01-16/12 / <p>Période : en soirée<br>Dates : du lundi 03 janvier au vendredi 16 décembre 2022, sauf les week-ends, le mardi 21 juin et les jours féries.<br>Le trafic est interrompu entre Paris Gare du Nord et Pontoise.<br>Un service de bus de remplacement est mis en place, avec desserte des gares intermédiaires.<br><a href=""https://transilien.com/sites/transilien/files/2022-02/20220627-h-paris-pontoise-du27juinau16decembre.pdf"" target=""_blank"">Pour plus d'informations sur les horaires du lundi 27 juin au vendredi 16 décembre sauf les jours fériés, cliquez ici pour télécharger l'affiche PDF.</a><br>Les horaires du calculateur d'itinéraire  tiennent compte des travaux.<br>Motif : travaux.</p>";20220701T122508;Transilien Train Transilien H;14ba970c-f928-11ec-baf9-005056a47b86;travaux
active;Incidents;30;perturbée;SIGNIFICANT_DELAYS;20220114T222000;20220115T030000;14ba970c-f928-11ec-baf9-005056a47b86;" / Ligne H : Paris Nord - Pontoise 03/01-16/12 / <p>Période : en soirée<br>Dates : du lundi 03 janvier au vendredi 16 décembre 2022, sauf les week-ends, le mardi 21 juin et les jours féries.<br>Le trafic est interrompu entre Paris Gare du Nord et Pontoise.<br>Un service de bus de remplacement est mis en place, avec desserte des gares intermédiaires.<br><a href=""https://transilien.com/sites/transilien/files/2022-02/20220627-h-paris-pontoise-du27juinau16decembre.pdf"" target=""_blank"">Pour plus d'informations sur les horaires du lundi 27 juin au vendredi 16 décembre sauf les jours fériés, cliquez ici pour télécharger l'affiche PDF.</a><br>Les horaires du calculateur d'itinéraire  tiennent compte des travaux.<br>Motif : travaux.</p>";20220701T122508;Transilien Train Transilien H;14ba970c-f928-11ec-baf9-005056a47b86;travaux
active;Incidents;30;perturbée;SIGNIFICANT_DELAYS;20220113T222000;20220114T030000;14ba970c-f928-11ec-baf9-005056a47b86;" / Ligne H : Paris Nord - Pontoise 03/01-16/12 / <p>Période : en soirée<br>Dates : du lundi 03 janvier au vendredi 16 décembre 2022, sauf les week-ends, le mardi 21 juin et les jours féries.<br>Le trafic est interrompu entre Paris Gare du Nord et Pontoise.<br>Un service de bus de remplacement est mis en place, avec desserte des gares intermédiaires.<br><a href=""https://transilien.com/sites/transilien/files/2022-02/20220627-h-paris-pontoise-du27juinau16decembre.pdf"" target=""_blank"">Pour plus d'informations sur les horaires du lundi 27 juin au vendredi 16 décembre sauf les jours fériés, cliquez ici pour télécharger l'affiche PDF.</a><br>Les horaires du calculateur d'itinéraire  tiennent compte des travaux.<br>Motif : travaux.</p>";20220701T122508;Transilien Train Transilien H;14ba970c-f928-11ec-baf9-005056a47b86;travaux
active;Incidents;30;perturbée;SIGNIFICANT_DELAYS;20220112T222000;20220113T030000;14ba970c-f928-11ec-baf9-005056a47b86;" / Ligne H : Paris Nord - Pontoise 03/01-16/12 / <p>Période : en soirée<br>Dates : du lundi 03 janvier au vendredi 16 décembre 2022, sauf les week-ends, le mardi 21 juin et les jours féries.<br>Le trafic est interrompu entre Paris Gare du Nord et Pontoise.<br>Un service de bus de remplacement est mis en place, avec desserte des gares intermédiaires.<br><a href=""https://transilien.com/sites/transilien/files/2022-02/20220627-h-paris-pontoise-du27juinau16decembre.pdf"" target=""_blank"">Pour plus d'informations sur les horaires du lundi 27 juin au vendredi 16 décembre sauf les jours fériés, cliquez ici pour télécharger l'affiche PDF.</a><br>Les horaires du calculateur d'itinéraire  tiennent compte des travaux.<br>Motif : travaux.</p>";20220701T122508;Transilien Train Transilien H;14ba970c-f928-11ec-baf9-005056a47b86;travaux
active;Incidents;30;perturbée;SIGNIFICANT_DELAYS;20220111T222000;20220112T030000;14ba970c-f928-11ec-baf9-005056a47b86;" / Ligne H : Paris Nord - Pontoise 03/01-16/12 / <p>Période : en soirée<br>Dates : du lundi 03 janvier au vendredi 16 décembre 2022, sauf les week-ends, le mardi 21 juin et les jours féries.<br>Le trafic est interrompu entre Paris Gare du Nord et Pontoise.<br>Un service de bus de remplacement est mis en place, avec desserte des gares intermédiaires.<br><a href=""https://transilien.com/sites/transilien/files/2022-02/20220627-h-paris-pontoise-du27juinau16decembre.pdf"" target=""_blank"">Pour plus d'informations sur les horaires du lundi 27 juin au vendredi 16 décembre sauf les jours fériés, cliquez ici pour télécharger l'affiche PDF.</a><br>Les horaires du calculateur d'itinéraire  tiennent compte des travaux.<br>Motif : travaux.</p>";20220701T122508;Transilien Train Transilien H;14ba970c-f928-11ec-baf9-005056a47b86;travaux
active;Incidents;30;perturbée;SIGNIFICANT_DELAYS;20220110T222000;20220111T030000;14ba970c-f928-11ec-baf9-005056a47b86;" / Ligne H : Paris Nord - Pontoise 03/01-16/12 / <p>Période : en soirée<br>Dates : du lundi 03 janvier au vendredi 16 décembre 2022, sauf les week-ends, le mardi 21 juin et les jours féries.<br>Le trafic est interrompu entre Paris Gare du Nord et Pontoise.<br>Un service de bus de remplacement est mis en place, avec desserte des gares intermédiaires.<br><a href=""https://transilien.com/sites/transilien/files/2022-02/20220627-h-paris-pontoise-du27juinau16decembre.pdf"" target=""_blank"">Pour plus d'informations sur les horaires du lundi 27 juin au vendredi 16 décembre sauf les jours fériés, cliquez ici pour télécharger l'affiche PDF.</a><br>Les horaires du calculateur d'itinéraire  tiennent compte des travaux.<br>Motif : travaux.</p>";20220701T122508;Transilien Train Transilien H;14ba970c-f928-11ec-baf9-005056a47b86;travaux
active;Incidents;30;perturbée;SIGNIFICANT_DELAYS;20220107T222000;20220108T030000;14ba970c-f928-11ec-baf9-005056a47b86;" / Ligne H : Paris Nord - Pontoise 03/01-16/12 / <p>Période : en soirée<br>Dates : du lundi 03 janvier au vendredi 16 décembre 2022, sauf les week-ends, le mardi 21 juin et les jours féries.<br>Le trafic est interrompu entre Paris Gare du Nord et Pontoise.<br>Un service de bus de remplacement est mis en place, avec desserte des gares intermédiaires.<br><a href=""https://transilien.com/sites/transilien/files/2022-02/20220627-h-paris-pontoise-du27juinau16decembre.pdf"" target=""_blank"">Pour plus d'informations sur les horaires du lundi 27 juin au vendredi 16 décembre sauf les jours fériés, cliquez ici pour télécharger l'affiche PDF.</a><br>Les horaires du calculateur d'itinéraire  tiennent compte des travaux.<br>Motif : travaux.</p>";20220701T122508;Transilien Train Transilien H;14ba970c-f928-11ec-baf9-005056a47b86;travaux
active;Incidents;30;perturbée;SIGNIFICANT_DELAYS;20220106T222000;20220107T030000;14ba970c-f928-11ec-baf9-005056a47b86;" / Ligne H : Paris Nord - Pontoise 03/01-16/12 / <p>Période : en soirée<br>Dates : du lundi 03 janvier au vendredi 16 décembre 2022, sauf les week-ends, le mardi 21 juin et les jours féries.<br>Le trafic est interrompu entre Paris Gare du Nord et Pontoise.<br>Un service de bus de remplacement est mis en place, avec desserte des gares intermédiaires.<br><a href=""https://transilien.com/sites/transilien/files/2022-02/20220627-h-paris-pontoise-du27juinau16decembre.pdf"" target=""_blank"">Pour plus d'informations sur les horaires du lundi 27 juin au vendredi 16 décembre sauf les jours fériés, cliquez ici pour télécharger l'affiche PDF.</a><br>Les horaires du calculateur d'itinéraire  tiennent compte des travaux.<br>Motif : travaux.</p>";20220701T122508;Transilien Train Transilien H;14ba970c-f928-11ec-baf9-005056a47b86;travaux
active;Incidents;30;perturbée;SIGNIFICANT_DELAYS;20220105T222000;20220106T030000;14ba970c-f928-11ec-baf9-005056a47b86;" / Ligne H : Paris Nord - Pontoise 03/01-16/12 / <p>Période : en soirée<br>Dates : du lundi 03 janvier au vendredi 16 décembre 2022, sauf les week-ends, le mardi 21 juin et les jours féries.<br>Le trafic est interrompu entre Paris Gare du Nord et Pontoise.<br>Un service de bus de remplacement est mis en place, avec desserte des gares intermédiaires.<br><a href=""https://transilien.com/sites/transilien/files/2022-02/20220627-h-paris-pontoise-du27juinau16decembre.pdf"" target=""_blank"">Pour plus d'informations sur les horaires du lundi 27 juin au vendredi 16 décembre sauf les jours fériés, cliquez ici pour télécharger l'affiche PDF.</a><br>Les horaires du calculateur d'itinéraire  tiennent compte des travaux.<br>Motif : travaux.</p>";20220701T122508;Transilien Train Transilien H;14ba970c-f928-11ec-baf9-005056a47b86;travaux
active;Incidents;30;perturbée;SIGNIFICANT_DELAYS;20220104T222000;20220105T030000;14ba970c-f928-11ec-baf9-005056a47b86;" / Ligne H : Paris Nord - Pontoise 03/01-16/12 / <p>Période : en soirée<br>Dates : du lundi 03 janvier au vendredi 16 décembre 2022, sauf les week-ends, le mardi 21 juin et les jours féries.<br>Le trafic est interrompu entre Paris Gare du Nord et Pontoise.<br>Un service de bus de remplacement est mis en place, avec desserte des gares intermédiaires.<br><a href=""https://transilien.com/sites/transilien/files/2022-02/20220627-h-paris-pontoise-du27juinau16decembre.pdf"" target=""_blank"">Pour plus d'informations sur les horaires du lundi 27 juin au vendredi 16 décembre sauf les jours fériés, cliquez ici pour télécharger l'affiche PDF.</a><br>Les horaires du calculateur d'itinéraire  tiennent compte des travaux.<br>Motif : travaux.</p>";20220701T122508;Transilien Train Transilien H;14ba970c-f928-11ec-baf9-005056a47b86;travaux
active;Incidents;30;perturbée;SIGNIFICANT_DELAYS;20220103T222000;20220104T030000;14ba970c-f928-11ec-baf9-005056a47b86;" / Ligne H : Paris Nord - Pontoise 03/01-16/12 / <p>Période : en soirée<br>Dates : du lundi 03 janvier au vendredi 16 décembre 2022, sauf les week-ends, le mardi 21 juin et les jours féries.<br>Le trafic est interrompu entre Paris Gare du Nord et Pontoise.<br>Un service de bus de remplacement est mis en place, avec desserte des gares intermédiaires.<br><a href=""https://transilien.com/sites/transilien/files/2022-02/20220627-h-paris-pontoise-du27juinau16decembre.pdf"" target=""_blank"">Pour plus d'informations sur les horaires du lundi 27 juin au vendredi 16 décembre sauf les jours fériés, cliquez ici pour télécharger l'affiche PDF.</a><br>Les horaires du calculateur d'itinéraire  tiennent compte des travaux.<br>Motif : travaux.</p>";20220701T122508;Transilien Train Transilien H;14ba970c-f928-11ec-baf9-005056a47b86;travaux
active;Incidents;30;perturbée;SIGNIFICANT_DELAYS;20221215T222000;20221216T030000;14ba970c-f928-11ec-baf9-005056a47b86;" / Ligne H : Paris Nord - Pontoise 03/01-16/12 / <p>Période : en soirée<br>Dates : du lundi 03 janvier au vendredi 16 décembre 2022, sauf les week-ends, le mardi 21 juin et les jours féries.<br>Le trafic est interrompu entre Paris Gare du Nord et Pontoise.<br>Un service de bus de remplacement est mis en place, avec desserte des gares intermédiaires.<br><a href=""https://transilien.com/sites/transilien/files/2022-02/20220627-h-paris-pontoise-du27juinau16decembre.pdf"" target=""_blank"">Pour plus d'informations sur les horaires du lundi 27 juin au vendredi 16 décembre sauf les jours fériés, cliquez ici pour télécharger l'affiche PDF.</a><br>Les horaires du calculateur d'itinéraire  tiennent compte des travaux.<br>Motif : travaux.</p>";20220701T122508;Transilien Train Transilien H;14ba970c-f928-11ec-baf9-005056a47b86;travaux
active;Incidents;30;perturbée;SIGNIFICANT_DELAYS;20221214T222000;20221215T030000;14ba970c-f928-11ec-baf9-005056a47b86;" / Ligne H : Paris Nord - Pontoise 03/01-16/12 / <p>Période : en soirée<br>Dates : du lundi 03 janvier au vendredi 16 décembre 2022, sauf les week-ends, le mardi 21 juin et les jours féries.<br>Le trafic est interrompu entre Paris Gare du Nord et Pontoise.<br>Un service de bus de remplacement est mis en place, avec desserte des gares intermédiaires.<br><a href=""https://transilien.com/sites/transilien/files/2022-02/20220627-h-paris-pontoise-du27juinau16decembre.pdf"" target=""_blank"">Pour plus d'informations sur les horaires du lundi 27 juin au vendredi 16 décembre sauf les jours fériés, cliquez ici pour télécharger l'affiche PDF.</a><br>Les horaires du calculateur d'itinéraire  tiennent compte des travaux.<br>Motif : travaux.</p>";20220701T122508;Transilien Train Transilien H;14ba970c-f928-11ec-baf9-005056a47b86;travaux
active;Incidents;30;perturbée;SIGNIFICANT_DELAYS;20221213T222000;20221214T030000;14ba970c-f928-11ec-baf9-005056a47b86;" / Ligne H : Paris Nord - Pontoise 03/01-16/12 / <p>Période : en soirée<br>Dates : du lundi 03 janvier au vendredi 16 décembre 2022, sauf les week-ends, le mardi 21 juin et les jours féries.<br>Le trafic est interrompu entre Paris Gare du Nord et Pontoise.<br>Un service de bus de remplacement est mis en place, avec desserte des gares intermédiaires.<br><a href=""https://transilien.com/sites/transilien/files/2022-02/20220627-h-paris-pontoise-du27juinau16decembre.pdf"" target=""_blank"">Pour plus d'informations sur les horaires du lundi 27 juin au vendredi 16 décembre sauf les jours fériés, cliquez ici pour télécharger l'affiche PDF.</a><br>Les horaires du calculateur d'itinéraire  tiennent compte des travaux.<br>Motif : travaux.</p>";20220701T122508;Transilien Train Transilien H;14ba970c-f928-11ec-baf9-005056a47b86;travaux
active;Incidents;30;perturbée;SIGNIFICANT_DELAYS;20221212T222000;20221213T030000;14ba970c-f928-11ec-baf9-005056a47b86;" / Ligne H : Paris Nord - Pontoise 03/01-16/12 / <p>Période : en soirée<br>Dates : du lundi 03 janvier au vendredi 16 décembre 2022, sauf les week-ends, le mardi 21 juin et les jours féries.<br>Le trafic est interrompu entre Paris Gare du Nord et Pontoise.<br>Un service de bus de remplacement est mis en place, avec desserte des gares intermédiaires.<br><a href=""https://transilien.com/sites/transilien/files/2022-02/20220627-h-paris-pontoise-du27juinau16decembre.pdf"" target=""_blank"">Pour plus d'informations sur les horaires du lundi 27 juin au vendredi 16 décembre sauf les jours fériés, cliquez ici pour télécharger l'affiche PDF.</a><br>Les horaires du calculateur d'itinéraire  tiennent compte des travaux.<br>Motif : travaux.</p>";20220701T122508;Transilien Train Transilien H;14ba970c-f928-11ec-baf9-005056a47b86;travaux
active;Incidents;30;perturbée;SIGNIFICANT_DELAYS;20221209T222000;20221210T030000;14ba970c-f928-11ec-baf9-005056a47b86;" / Ligne H : Paris Nord - Pontoise 03/01-16/12 / <p>Période : en soirée<br>Dates : du lundi 03 janvier au vendredi 16 décembre 2022, sauf les week-ends, le mardi 21 juin et les jours féries.<br>Le trafic est interrompu entre Paris Gare du Nord et Pontoise.<br>Un service de bus de remplacement est mis en place, avec desserte des gares intermédiaires.<br><a href=""https://transilien.com/sites/transilien/files/2022-02/20220627-h-paris-pontoise-du27juinau16decembre.pdf"" target=""_blank"">Pour plus d'informations sur les horaires du lundi 27 juin au vendredi 16 décembre sauf les jours fériés, cliquez ici pour télécharger l'affiche PDF.</a><br>Les horaires du calculateur d'itinéraire  tiennent compte des travaux.<br>Motif : travaux.</p>";20220701T122508;Transilien Train Transilien H;14ba970c-f928-11ec-baf9-005056a47b86;travaux
active;Incidents;30;perturbée;SIGNIFICANT_DELAYS;20221208T222000;20221209T030000;14ba970c-f928-11ec-baf9-005056a47b86;" / Ligne H : Paris Nord - Pontoise 03/01-16/12 / <p>Période : en soirée<br>Dates : du lundi 03 janvier au vendredi 16 décembre 2022, sauf les week-ends, le mardi 21 juin et les jours féries.<br>Le trafic est interrompu entre Paris Gare du Nord et Pontoise.<br>Un service de bus de remplacement est mis en place, avec desserte des gares intermédiaires.<br><a href=""https://transilien.com/sites/transilien/files/2022-02/20220627-h-paris-pontoise-du27juinau16decembre.pdf"" target=""_blank"">Pour plus d'informations sur les horaires du lundi 27 juin au vendredi 16 décembre sauf les jours fériés, cliquez ici pour télécharger l'affiche PDF.</a><br>Les horaires du calculateur d'itinéraire  tiennent compte des travaux.<br>Motif : travaux.</p>";20220701T122508;Transilien Train Transilien H;14ba970c-f928-11ec-baf9-005056a47b86;travaux
active;Incidents;30;perturbée;SIGNIFICANT_DELAYS;20221207T222000;20221208T030000;14ba970c-f928-11ec-baf9-005056a47b86;" / Ligne H : Paris Nord - Pontoise 03/01-16/12 / <p>Période : en soirée<br>Dates : du lundi 03 janvier au vendredi 16 décembre 2022, sauf les week-ends, le mardi 21 juin et les jours féries.<br>Le trafic est interrompu entre Paris Gare du Nord et Pontoise.<br>Un service de bus de remplacement est mis en place, avec desserte des gares intermédiaires.<br><a href=""https://transilien.com/sites/transilien/files/2022-02/20220627-h-paris-pontoise-du27juinau16decembre.pdf"" target=""_blank"">Pour plus d'informations sur les horaires du lundi 27 juin au vendredi 16 décembre sauf les jours fériés, cliquez ici pour télécharger l'affiche PDF.</a><br>Les horaires du calculateur d'itinéraire  tiennent compte des travaux.<br>Motif : travaux.</p>";20220701T122508;Transilien Train Transilien H;14ba970c-f928-11ec-baf9-005056a47b86;travaux
active;Incidents;30;perturbée;SIGNIFICANT_DELAYS;20221206T222000;20221207T030000;14ba970c-f928-11ec-baf9-005056a47b86;" / Ligne H : Paris Nord - Pontoise 03/01-16/12 / <p>Période : en soirée<br>Dates : du lundi 03 janvier au vendredi 16 décembre 2022, sauf les week-ends, le mardi 21 juin et les jours féries.<br>Le trafic est interrompu entre Paris Gare du Nord et Pontoise.<br>Un service de bus de remplacement est mis en place, avec desserte des gares intermédiaires.<br><a href=""https://transilien.com/sites/transilien/files/2022-02/20220627-h-paris-pontoise-du27juinau16decembre.pdf"" target=""_blank"">Pour plus d'informations sur les horaires du lundi 27 juin au vendredi 16 décembre sauf les jours fériés, cliquez ici pour télécharger l'affiche PDF.</a><br>Les horaires du calculateur d'itinéraire  tiennent compte des travaux.<br>Motif : travaux.</p>";20220701T122508;Transilien Train Transilien H;14ba970c-f928-11ec-baf9-005056a47b86;travaux
active;Incidents;30;perturbée;SIGNIFICANT_DELAYS;20221205T222000;20221206T030000;14ba970c-f928-11ec-baf9-005056a47b86;" / Ligne H : Paris Nord - Pontoise 03/01-16/12 / <p>Période : en soirée<br>Dates : du lundi 03 janvier au vendredi 16 décembre 2022, sauf les week-ends, le mardi 21 juin et les jours féries.<br>Le trafic est interrompu entre Paris Gare du Nord et Pontoise.<br>Un service de bus de remplacement est mis en place, avec desserte des gares intermédiaires.<br><a href=""https://transilien.com/sites/transilien/files/2022-02/20220627-h-paris-pontoise-du27juinau16decembre.pdf"" target=""_blank"">Pour plus d'informations sur les horaires du lundi 27 juin au vendredi 16 décembre sauf les jours fériés, cliquez ici pour télécharger l'affiche PDF.</a><br>Les horaires du calculateur d'itinéraire  tiennent compte des travaux.<br>Motif : travaux.</p>";20220701T122508;Transilien Train Transilien H;14ba970c-f928-11ec-baf9-005056a47b86;travaux
active;Incidents;30;perturbée;SIGNIFICANT_DELAYS;20221202T222000;20221203T030000;14ba970c-f928-11ec-baf9-005056a47b86;" / Ligne H : Paris Nord - Pontoise 03/01-16/12 / <p>Période : en soirée<br>Dates : du lundi 03 janvier au vendredi 16 décembre 2022, sauf les week-ends, le mardi 21 juin et les jours féries.<br>Le trafic est interrompu entre Paris Gare du Nord et Pontoise.<br>Un service de bus de remplacement est mis en place, avec desserte des gares intermédiaires.<br><a href=""https://transilien.com/sites/transilien/files/2022-02/20220627-h-paris-pontoise-du27juinau16decembre.pdf"" target=""_blank"">Pour plus d'informations sur les horaires du lundi 27 juin au vendredi 16 décembre sauf les jours fériés, cliquez ici pour télécharger l'affiche PDF.</a><br>Les horaires du calculateur d'itinéraire  tiennent compte des travaux.<br>Motif : travaux.</p>";20220701T122508;Transilien Train Transilien H;14ba970c-f928-11ec-baf9-005056a47b86;travaux
active;Incidents;30;perturbée;SIGNIFICANT_DELAYS;20221201T222000;20221202T030000;14ba970c-f928-11ec-baf9-005056a47b86;" / Ligne H : Paris Nord - Pontoise 03/01-16/12 / <p>Période : en soirée<br>Dates : du lundi 03 janvier au vendredi 16 décembre 2022, sauf les week-ends, le mardi 21 juin et les jours féries.<br>Le trafic est interrompu entre Paris Gare du Nord et Pontoise.<br>Un service de bus de remplacement est mis en place, avec desserte des gares intermédiaires.<br><a href=""https://transilien.com/sites/transilien/files/2022-02/20220627-h-paris-pontoise-du27juinau16decembre.pdf"" target=""_blank"">Pour plus d'informations sur les horaires du lundi 27 juin au vendredi 16 décembre sauf les jours fériés, cliquez ici pour télécharger l'affiche PDF.</a><br>Les horaires du calculateur d'itinéraire  tiennent compte des travaux.<br>Motif : travaux.</p>";20220701T122508;Transilien Train Transilien H;14ba970c-f928-11ec-baf9-005056a47b86;travaux
active;Incidents;30;perturbée;SIGNIFICANT_DELAYS;20221130T222000;20221201T030000;14ba970c-f928-11ec-baf9-005056a47b86;" / Ligne H : Paris Nord - Pontoise 03/01-16/12 / <p>Période : en soirée<br>Dates : du lundi 03 janvier au vendredi 16 décembre 2022, sauf les week-ends, le mardi 21 juin et les jours féries.<br>Le trafic est interrompu entre Paris Gare du Nord et Pontoise.<br>Un service de bus de remplacement est mis en place, avec desserte des gares intermédiaires.<br><a href=""https://transilien.com/sites/transilien/files/2022-02/20220627-h-paris-pontoise-du27juinau16decembre.pdf"" target=""_blank"">Pour plus d'informations sur les horaires du lundi 27 juin au vendredi 16 décembre sauf les jours fériés, cliquez ici pour télécharger l'affiche PDF.</a><br>Les horaires du calculateur d'itinéraire  tiennent compte des travaux.<br>Motif : travaux.</p>";20220701T122508;Transilien Train Transilien H;14ba970c-f928-11ec-baf9-005056a47b86;travaux
active;Incidents;30;perturbée;SIGNIFICANT_DELAYS;20221129T222000;20221130T030000;14ba970c-f928-11ec-baf9-005056a47b86;" / Ligne H : Paris Nord - Pontoise 03/01-16/12 / <p>Période : en soirée<br>Dates : du lundi 03 janvier au vendredi 16 décembre 2022, sauf les week-ends, le mardi 21 juin et les jours féries.<br>Le trafic est interrompu entre Paris Gare du Nord et Pontoise.<br>Un service de bus de remplacement est mis en place, avec desserte des gares intermédiaires.<br><a href=""https://transilien.com/sites/transilien/files/2022-02/20220627-h-paris-pontoise-du27juinau16decembre.pdf"" target=""_blank"">Pour plus d'informations sur les horaires du lundi 27 juin au vendredi 16 décembre sauf les jours fériés, cliquez ici pour télécharger l'affiche PDF.</a><br>Les horaires du calculateur d'itinéraire  tiennent compte des travaux.<br>Motif : travaux.</p>";20220701T122508;Transilien Train Transilien H;14ba970c-f928-11ec-baf9-005056a47b86;travaux
active;Incidents;30;perturbée;SIGNIFICANT_DELAYS;20221128T222000;20221129T030000;14ba970c-f928-11ec-baf9-005056a47b86;" / Ligne H : Paris Nord - Pontoise 03/01-16/12 / <p>Période : en soirée<br>Dates : du lundi 03 janvier au vendredi 16 décembre 2022, sauf les week-ends, le mardi 21 juin et les jours féries.<br>Le trafic est interrompu entre Paris Gare du Nord et Pontoise.<br>Un service de bus de remplacement est mis en place, avec desserte des gares intermédiaires.<br><a href=""https://transilien.com/sites/transilien/files/2022-02/20220627-h-paris-pontoise-du27juinau16decembre.pdf"" target=""_blank"">Pour plus d'informations sur les horaires du lundi 27 juin au vendredi 16 décembre sauf les jours fériés, cliquez ici pour télécharger l'affiche PDF.</a><br>Les horaires du calculateur d'itinéraire  tiennent compte des travaux.<br>Motif : travaux.</p>";20220701T122508;Transilien Train Transilien H;14ba970c-f928-11ec-baf9-005056a47b86;travaux
active;Incidents;30;perturbée;SIGNIFICANT_DELAYS;20221125T222000;20221126T030000;14ba970c-f928-11ec-baf9-005056a47b86;" / Ligne H : Paris Nord - Pontoise 03/01-16/12 / <p>Période : en soirée<br>Dates : du lundi 03 janvier au vendredi 16 décembre 2022, sauf les week-ends, le mardi 21 juin et les jours féries.<br>Le trafic est interrompu entre Paris Gare du Nord et Pontoise.<br>Un service de bus de remplacement est mis en place, avec desserte des gares intermédiaires.<br><a href=""https://transilien.com/sites/transilien/files/2022-02/20220627-h-paris-pontoise-du27juinau16decembre.pdf"" target=""_blank"">Pour plus d'informations sur les horaires du lundi 27 juin au vendredi 16 décembre sauf les jours fériés, cliquez ici pour télécharger l'affiche PDF.</a><br>Les horaires du calculateur d'itinéraire  tiennent compte des travaux.<br>Motif : travaux.</p>";20220701T122508;Transilien Train Transilien H;14ba970c-f928-11ec-baf9-005056a47b86;travaux
active;Incidents;30;perturbée;SIGNIFICANT_DELAYS;20221124T222000;20221125T030000;14ba970c-f928-11ec-baf9-005056a47b86;" / Ligne H : Paris Nord - Pontoise 03/01-16/12 / <p>Période : en soirée<br>Dates : du lundi 03 janvier au vendredi 16 décembre 2022, sauf les week-ends, le mardi 21 juin et les jours féries.<br>Le trafic est interrompu entre Paris Gare du Nord et Pontoise.<br>Un service de bus de remplacement est mis en place, avec desserte des gares intermédiaires.<br><a href=""https://transilien.com/sites/transilien/files/2022-02/20220627-h-paris-pontoise-du27juinau16decembre.pdf"" target=""_blank"">Pour plus d'informations sur les horaires du lundi 27 juin au vendredi 16 décembre sauf les jours fériés, cliquez ici pour télécharger l'affiche PDF.</a><br>Les horaires du calculateur d'itinéraire  tiennent compte des travaux.<br>Motif : travaux.</p>";20220701T122508;Transilien Train Transilien H;14ba970c-f928-11ec-baf9-005056a47b86;travaux
active;Incidents;30;perturbée;SIGNIFICANT_DELAYS;20221123T222000;20221124T030000;14ba970c-f928-11ec-baf9-005056a47b86;" / Ligne H : Paris Nord - Pontoise 03/01-16/12 / <p>Période : en soirée<br>Dates : du lundi 03 janvier au vendredi 16 décembre 2022, sauf les week-ends, le mardi 21 juin et les jours féries.<br>Le trafic est interrompu entre Paris Gare du Nord et Pontoise.<br>Un service de bus de remplacement est mis en place, avec desserte des gares intermédiaires.<br><a href=""https://transilien.com/sites/transilien/files/2022-02/20220627-h-paris-pontoise-du27juinau16decembre.pdf"" target=""_blank"">Pour plus d'informations sur les horaires du lundi 27 juin au vendredi 16 décembre sauf les jours fériés, cliquez ici pour télécharger l'affiche PDF.</a><br>Les horaires du calculateur d'itinéraire  tiennent compte des travaux.<br>Motif : travaux.</p>";20220701T122508;Transilien Train Transilien H;14ba970c-f928-11ec-baf9-005056a47b86;travaux
active;Incidents;30;perturbée;SIGNIFICANT_DELAYS;20221122T222000;20221123T030000;14ba970c-f928-11ec-baf9-005056a47b86;" / Ligne H : Paris Nord - Pontoise 03/01-16/12 / <p>Période : en soirée<br>Dates : du lundi 03 janvier au vendredi 16 décembre 2022, sauf les week-ends, le mardi 21 juin et les jours féries.<br>Le trafic est interrompu entre Paris Gare du Nord et Pontoise.<br>Un service de bus de remplacement est mis en place, avec desserte des gares intermédiaires.<br><a href=""https://transilien.com/sites/transilien/files/2022-02/20220627-h-paris-pontoise-du27juinau16decembre.pdf"" target=""_blank"">Pour plus d'informations sur les horaires du lundi 27 juin au vendredi 16 décembre sauf les jours fériés, cliquez ici pour télécharger l'affiche PDF.</a><br>Les horaires du calculateur d'itinéraire  tiennent compte des travaux.<br>Motif : travaux.</p>";20220701T122508;Transilien Train Transilien H;14ba970c-f928-11ec-baf9-005056a47b86;travaux
active;Incidents;30;perturbée;SIGNIFICANT_DELAYS;20221121T222000;20221122T030000;14ba970c-f928-11ec-baf9-005056a47b86;" / Ligne H : Paris Nord - Pontoise 03/01-16/12 / <p>Période : en soirée<br>Dates : du lundi 03 janvier au vendredi 16 décembre 2022, sauf les week-ends, le mardi 21 juin et les jours féries.<br>Le trafic est interrompu entre Paris Gare du Nord et Pontoise.<br>Un service de bus de remplacement est mis en place, avec desserte des gares intermédiaires.<br><a href=""https://transilien.com/sites/transilien/files/2022-02/20220627-h-paris-pontoise-du27juinau16decembre.pdf"" target=""_blank"">Pour plus d'informations sur les horaires du lundi 27 juin au vendredi 16 décembre sauf les jours fériés, cliquez ici pour télécharger l'affiche PDF.</a><br>Les horaires du calculateur d'itinéraire  tiennent compte des travaux.<br>Motif : travaux.</p>";20220701T122508;Transilien Train Transilien H;14ba970c-f928-11ec-baf9-005056a47b86;travaux
active;Incidents;30;perturbée;SIGNIFICANT_DELAYS;20221118T222000;20221119T030000;14ba970c-f928-11ec-baf9-005056a47b86;" / Ligne H : Paris Nord - Pontoise 03/01-16/12 / <p>Période : en soirée<br>Dates : du lundi 03 janvier au vendredi 16 décembre 2022, sauf les week-ends, le mardi 21 juin et les jours féries.<br>Le trafic est interrompu entre Paris Gare du Nord et Pontoise.<br>Un service de bus de remplacement est mis en place, avec desserte des gares intermédiaires.<br><a href=""https://transilien.com/sites/transilien/files/2022-02/20220627-h-paris-pontoise-du27juinau16decembre.pdf"" target=""_blank"">Pour plus d'informations sur les horaires du lundi 27 juin au vendredi 16 décembre sauf les jours fériés, cliquez ici pour télécharger l'affiche PDF.</a><br>Les horaires du calculateur d'itinéraire  tiennent compte des travaux.<br>Motif : travaux.</p>";20220701T122508;Transilien Train Transilien H;14ba970c-f928-11ec-baf9-005056a47b86;travaux
active;Incidents;30;perturbée;SIGNIFICANT_DELAYS;20221117T222000;20221118T030000;14ba970c-f928-11ec-baf9-005056a47b86;" / Ligne H : Paris Nord - Pontoise 03/01-16/12 / <p>Période : en soirée<br>Dates : du lundi 03 janvier au vendredi 16 décembre 2022, sauf les week-ends, le mardi 21 juin et les jours féries.<br>Le trafic est interrompu entre Paris Gare du Nord et Pontoise.<br>Un service de bus de remplacement est mis en place, avec desserte des gares intermédiaires.<br><a href=""https://transilien.com/sites/transilien/files/2022-02/20220627-h-paris-pontoise-du27juinau16decembre.pdf"" target=""_blank"">Pour plus d'informations sur les horaires du lundi 27 juin au vendredi 16 décembre sauf les jours fériés, cliquez ici pour télécharger l'affiche PDF.</a><br>Les horaires du calculateur d'itinéraire  tiennent compte des travaux.<br>Motif : travaux.</p>";20220701T122508;Transilien Train Transilien H;14ba970c-f928-11ec-baf9-005056a47b86;travaux
active;Incidents;30;perturbée;SIGNIFICANT_DELAYS;20221116T222000;20221117T030000;14ba970c-f928-11ec-baf9-005056a47b86;" / Ligne H : Paris Nord - Pontoise 03/01-16/12 / <p>Période : en soirée<br>Dates : du lundi 03 janvier au vendredi 16 décembre 2022, sauf les week-ends, le mardi 21 juin et les jours féries.<br>Le trafic est interrompu entre Paris Gare du Nord et Pontoise.<br>Un service de bus de remplacement est mis en place, avec desserte des gares intermédiaires.<br><a href=""https://transilien.com/sites/transilien/files/2022-02/20220627-h-paris-pontoise-du27juinau16decembre.pdf"" target=""_blank"">Pour plus d'informations sur les horaires du lundi 27 juin au vendredi 16 décembre sauf les jours fériés, cliquez ici pour télécharger l'affiche PDF.</a><br>Les horaires du calculateur d'itinéraire  tiennent compte des travaux.<br>Motif : travaux.</p>";20220701T122508;Transilien Train Transilien H;14ba970c-f928-11ec-baf9-005056a47b86;travaux
active;Incidents;30;perturbée;SIGNIFICANT_DELAYS;20221115T222000;20221116T030000;14ba970c-f928-11ec-baf9-005056a47b86;" / Ligne H : Paris Nord - Pontoise 03/01-16/12 / <p>Période : en soirée<br>Dates : du lundi 03 janvier au vendredi 16 décembre 2022, sauf les week-ends, le mardi 21 juin et les jours féries.<br>Le trafic est interrompu entre Paris Gare du Nord et Pontoise.<br>Un service de bus de remplacement est mis en place, avec desserte des gares intermédiaires.<br><a href=""https://transilien.com/sites/transilien/files/2022-02/20220627-h-paris-pontoise-du27juinau16decembre.pdf"" target=""_blank"">Pour plus d'informations sur les horaires du lundi 27 juin au vendredi 16 décembre sauf les jours fériés, cliquez ici pour télécharger l'affiche PDF.</a><br>Les horaires du calculateur d'itinéraire  tiennent compte des travaux.<br>Motif : travaux.</p>";20220701T122508;Transilien Train Transilien H;14ba970c-f928-11ec-baf9-005056a47b86;travaux
active;Incidents;30;perturbée;SIGNIFICANT_DELAYS;20221114T222000;20221115T030000;14ba970c-f928-11ec-baf9-005056a47b86;" / Ligne H : Paris Nord - Pontoise 03/01-16/12 / <p>Période : en soirée<br>Dates : du lundi 03 janvier au vendredi 16 décembre 2022, sauf les week-ends, le mardi 21 juin et les jours féries.<br>Le trafic est interrompu entre Paris Gare du Nord et Pontoise.<br>Un service de bus de remplacement est mis en place, avec desserte des gares intermédiaires.<br><a href=""https://transilien.com/sites/transilien/files/2022-02/20220627-h-paris-pontoise-du27juinau16decembre.pdf"" target=""_blank"">Pour plus d'informations sur les horaires du lundi 27 juin au vendredi 16 décembre sauf les jours fériés, cliquez ici pour télécharger l'affiche PDF.</a><br>Les horaires du calculateur d'itinéraire  tiennent compte des travaux.<br>Motif : travaux.</p>";20220701T122508;Transilien Train Transilien H;14ba970c-f928-11ec-baf9-005056a47b86;travaux
active;Incidents;30;perturbée;SIGNIFICANT_DELAYS;20221111T222000;20221112T030000;14ba970c-f928-11ec-baf9-005056a47b86;" / Ligne H : Paris Nord - Pontoise 03/01-16/12 / <p>Période : en soirée<br>Dates : du lundi 03 janvier au vendredi 16 décembre 2022, sauf les week-ends, le mardi 21 juin et les jours féries.<br>Le trafic est interrompu entre Paris Gare du Nord et Pontoise.<br>Un service de bus de remplacement est mis en place, avec desserte des gares intermédiaires.<br><a href=""https://transilien.com/sites/transilien/files/2022-02/20220627-h-paris-pontoise-du27juinau16decembre.pdf"" target=""_blank"">Pour plus d'informations sur les horaires du lundi 27 juin au vendredi 16 décembre sauf les jours fériés, cliquez ici pour télécharger l'affiche PDF.</a><br>Les horaires du calculateur d'itinéraire  tiennent compte des travaux.<br>Motif : travaux.</p>";20220701T122508;Transilien Train Transilien H;14ba970c-f928-11ec-baf9-005056a47b86;travaux
active;Incidents;30;perturbée;SIGNIFICANT_DELAYS;20221110T222000;20221111T030000;14ba970c-f928-11ec-baf9-005056a47b86;" / Ligne H : Paris Nord - Pontoise 03/01-16/12 / <p>Période : en soirée<br>Dates : du lundi 03 janvier au vendredi 16 décembre 2022, sauf les week-ends, le mardi 21 juin et les jours féries.<br>Le trafic est interrompu entre Paris Gare du Nord et Pontoise.<br>Un service de bus de remplacement est mis en place, avec desserte des gares intermédiaires.<br><a href=""https://transilien.com/sites/transilien/files/2022-02/20220627-h-paris-pontoise-du27juinau16decembre.pdf"" target=""_blank"">Pour plus d'informations sur les horaires du lundi 27 juin au vendredi 16 décembre sauf les jours fériés, cliquez ici pour télécharger l'affiche PDF.</a><br>Les horaires du calculateur d'itinéraire  tiennent compte des travaux.<br>Motif : travaux.</p>";20220701T122508;Transilien Train Transilien H;14ba970c-f928-11ec-baf9-005056a47b86;travaux
active;Incidents;30;perturbée;SIGNIFICANT_DELAYS;20221109T222000;20221110T030000;14ba970c-f928-11ec-baf9-005056a47b86;" / Ligne H : Paris Nord - Pontoise 03/01-16/12 / <p>Période : en soirée<br>Dates : du lundi 03 janvier au vendredi 16 décembre 2022, sauf les week-ends, le mardi 21 juin et les jours féries.<br>Le trafic est interrompu entre Paris Gare du Nord et Pontoise.<br>Un service de bus de remplacement est mis en place, avec desserte des gares intermédiaires.<br><a href=""https://transilien.com/sites/transilien/files/2022-02/20220627-h-paris-pontoise-du27juinau16decembre.pdf"" target=""_blank"">Pour plus d'informations sur les horaires du lundi 27 juin au vendredi 16 décembre sauf les jours fériés, cliquez ici pour télécharger l'affiche PDF.</a><br>Les horaires du calculateur d'itinéraire  tiennent compte des travaux.<br>Motif : travaux.</p>";20220701T122508;Transilien Train Transilien H;14ba970c-f928-11ec-baf9-005056a47b86;travaux
active;Incidents;30;perturbée;SIGNIFICANT_DELAYS;20221108T222000;20221109T030000;14ba970c-f928-11ec-baf9-005056a47b86;" / Ligne H : Paris Nord - Pontoise 03/01-16/12 / <p>Période : en soirée<br>Dates : du lundi 03 janvier au vendredi 16 décembre 2022, sauf les week-ends, le mardi 21 juin et les jours féries.<br>Le trafic est interrompu entre Paris Gare du Nord et Pontoise.<br>Un service de bus de remplacement est mis en place, avec desserte des gares intermédiaires.<br><a href=""https://transilien.com/sites/transilien/files/2022-02/20220627-h-paris-pontoise-du27juinau16decembre.pdf"" target=""_blank"">Pour plus d'informations sur les horaires du lundi 27 juin au vendredi 16 décembre sauf les jours fériés, cliquez ici pour télécharger l'affiche PDF.</a><br>Les horaires du calculateur d'itinéraire  tiennent compte des travaux.<br>Motif : travaux.</p>";20220701T122508;Transilien Train Transilien H;14ba970c-f928-11ec-baf9-005056a47b86;travaux
active;Incidents;30;perturbée;SIGNIFICANT_DELAYS;20221107T222000;20221108T030000;14ba970c-f928-11ec-baf9-005056a47b86;" / Ligne H : Paris Nord - Pontoise 03/01-16/12 / <p>Période : en soirée<br>Dates : du lundi 03 janvier au vendredi 16 décembre 2022, sauf les week-ends, le mardi 21 juin et les jours féries.<br>Le trafic est interrompu entre Paris Gare du Nord et Pontoise.<br>Un service de bus de remplacement est mis en place, avec desserte des gares intermédiaires.<br><a href=""https://transilien.com/sites/transilien/files/2022-02/20220627-h-paris-pontoise-du27juinau16decembre.pdf"" target=""_blank"">Pour plus d'informations sur les horaires du lundi 27 juin au vendredi 16 décembre sauf les jours fériés, cliquez ici pour télécharger l'affiche PDF.</a><br>Les horaires du calculateur d'itinéraire  tiennent compte des travaux.<br>Motif : travaux.</p>";20220701T122508;Transilien Train Transilien H;14ba970c-f928-11ec-baf9-005056a47b86;travaux
active;Incidents;30;perturbée;SIGNIFICANT_DELAYS;20221104T222000;20221105T030000;14ba970c-f928-11ec-baf9-005056a47b86;" / Ligne H : Paris Nord - Pontoise 03/01-16/12 / <p>Période : en soirée<br>Dates : du lundi 03 janvier au vendredi 16 décembre 2022, sauf les week-ends, le mardi 21 juin et les jours féries.<br>Le trafic est interrompu entre Paris Gare du Nord et Pontoise.<br>Un service de bus de remplacement est mis en place, avec desserte des gares intermédiaires.<br><a href=""https://transilien.com/sites/transilien/files/2022-02/20220627-h-paris-pontoise-du27juinau16decembre.pdf"" target=""_blank"">Pour plus d'informations sur les horaires du lundi 27 juin au vendredi 16 décembre sauf les jours fériés, cliquez ici pour télécharger l'affiche PDF.</a><br>Les horaires du calculateur d'itinéraire  tiennent compte des travaux.<br>Motif : travaux.</p>";20220701T122508;Transilien Train Transilien H;14ba970c-f928-11ec-baf9-005056a47b86;travaux
active;Incidents;30;perturbée;SIGNIFICANT_DELAYS;20221103T222000;20221104T030000;14ba970c-f928-11ec-baf9-005056a47b86;" / Ligne H : Paris Nord - Pontoise 03/01-16/12 / <p>Période : en soirée<br>Dates : du lundi 03 janvier au vendredi 16 décembre 2022, sauf les week-ends, le mardi 21 juin et les jours féries.<br>Le trafic est interrompu entre Paris Gare du Nord et Pontoise.<br>Un service de bus de remplacement est mis en place, avec desserte des gares intermédiaires.<br><a href=""https://transilien.com/sites/transilien/files/2022-02/20220627-h-paris-pontoise-du27juinau16decembre.pdf"" target=""_blank"">Pour plus d'informations sur les horaires du lundi 27 juin au vendredi 16 décembre sauf les jours fériés, cliquez ici pour télécharger l'affiche PDF.</a><br>Les horaires du calculateur d'itinéraire  tiennent compte des travaux.<br>Motif : travaux.</p>";20220701T122508;Transilien Train Transilien H;14ba970c-f928-11ec-baf9-005056a47b86;travaux
active;Incidents;30;perturbée;SIGNIFICANT_DELAYS;20221102T222000;20221103T030000;14ba970c-f928-11ec-baf9-005056a47b86;" / Ligne H : Paris Nord - Pontoise 03/01-16/12 / <p>Période : en soirée<br>Dates : du lundi 03 janvier au vendredi 16 décembre 2022, sauf les week-ends, le mardi 21 juin et les jours féries.<br>Le trafic est interrompu entre Paris Gare du Nord et Pontoise.<br>Un service de bus de remplacement est mis en place, avec desserte des gares intermédiaires.<br><a href=""https://transilien.com/sites/transilien/files/2022-02/20220627-h-paris-pontoise-du27juinau16decembre.pdf"" target=""_blank"">Pour plus d'informations sur les horaires du lundi 27 juin au vendredi 16 décembre sauf les jours fériés, cliquez ici pour télécharger l'affiche PDF.</a><br>Les horaires du calculateur d'itinéraire  tiennent compte des travaux.<br>Motif : travaux.</p>";20220701T122508;Transilien Train Transilien H;14ba970c-f928-11ec-baf9-005056a47b86;travaux
active;Incidents;30;perturbée;SIGNIFICANT_DELAYS;20221101T222000;20221102T030000;14ba970c-f928-11ec-baf9-005056a47b86;" / Ligne H : Paris Nord - Pontoise 03/01-16/12 / <p>Période : en soirée<br>Dates : du lundi 03 janvier au vendredi 16 décembre 2022, sauf les week-ends, le mardi 21 juin et les jours féries.<br>Le trafic est interrompu entre Paris Gare du Nord et Pontoise.<br>Un service de bus de remplacement est mis en place, avec desserte des gares intermédiaires.<br><a href=""https://transilien.com/sites/transilien/files/2022-02/20220627-h-paris-pontoise-du27juinau16decembre.pdf"" target=""_blank"">Pour plus d'informations sur les horaires du lundi 27 juin au vendredi 16 décembre sauf les jours fériés, cliquez ici pour télécharger l'affiche PDF.</a><br>Les horaires du calculateur d'itinéraire  tiennent compte des travaux.<br>Motif : travaux.</p>";20220701T122508;Transilien Train Transilien H;14ba970c-f928-11ec-baf9-005056a47b86;travaux
active;Incidents;30;perturbée;SIGNIFICANT_DELAYS;20221031T222000;20221101T030000;14ba970c-f928-11ec-baf9-005056a47b86;" / Ligne H : Paris Nord - Pontoise 03/01-16/12 / <p>Période : en soirée<br>Dates : du lundi 03 janvier au vendredi 16 décembre 2022, sauf les week-ends, le mardi 21 juin et les jours féries.<br>Le trafic est interrompu entre Paris Gare du Nord et Pontoise.<br>Un service de bus de remplacement est mis en place, avec desserte des gares intermédiaires.<br><a href=""https://transilien.com/sites/transilien/files/2022-02/20220627-h-paris-pontoise-du27juinau16decembre.pdf"" target=""_blank"">Pour plus d'informations sur les horaires du lundi 27 juin au vendredi 16 décembre sauf les jours fériés, cliquez ici pour télécharger l'affiche PDF.</a><br>Les horaires du calculateur d'itinéraire  tiennent compte des travaux.<br>Motif : travaux.</p>";20220701T122508;Transilien Train Transilien H;14ba970c-f928-11ec-baf9-005056a47b86;travaux
active;Incidents;30;perturbée;SIGNIFICANT_DELAYS;20221028T222000;20221029T030000;14ba970c-f928-11ec-baf9-005056a47b86;" / Ligne H : Paris Nord - Pontoise 03/01-16/12 / <p>Période : en soirée<br>Dates : du lundi 03 janvier au vendredi 16 décembre 2022, sauf les week-ends, le mardi 21 juin et les jours féries.<br>Le trafic est interrompu entre Paris Gare du Nord et Pontoise.<br>Un service de bus de remplacement est mis en place, avec desserte des gares intermédiaires.<br><a href=""https://transilien.com/sites/transilien/files/2022-02/20220627-h-paris-pontoise-du27juinau16decembre.pdf"" target=""_blank"">Pour plus d'informations sur les horaires du lundi 27 juin au vendredi 16 décembre sauf les jours fériés, cliquez ici pour télécharger l'affiche PDF.</a><br>Les horaires du calculateur d'itinéraire  tiennent compte des travaux.<br>Motif : travaux.</p>";20220701T122508;Transilien Train Transilien H;14ba970c-f928-11ec-baf9-005056a47b86;travaux
active;Incidents;30;perturbée;SIGNIFICANT_DELAYS;20221027T222000;20221028T030000;14ba970c-f928-11ec-baf9-005056a47b86;" / Ligne H : Paris Nord - Pontoise 03/01-16/12 / <p>Période : en soirée<br>Dates : du lundi 03 janvier au vendredi 16 décembre 2022, sauf les week-ends, le mardi 21 juin et les jours féries.<br>Le trafic est interrompu entre Paris Gare du Nord et Pontoise.<br>Un service de bus de remplacement est mis en place, avec desserte des gares intermédiaires.<br><a href=""https://transilien.com/sites/transilien/files/2022-02/20220627-h-paris-pontoise-du27juinau16decembre.pdf"" target=""_blank"">Pour plus d'informations sur les horaires du lundi 27 juin au vendredi 16 décembre sauf les jours fériés, cliquez ici pour télécharger l'affiche PDF.</a><br>Les horaires du calculateur d'itinéraire  tiennent compte des travaux.<br>Motif : travaux.</p>";20220701T122508;Transilien Train Transilien H;14ba970c-f928-11ec-baf9-005056a47b86;travaux
active;Incidents;30;perturbée;SIGNIFICANT_DELAYS;20221026T222000;20221027T030000;14ba970c-f928-11ec-baf9-005056a47b86;" / Ligne H : Paris Nord - Pontoise 03/01-16/12 / <p>Période : en soirée<br>Dates : du lundi 03 janvier au vendredi 16 décembre 2022, sauf les week-ends, le mardi 21 juin et les jours féries.<br>Le trafic est interrompu entre Paris Gare du Nord et Pontoise.<br>Un service de bus de remplacement est mis en place, avec desserte des gares intermédiaires.<br><a href=""https://transilien.com/sites/transilien/files/2022-02/20220627-h-paris-pontoise-du27juinau16decembre.pdf"" target=""_blank"">Pour plus d'informations sur les horaires du lundi 27 juin au vendredi 16 décembre sauf les jours fériés, cliquez ici pour télécharger l'affiche PDF.</a><br>Les horaires du calculateur d'itinéraire  tiennent compte des travaux.<br>Motif : travaux.</p>";20220701T122508;Transilien Train Transilien H;14ba970c-f928-11ec-baf9-005056a47b86;travaux
active;Incidents;30;perturbée;SIGNIFICANT_DELAYS;20221025T222000;20221026T030000;14ba970c-f928-11ec-baf9-005056a47b86;" / Ligne H : Paris Nord - Pontoise 03/01-16/12 / <p>Période : en soirée<br>Dates : du lundi 03 janvier au vendredi 16 décembre 2022, sauf les week-ends, le mardi 21 juin et les jours féries.<br>Le trafic est interrompu entre Paris Gare du Nord et Pontoise.<br>Un service de bus de remplacement est mis en place, avec desserte des gares intermédiaires.<br><a href=""https://transilien.com/sites/transilien/files/2022-02/20220627-h-paris-pontoise-du27juinau16decembre.pdf"" target=""_blank"">Pour plus d'informations sur les horaires du lundi 27 juin au vendredi 16 décembre sauf les jours fériés, cliquez ici pour télécharger l'affiche PDF.</a><br>Les horaires du calculateur d'itinéraire  tiennent compte des travaux.<br>Motif : travaux.</p>";20220701T122508;Transilien Train Transilien H;14ba970c-f928-11ec-baf9-005056a47b86;travaux
active;Incidents;30;perturbée;SIGNIFICANT_DELAYS;20221024T222000;20221025T030000;14ba970c-f928-11ec-baf9-005056a47b86;" / Ligne H : Paris Nord - Pontoise 03/01-16/12 / <p>Période : en soirée<br>Dates : du lundi 03 janvier au vendredi 16 décembre 2022, sauf les week-ends, le mardi 21 juin et les jours féries.<br>Le trafic est interrompu entre Paris Gare du Nord et Pontoise.<br>Un service de bus de remplacement est mis en place, avec desserte des gares intermédiaires.<br><a href=""https://transilien.com/sites/transilien/files/2022-02/20220627-h-paris-pontoise-du27juinau16decembre.pdf"" target=""_blank"">Pour plus d'informations sur les horaires du lundi 27 juin au vendredi 16 décembre sauf les jours fériés, cliquez ici pour télécharger l'affiche PDF.</a><br>Les horaires du calculateur d'itinéraire  tiennent compte des travaux.<br>Motif : travaux.</p>";20220701T122508;Transilien Train Transilien H;14ba970c-f928-11ec-baf9-005056a47b86;travaux
active;Incidents;30;perturbée;SIGNIFICANT_DELAYS;20221021T222000;20221022T030000;14ba970c-f928-11ec-baf9-005056a47b86;" / Ligne H : Paris Nord - Pontoise 03/01-16/12 / <p>Période : en soirée<br>Dates : du lundi 03 janvier au vendredi 16 décembre 2022, sauf les week-ends, le mardi 21 juin et les jours féries.<br>Le trafic est interrompu entre Paris Gare du Nord et Pontoise.<br>Un service de bus de remplacement est mis en place, avec desserte des gares intermédiaires.<br><a href=""https://transilien.com/sites/transilien/files/2022-02/20220627-h-paris-pontoise-du27juinau16decembre.pdf"" target=""_blank"">Pour plus d'informations sur les horaires du lundi 27 juin au vendredi 16 décembre sauf les jours fériés, cliquez ici pour télécharger l'affiche PDF.</a><br>Les horaires du calculateur d'itinéraire  tiennent compte des travaux.<br>Motif : travaux.</p>";20220701T122508;Transilien Train Transilien H;14ba970c-f928-11ec-baf9-005056a47b86;travaux
active;Incidents;30;perturbée;SIGNIFICANT_DELAYS;20221020T222000;20221021T030000;14ba970c-f928-11ec-baf9-005056a47b86;" / Ligne H : Paris Nord - Pontoise 03/01-16/12 / <p>Période : en soirée<br>Dates : du lundi 03 janvier au vendredi 16 décembre 2022, sauf les week-ends, le mardi 21 juin et les jours féries.<br>Le trafic est interrompu entre Paris Gare du Nord et Pontoise.<br>Un service de bus de remplacement est mis en place, avec desserte des gares intermédiaires.<br><a href=""https://transilien.com/sites/transilien/files/2022-02/20220627-h-paris-pontoise-du27juinau16decembre.pdf"" target=""_blank"">Pour plus d'informations sur les horaires du lundi 27 juin au vendredi 16 décembre sauf les jours fériés, cliquez ici pour télécharger l'affiche PDF.</a><br>Les horaires du calculateur d'itinéraire  tiennent compte des travaux.<br>Motif : travaux.</p>";20220701T122508;Transilien Train Transilien H;14ba970c-f928-11ec-baf9-005056a47b86;travaux
active;Incidents;30;perturbée;SIGNIFICANT_DELAYS;20221019T222000;20221020T030000;14ba970c-f928-11ec-baf9-005056a47b86;" / Ligne H : Paris Nord - Pontoise 03/01-16/12 / <p>Période : en soirée<br>Dates : du lundi 03 janvier au vendredi 16 décembre 2022, sauf les week-ends, le mardi 21 juin et les jours féries.<br>Le trafic est interrompu entre Paris Gare du Nord et Pontoise.<br>Un service de bus de remplacement est mis en place, avec desserte des gares intermédiaires.<br><a href=""https://transilien.com/sites/transilien/files/2022-02/20220627-h-paris-pontoise-du27juinau16decembre.pdf"" target=""_blank"">Pour plus d'informations sur les horaires du lundi 27 juin au vendredi 16 décembre sauf les jours fériés, cliquez ici pour télécharger l'affiche PDF.</a><br>Les horaires du calculateur d'itinéraire  tiennent compte des travaux.<br>Motif : travaux.</p>";20220701T122508;Transilien Train Transilien H;14ba970c-f928-11ec-baf9-005056a47b86;travaux
active;Incidents;30;perturbée;SIGNIFICANT_DELAYS;20221018T222000;20221019T030000;14ba970c-f928-11ec-baf9-005056a47b86;" / Ligne H : Paris Nord - Pontoise 03/01-16/12 / <p>Période : en soirée<br>Dates : du lundi 03 janvier au vendredi 16 décembre 2022, sauf les week-ends, le mardi 21 juin et les jours féries.<br>Le trafic est interrompu entre Paris Gare du Nord et Pontoise.<br>Un service de bus de remplacement est mis en place, avec desserte des gares intermédiaires.<br><a href=""https://transilien.com/sites/transilien/files/2022-02/20220627-h-paris-pontoise-du27juinau16decembre.pdf"" target=""_blank"">Pour plus d'informations sur les horaires du lundi 27 juin au vendredi 16 décembre sauf les jours fériés, cliquez ici pour télécharger l'affiche PDF.</a><br>Les horaires du calculateur d'itinéraire  tiennent compte des travaux.<br>Motif : travaux.</p>";20220701T122508;Transilien Train Transilien H;14ba970c-f928-11ec-baf9-005056a47b86;travaux
active;Incidents;30;perturbée;SIGNIFICANT_DELAYS;20221017T222000;20221018T030000;14ba970c-f928-11ec-baf9-005056a47b86;" / Ligne H : Paris Nord - Pontoise 03/01-16/12 / <p>Période : en soirée<br>Dates : du lundi 03 janvier au vendredi 16 décembre 2022, sauf les week-ends, le mardi 21 juin et les jours féries.<br>Le trafic est interrompu entre Paris Gare du Nord et Pontoise.<br>Un service de bus de remplacement est mis en place, avec desserte des gares intermédiaires.<br><a href=""https://transilien.com/sites/transilien/files/2022-02/20220627-h-paris-pontoise-du27juinau16decembre.pdf"" target=""_blank"">Pour plus d'informations sur les horaires du lundi 27 juin au vendredi 16 décembre sauf les jours fériés, cliquez ici pour télécharger l'affiche PDF.</a><br>Les horaires du calculateur d'itinéraire  tiennent compte des travaux.<br>Motif : travaux.</p>";20220701T122508;Transilien Train Transilien H;14ba970c-f928-11ec-baf9-005056a47b86;travaux
active;Incidents;30;perturbée;SIGNIFICANT_DELAYS;20221014T222000;20221015T030000;14ba970c-f928-11ec-baf9-005056a47b86;" / Ligne H : Paris Nord - Pontoise 03/01-16/12 / <p>Période : en soirée<br>Dates : du lundi 03 janvier au vendredi 16 décembre 2022, sauf les week-ends, le mardi 21 juin et les jours féries.<br>Le trafic est interrompu entre Paris Gare du Nord et Pontoise.<br>Un service de bus de remplacement est mis en place, avec desserte des gares intermédiaires.<br><a href=""https://transilien.com/sites/transilien/files/2022-02/20220627-h-paris-pontoise-du27juinau16decembre.pdf"" target=""_blank"">Pour plus d'informations sur les horaires du lundi 27 juin au vendredi 16 décembre sauf les jours fériés, cliquez ici pour télécharger l'affiche PDF.</a><br>Les horaires du calculateur d'itinéraire  tiennent compte des travaux.<br>Motif : travaux.</p>";20220701T122508;Transilien Train Transilien H;14ba970c-f928-11ec-baf9-005056a47b86;travaux
active;Incidents;30;perturbée;SIGNIFICANT_DELAYS;20221013T222000;20221014T030000;14ba970c-f928-11ec-baf9-005056a47b86;" / Ligne H : Paris Nord - Pontoise 03/01-16/12 / <p>Période : en soirée<br>Dates : du lundi 03 janvier au vendredi 16 décembre 2022, sauf les week-ends, le mardi 21 juin et les jours féries.<br>Le trafic est interrompu entre Paris Gare du Nord et Pontoise.<br>Un service de bus de remplacement est mis en place, avec desserte des gares intermédiaires.<br><a href=""https://transilien.com/sites/transilien/files/2022-02/20220627-h-paris-pontoise-du27juinau16decembre.pdf"" target=""_blank"">Pour plus d'informations sur les horaires du lundi 27 juin au vendredi 16 décembre sauf les jours fériés, cliquez ici pour télécharger l'affiche PDF.</a><br>Les horaires du calculateur d'itinéraire  tiennent compte des travaux.<br>Motif : travaux.</p>";20220701T122508;Transilien Train Transilien H;14ba970c-f928-11ec-baf9-005056a47b86;travaux
active;Incidents;30;perturbée;SIGNIFICANT_DELAYS;20221012T222000;20221013T030000;14ba970c-f928-11ec-baf9-005056a47b86;" / Ligne H : Paris Nord - Pontoise 03/01-16/12 / <p>Période : en soirée<br>Dates : du lundi 03 janvier au vendredi 16 décembre 2022, sauf les week-ends, le mardi 21 juin et les jours féries.<br>Le trafic est interrompu entre Paris Gare du Nord et Pontoise.<br>Un service de bus de remplacement est mis en place, avec desserte des gares intermédiaires.<br><a href=""https://transilien.com/sites/transilien/files/2022-02/20220627-h-paris-pontoise-du27juinau16decembre.pdf"" target=""_blank"">Pour plus d'informations sur les horaires du lundi 27 juin au vendredi 16 décembre sauf les jours fériés, cliquez ici pour télécharger l'affiche PDF.</a><br>Les horaires du calculateur d'itinéraire  tiennent compte des travaux.<br>Motif : travaux.</p>";20220701T122508;Transilien Train Transilien H;14ba970c-f928-11ec-baf9-005056a47b86;travaux
active;Incidents;30;perturbée;SIGNIFICANT_DELAYS;20221011T222000;20221012T030000;14ba970c-f928-11ec-baf9-005056a47b86;" / Ligne H : Paris Nord - Pontoise 03/01-16/12 / <p>Période : en soirée<br>Dates : du lundi 03 janvier au vendredi 16 décembre 2022, sauf les week-ends, le mardi 21 juin et les jours féries.<br>Le trafic est interrompu entre Paris Gare du Nord et Pontoise.<br>Un service de bus de remplacement est mis en place, avec desserte des gares intermédiaires.<br><a href=""https://transilien.com/sites/transilien/files/2022-02/20220627-h-paris-pontoise-du27juinau16decembre.pdf"" target=""_blank"">Pour plus d'informations sur les horaires du lundi 27 juin au vendredi 16 décembre sauf les jours fériés, cliquez ici pour télécharger l'affiche PDF.</a><br>Les horaires du calculateur d'itinéraire  tiennent compte des travaux.<br>Motif : travaux.</p>";20220701T122508;Transilien Train Transilien H;14ba970c-f928-11ec-baf9-005056a47b86;travaux
active;Incidents;30;perturbée;SIGNIFICANT_DELAYS;20221010T222000;20221011T030000;14ba970c-f928-11ec-baf9-005056a47b86;" / Ligne H : Paris Nord - Pontoise 03/01-16/12 / <p>Période : en soirée<br>Dates : du lundi 03 janvier au vendredi 16 décembre 2022, sauf les week-ends, le mardi 21 juin et les jours féries.<br>Le trafic est interrompu entre Paris Gare du Nord et Pontoise.<br>Un service de bus de remplacement est mis en place, avec desserte des gares intermédiaires.<br><a href=""https://transilien.com/sites/transilien/files/2022-02/20220627-h-paris-pontoise-du27juinau16decembre.pdf"" target=""_blank"">Pour plus d'informations sur les horaires du lundi 27 juin au vendredi 16 décembre sauf les jours fériés, cliquez ici pour télécharger l'affiche PDF.</a><br>Les horaires du calculateur d'itinéraire  tiennent compte des travaux.<br>Motif : travaux.</p>";20220701T122508;Transilien Train Transilien H;14ba970c-f928-11ec-baf9-005056a47b86;travaux
future;Incidents;30;perturbée;SIGNIFICANT_DELAYS;20220404T200000;20220405T033000;b3e5375e-f952-11ec-88d1-005056a47b86;" / Ligne H : Paris-Persan via Valmondois 27/06 -16/12 / <p>Période : à partir de 22h30<br>Dates : du lundi 27 juin jusqu'au vendredi 16 décembre sauf les week-ends et jours fériés.<br>Le trafic est interrompu entre Paris Gare du Nord et Persan - Beaumont via Valmondois.<br>En conséquence, un service de bus de remplacement est mis en place, avec desserte des gares intermédiaires.<br><a href=""https://www.transilien.com/sites/transilien/files/sentinelle-20220701-hparisermontpersanviavalmondois-jusquau16decembre.pdf"" target="""">Pour plus d'informations sur les horaires du lundi 27 juin au vendredi 16 décembre sauf week-ends et jours fériés, cliquez ici pour télécharger l'affiche PDF.</a><br><a href=""https://www.transilien.com/sites/transilien/files/sentinelle-20220418-h-ermontvalmondoispersan-18avril26maiet6juin.pdf"" target="""">Pour plus d'informations sur les horaires des jours fériés, cliquez ici pour télécharger l'affiche PDF.</a><br>Attention à partir du lundi 11 avril 2022 : les arrêts bus de la gare de Vaucelles et Saint-Leu la Forêt sont déplacés, pour connaître les nouveaux emplacements cliquez ici :<br>- <a href=""https://www.transilien.com/sites/transilien/files/sentinelle-20220409-h-pointdarretbus-vaucelles.pdf"" target="""">Gare de Vaucelles</a><br>- <a href=""https://www.transilien.com/sites/transilien/files/sentinelle-20220409-h-pointdarretbus-stleulaforet.pdf"" target="""">Gare de Saint-Leu la Forêt</a><br>Les horaires du calculateur d'itinéraire tiennent compte de ces travaux.﻿<br>Motif : travaux.</p>";20220701T173014;Transilien Train Transilien H;b3e5375e-f952-11ec-88d1-005056a47b86;travaux
future;Incidents;30;perturbée;SIGNIFICANT_DELAYS;20220217T200000;20220218T033000;b3e5375e-f952-11ec-88d1-005056a47b86;" / Ligne H : Paris-Persan via Valmondois 27/06 -16/12 / <p>Période : à partir de 22h30<br>Dates : du lundi 27 juin jusqu'au vendredi 16 décembre sauf les week-ends et jours fériés.<br>Le trafic est interrompu entre Paris Gare du Nord et Persan - Beaumont via Valmondois.<br>En conséquence, un service de bus de remplacement est mis en place, avec desserte des gares intermédiaires.<br><a href=""https://www.transilien.com/sites/transilien/files/sentinelle-20220701-hparisermontpersanviavalmondois-jusquau16decembre.pdf"" target="""">Pour plus d'informations sur les horaires du lundi 27 juin au vendredi 16 décembre sauf week-ends et jours fériés, cliquez ici pour télécharger l'affiche PDF.</a><br><a href=""https://www.transilien.com/sites/transilien/files/sentinelle-20220418-h-ermontvalmondoispersan-18avril26maiet6juin.pdf"" target="""">Pour plus d'informations sur les horaires des jours fériés, cliquez ici pour télécharger l'affiche PDF.</a><br>Attention à partir du lundi 11 avril 2022 : les arrêts bus de la gare de Vaucelles et Saint-Leu la Forêt sont déplacés, pour connaître les nouveaux emplacements cliquez ici :<br>- <a href=""https://www.transilien.com/sites/transilien/files/sentinelle-20220409-h-pointdarretbus-vaucelles.pdf"" target="""">Gare de Vaucelles</a><br>- <a href=""https://www.transilien.com/sites/transilien/files/sentinelle-20220409-h-pointdarretbus-stleulaforet.pdf"" target="""">Gare de Saint-Leu la Forêt</a><br>Les horaires du calculateur d'itinéraire tiennent compte de ces travaux.﻿<br>Motif : travaux.</p>";20220701T173014;Transilien Train Transilien H;b3e5375e-f952-11ec-88d1-005056a47b86;travaux
future;Incidents;30;perturbée;SIGNIFICANT_DELAYS;20220223T200000;20220224T033000;b3e5375e-f952-11ec-88d1-005056a47b86;" / Ligne H : Paris-Persan via Valmondois 27/06 -16/12 / <p>Période : à partir de 22h30<br>Dates : du lundi 27 juin jusqu'au vendredi 16 décembre sauf les week-ends et jours fériés.<br>Le trafic est interrompu entre Paris Gare du Nord et Persan - Beaumont via Valmondois.<br>En conséquence, un service de bus de remplacement est mis en place, avec desserte des gares intermédiaires.<br><a href=""https://www.transilien.com/sites/transilien/files/sentinelle-20220701-hparisermontpersanviavalmondois-jusquau16decembre.pdf"" target="""">Pour plus d'informations sur les horaires du lundi 27 juin au vendredi 16 décembre sauf week-ends et jours fériés, cliquez ici pour télécharger l'affiche PDF.</a><br><a href=""https://www.transilien.com/sites/transilien/files/sentinelle-20220418-h-ermontvalmondoispersan-18avril26maiet6juin.pdf"" target="""">Pour plus d'informations sur les horaires des jours fériés, cliquez ici pour télécharger l'affiche PDF.</a><br>Attention à partir du lundi 11 avril 2022 : les arrêts bus de la gare de Vaucelles et Saint-Leu la Forêt sont déplacés, pour connaître les nouveaux emplacements cliquez ici :<br>- <a href=""https://www.transilien.com/sites/transilien/files/sentinelle-20220409-h-pointdarretbus-vaucelles.pdf"" target="""">Gare de Vaucelles</a><br>- <a href=""https://www.transilien.com/sites/transilien/files/sentinelle-20220409-h-pointdarretbus-stleulaforet.pdf"" target="""">Gare de Saint-Leu la Forêt</a><br>Les horaires du calculateur d'itinéraire tiennent compte de ces travaux.﻿<br>Motif : travaux.</p>";20220701T173014;Transilien Train Transilien H;b3e5375e-f952-11ec-88d1-005056a47b86;travaux
future;Incidents;30;perturbée;SIGNIFICANT_DELAYS;20220301T200000;20220302T033000;b3e5375e-f952-11ec-88d1-005056a47b86;" / Ligne H : Paris-Persan via Valmondois 27/06 -16/12 / <p>Période : à partir de 22h30<br>Dates : du lundi 27 juin jusqu'au vendredi 16 décembre sauf les week-ends et jours fériés.<br>Le trafic est interrompu entre Paris Gare du Nord et Persan - Beaumont via Valmondois.<br>En conséquence, un service de bus de remplacement est mis en place, avec desserte des gares intermédiaires.<br><a href=""https://www.transilien.com/sites/transilien/files/sentinelle-20220701-hparisermontpersanviavalmondois-jusquau16decembre.pdf"" target="""">Pour plus d'informations sur les horaires du lundi 27 juin au vendredi 16 décembre sauf week-ends et jours fériés, cliquez ici pour télécharger l'affiche PDF.</a><br><a href=""https://www.transilien.com/sites/transilien/files/sentinelle-20220418-h-ermontvalmondoispersan-18avril26maiet6juin.pdf"" target="""">Pour plus d'informations sur les horaires des jours fériés, cliquez ici pour télécharger l'affiche PDF.</a><br>Attention à partir du lundi 11 avril 2022 : les arrêts bus de la gare de Vaucelles et Saint-Leu la Forêt sont déplacés, pour connaître les nouveaux emplacements cliquez ici :<br>- <a href=""https://www.transilien.com/sites/transilien/files/sentinelle-20220409-h-pointdarretbus-vaucelles.pdf"" target="""">Gare de Vaucelles</a><br>- <a href=""https://www.transilien.com/sites/transilien/files/sentinelle-20220409-h-pointdarretbus-stleulaforet.pdf"" target="""">Gare de Saint-Leu la Forêt</a><br>Les horaires du calculateur d'itinéraire tiennent compte de ces travaux.﻿<br>Motif : travaux.</p>";20220701T173014;Transilien Train Transilien H;b3e5375e-f952-11ec-88d1-005056a47b86;travaux
future;Incidents;30;perturbée;SIGNIFICANT_DELAYS;20220307T200000;20220308T033000;b3e5375e-f952-11ec-88d1-005056a47b86;" / Ligne H : Paris-Persan via Valmondois 27/06 -16/12 / <p>Période : à partir de 22h30<br>Dates : du lundi 27 juin jusqu'au vendredi 16 décembre sauf les week-ends et jours fériés.<br>Le trafic est interrompu entre Paris Gare du Nord et Persan - Beaumont via Valmondois.<br>En conséquence, un service de bus de remplacement est mis en place, avec desserte des gares intermédiaires.<br><a href=""https://www.transilien.com/sites/transilien/files/sentinelle-20220701-hparisermontpersanviavalmondois-jusquau16decembre.pdf"" target="""">Pour plus d'informations sur les horaires du lundi 27 juin au vendredi 16 décembre sauf week-ends et jours fériés, cliquez ici pour télécharger l'affiche PDF.</a><br><a href=""https://www.transilien.com/sites/transilien/files/sentinelle-20220418-h-ermontvalmondoispersan-18avril26maiet6juin.pdf"" target="""">Pour plus d'informations sur les horaires des jours fériés, cliquez ici pour télécharger l'affiche PDF.</a><br>Attention à partir du lundi 11 avril 2022 : les arrêts bus de la gare de Vaucelles et Saint-Leu la Forêt sont déplacés, pour connaître les nouveaux emplacements cliquez ici :<br>- <a href=""https://www.transilien.com/sites/transilien/files/sentinelle-20220409-h-pointdarretbus-vaucelles.pdf"" target="""">Gare de Vaucelles</a><br>- <a href=""https://www.transilien.com/sites/transilien/files/sentinelle-20220409-h-pointdarretbus-stleulaforet.pdf"" target="""">Gare de Saint-Leu la Forêt</a><br>Les horaires du calculateur d'itinéraire tiennent compte de ces travaux.﻿<br>Motif : travaux.</p>";20220701T173014;Transilien Train Transilien H;b3e5375e-f952-11ec-88d1-005056a47b86;travaux
future;Incidents;30;perturbée;SIGNIFICANT_DELAYS;20220311T200000;20220312T033000;b3e5375e-f952-11ec-88d1-005056a47b86;" / Ligne H : Paris-Persan via Valmondois 27/06 -16/12 / <p>Période : à partir de 22h30<br>Dates : du lundi 27 juin jusqu'au vendredi 16 décembre sauf les week-ends et jours fériés.<br>Le trafic est interrompu entre Paris Gare du Nord et Persan - Beaumont via Valmondois.<br>En conséquence, un service de bus de remplacement est mis en place, avec desserte des gares intermédiaires.<br><a href=""https://www.transilien.com/sites/transilien/files/sentinelle-20220701-hparisermontpersanviavalmondois-jusquau16decembre.pdf"" target="""">Pour plus d'informations sur les horaires du lundi 27 juin au vendredi 16 décembre sauf week-ends et jours fériés, cliquez ici pour télécharger l'affiche PDF.</a><br><a href=""https://www.transilien.com/sites/transilien/files/sentinelle-20220418-h-ermontvalmondoispersan-18avril26maiet6juin.pdf"" target="""">Pour plus d'informations sur les horaires des jours fériés, cliquez ici pour télécharger l'affiche PDF.</a><br>Attention à partir du lundi 11 avril 2022 : les arrêts bus de la gare de Vaucelles et Saint-Leu la Forêt sont déplacés, pour connaître les nouveaux emplacements cliquez ici :<br>- <a href=""https://www.transilien.com/sites/transilien/files/sentinelle-20220409-h-pointdarretbus-vaucelles.pdf"" target="""">Gare de Vaucelles</a><br>- <a href=""https://www.transilien.com/sites/transilien/files/sentinelle-20220409-h-pointdarretbus-stleulaforet.pdf"" target="""">Gare de Saint-Leu la Forêt</a><br>Les horaires du calculateur d'itinéraire tiennent compte de ces travaux.﻿<br>Motif : travaux.</p>";20220701T173014;Transilien Train Transilien H;b3e5375e-f952-11ec-88d1-005056a47b86;travaux
future;Incidents;30;perturbée;SIGNIFICANT_DELAYS;20220317T200000;20220318T033000;b3e5375e-f952-11ec-88d1-005056a47b86;" / Ligne H : Paris-Persan via Valmondois 27/06 -16/12 / <p>Période : à partir de 22h30<br>Dates : du lundi 27 juin jusqu'au vendredi 16 décembre sauf les week-ends et jours fériés.<br>Le trafic est interrompu entre Paris Gare du Nord et Persan - Beaumont via Valmondois.<br>En conséquence, un service de bus de remplacement est mis en place, avec desserte des gares intermédiaires.<br><a href=""https://www.transilien.com/sites/transilien/files/sentinelle-20220701-hparisermontpersanviavalmondois-jusquau16decembre.pdf"" target="""">Pour plus d'informations sur les horaires du lundi 27 juin au vendredi 16 décembre sauf week-ends et jours fériés, cliquez ici pour télécharger l'affiche PDF.</a><br><a href=""https://www.transilien.com/sites/transilien/files/sentinelle-20220418-h-ermontvalmondoispersan-18avril26maiet6juin.pdf"" target="""">Pour plus d'informations sur les horaires des jours fériés, cliquez ici pour télécharger l'affiche PDF.</a><br>Attention à partir du lundi 11 avril 2022 : les arrêts bus de la gare de Vaucelles et Saint-Leu la Forêt sont déplacés, pour connaître les nouveaux emplacements cliquez ici :<br>- <a href=""https://www.transilien.com/sites/transilien/files/sentinelle-20220409-h-pointdarretbus-vaucelles.pdf"" target="""">Gare de Vaucelles</a><br>- <a href=""https://www.transilien.com/sites/transilien/files/sentinelle-20220409-h-pointdarretbus-stleulaforet.pdf"" target="""">Gare de Saint-Leu la Forêt</a><br>Les horaires du calculateur d'itinéraire tiennent compte de ces travaux.﻿<br>Motif : travaux.</p>";20220701T173014;Transilien Train Transilien H;b3e5375e-f952-11ec-88d1-005056a47b86;travaux
future;Incidents;30;perturbée;SIGNIFICANT_DELAYS;20220323T200000;20220324T033000;b3e5375e-f952-11ec-88d1-005056a47b86;" / Ligne H : Paris-Persan via Valmondois 27/06 -16/12 / <p>Période : à partir de 22h30<br>Dates : du lundi 27 juin jusqu'au vendredi 16 décembre sauf les week-ends et jours fériés.<br>Le trafic est interrompu entre Paris Gare du Nord et Persan - Beaumont via Valmondois.<br>En conséquence, un service de bus de remplacement est mis en place, avec desserte des gares intermédiaires.<br><a href=""https://www.transilien.com/sites/transilien/files/sentinelle-20220701-hparisermontpersanviavalmondois-jusquau16decembre.pdf"" target="""">Pour plus d'informations sur les horaires du lundi 27 juin au vendredi 16 décembre sauf week-ends et jours fériés, cliquez ici pour télécharger l'affiche PDF.</a><br><a href=""https://www.transilien.com/sites/transilien/files/sentinelle-20220418-h-ermontvalmondoispersan-18avril26maiet6juin.pdf"" target="""">Pour plus d'informations sur les horaires des jours fériés, cliquez ici pour télécharger l'affiche PDF.</a><br>Attention à partir du lundi 11 avril 2022 : les arrêts bus de la gare de Vaucelles et Saint-Leu la Forêt sont déplacés, pour connaître les nouveaux emplacements cliquez ici :<br>- <a href=""https://www.transilien.com/sites/transilien/files/sentinelle-20220409-h-pointdarretbus-vaucelles.pdf"" target="""">Gare de Vaucelles</a><br>- <a href=""https://www.transilien.com/sites/transilien/files/sentinelle-20220409-h-pointdarretbus-stleulaforet.pdf"" target="""">Gare de Saint-Leu la Forêt</a><br>Les horaires du calculateur d'itinéraire tiennent compte de ces travaux.﻿<br>Motif : travaux.</p>";20220701T173014;Transilien Train Transilien H;b3e5375e-f952-11ec-88d1-005056a47b86;travaux
future;Incidents;30;perturbée;SIGNIFICANT_DELAYS;20220329T200000;20220330T033000;b3e5375e-f952-11ec-88d1-005056a47b86;" / Ligne H : Paris-Persan via Valmondois 27/06 -16/12 / <p>Période : à partir de 22h30<br>Dates : du lundi 27 juin jusqu'au vendredi 16 décembre sauf les week-ends et jours fériés.<br>Le trafic est interrompu entre Paris Gare du Nord et Persan - Beaumont via Valmondois.<br>En conséquence, un service de bus de remplacement est mis en place, avec desserte des gares intermédiaires.<br><a href=""https://www.transilien.com/sites/transilien/files/sentinelle-20220701-hparisermontpersanviavalmondois-jusquau16decembre.pdf"" target="""">Pour plus d'informations sur les horaires du lundi 27 juin au vendredi 16 décembre sauf week-ends et jours fériés, cliquez ici pour télécharger l'affiche PDF.</a><br><a href=""https://www.transilien.com/sites/transilien/files/sentinelle-20220418-h-ermontvalmondoispersan-18avril26maiet6juin.pdf"" target="""">Pour plus d'informations sur les horaires des jours fériés, cliquez ici pour télécharger l'affiche PDF.</a><br>Attention à partir du lundi 11 avril 2022 : les arrêts bus de la gare de Vaucelles et Saint-Leu la Forêt sont déplacés, pour connaître les nouveaux emplacements cliquez ici :<br>- <a href=""https://www.transilien.com/sites/transilien/files/sentinelle-20220409-h-pointdarretbus-vaucelles.pdf"" target="""">Gare de Vaucelles</a><br>- <a href=""https://www.transilien.com/sites/transilien/files/sentinelle-20220409-h-pointdarretbus-stleulaforet.pdf"" target="""">Gare de Saint-Leu la Forêt</a><br>Les horaires du calculateur d'itinéraire tiennent compte de ces travaux.﻿<br>Motif : travaux.</p>";20220701T173014;Transilien Train Transilien H;b3e5375e-f952-11ec-88d1-005056a47b86;travaux
future;Incidents;30;perturbée;SIGNIFICANT_DELAYS;20220805T220000;20220806T000000;b3e5375e-f952-11ec-88d1-005056a47b86;" / Ligne H : Paris-Persan via Valmondois 27/06 -16/12 / <p>Période : à partir de 22h30<br>Dates : du lundi 27 juin jusqu'au vendredi 16 décembre sauf les week-ends et jours fériés.<br>Le trafic est interrompu entre Paris Gare du Nord et Persan - Beaumont via Valmondois.<br>En conséquence, un service de bus de remplacement est mis en place, avec desserte des gares intermédiaires.<br><a href=""https://www.transilien.com/sites/transilien/files/sentinelle-20220701-hparisermontpersanviavalmondois-jusquau16decembre.pdf"" target="""">Pour plus d'informations sur les horaires du lundi 27 juin au vendredi 16 décembre sauf week-ends et jours fériés, cliquez ici pour télécharger l'affiche PDF.</a><br><a href=""https://www.transilien.com/sites/transilien/files/sentinelle-20220418-h-ermontvalmondoispersan-18avril26maiet6juin.pdf"" target="""">Pour plus d'informations sur les horaires des jours fériés, cliquez ici pour télécharger l'affiche PDF.</a><br>Attention à partir du lundi 11 avril 2022 : les arrêts bus de la gare de Vaucelles et Saint-Leu la Forêt sont déplacés, pour connaître les nouveaux emplacements cliquez ici :<br>- <a href=""https://www.transilien.com/sites/transilien/files/sentinelle-20220409-h-pointdarretbus-vaucelles.pdf"" target="""">Gare de Vaucelles</a><br>- <a href=""https://www.transilien.com/sites/transilien/files/sentinelle-20220409-h-pointdarretbus-stleulaforet.pdf"" target="""">Gare de Saint-Leu la Forêt</a><br>Les horaires du calculateur d'itinéraire tiennent compte de ces travaux.﻿<br>Motif : travaux.</p>";20220701T173014;Transilien Train Transilien H;b3e5375e-f952-11ec-88d1-005056a47b86;travaux
future;Incidents;30;perturbée;SIGNIFICANT_DELAYS;20220408T200000;20220409T033000;b3e5375e-f952-11ec-88d1-005056a47b86;" / Ligne H : Paris-Persan via Valmondois 27/06 -16/12 / <p>Période : à partir de 22h30<br>Dates : du lundi 27 juin jusqu'au vendredi 16 décembre sauf les week-ends et jours fériés.<br>Le trafic est interrompu entre Paris Gare du Nord et Persan - Beaumont via Valmondois.<br>En conséquence, un service de bus de remplacement est mis en place, avec desserte des gares intermédiaires.<br><a href=""https://www.transilien.com/sites/transilien/files/sentinelle-20220701-hparisermontpersanviavalmondois-jusquau16decembre.pdf"" target="""">Pour plus d'informations sur les horaires du lundi 27 juin au vendredi 16 décembre sauf week-ends et jours fériés, cliquez ici pour télécharger l'affiche PDF.</a><br><a href=""https://www.transilien.com/sites/transilien/files/sentinelle-20220418-h-ermontvalmondoispersan-18avril26maiet6juin.pdf"" target="""">Pour plus d'informations sur les horaires des jours fériés, cliquez ici pour télécharger l'affiche PDF.</a><br>Attention à partir du lundi 11 avril 2022 : les arrêts bus de la gare de Vaucelles et Saint-Leu la Forêt sont déplacés, pour connaître les nouveaux emplacements cliquez ici :<br>- <a href=""https://www.transilien.com/sites/transilien/files/sentinelle-20220409-h-pointdarretbus-vaucelles.pdf"" target="""">Gare de Vaucelles</a><br>- <a href=""https://www.transilien.com/sites/transilien/files/sentinelle-20220409-h-pointdarretbus-stleulaforet.pdf"" target="""">Gare de Saint-Leu la Forêt</a><br>Les horaires du calculateur d'itinéraire tiennent compte de ces travaux.﻿<br>Motif : travaux.</p>";20220701T173014;Transilien Train Transilien H;b3e5375e-f952-11ec-88d1-005056a47b86;travaux
future;Incidents;30;perturbée;SIGNIFICANT_DELAYS;20220708T220000;20220709T000000;b3e5375e-f952-11ec-88d1-005056a47b86;" / Ligne H : Paris-Persan via Valmondois 27/06 -16/12 / <p>Période : à partir de 22h30<br>Dates : du lundi 27 juin jusqu'au vendredi 16 décembre sauf les week-ends et jours fériés.<br>Le trafic est interrompu entre Paris Gare du Nord et Persan - Beaumont via Valmondois.<br>En conséquence, un service de bus de remplacement est mis en place, avec desserte des gares intermédiaires.<br><a href=""https://www.transilien.com/sites/transilien/files/sentinelle-20220701-hparisermontpersanviavalmondois-jusquau16decembre.pdf"" target="""">Pour plus d'informations sur les horaires du lundi 27 juin au vendredi 16 décembre sauf week-ends et jours fériés, cliquez ici pour télécharger l'affiche PDF.</a><br><a href=""https://www.transilien.com/sites/transilien/files/sentinelle-20220418-h-ermontvalmondoispersan-18avril26maiet6juin.pdf"" target="""">Pour plus d'informations sur les horaires des jours fériés, cliquez ici pour télécharger l'affiche PDF.</a><br>Attention à partir du lundi 11 avril 2022 : les arrêts bus de la gare de Vaucelles et Saint-Leu la Forêt sont déplacés, pour connaître les nouveaux emplacements cliquez ici :<br>- <a href=""https://www.transilien.com/sites/transilien/files/sentinelle-20220409-h-pointdarretbus-vaucelles.pdf"" target="""">Gare de Vaucelles</a><br>- <a href=""https://www.transilien.com/sites/transilien/files/sentinelle-20220409-h-pointdarretbus-stleulaforet.pdf"" target="""">Gare de Saint-Leu la Forêt</a><br>Les horaires du calculateur d'itinéraire tiennent compte de ces travaux.﻿<br>Motif : travaux.</p>";20220701T173014;Transilien Train Transilien H;b3e5375e-f952-11ec-88d1-005056a47b86;travaux
future;Incidents;30;perturbée;SIGNIFICANT_DELAYS;20220426T200000;20220427T033000;b3e5375e-f952-11ec-88d1-005056a47b86;" / Ligne H : Paris-Persan via Valmondois 27/06 -16/12 / <p>Période : à partir de 22h30<br>Dates : du lundi 27 juin jusqu'au vendredi 16 décembre sauf les week-ends et jours fériés.<br>Le trafic est interrompu entre Paris Gare du Nord et Persan - Beaumont via Valmondois.<br>En conséquence, un service de bus de remplacement est mis en place, avec desserte des gares intermédiaires.<br><a href=""https://www.transilien.com/sites/transilien/files/sentinelle-20220701-hparisermontpersanviavalmondois-jusquau16decembre.pdf"" target="""">Pour plus d'informations sur les horaires du lundi 27 juin au vendredi 16 décembre sauf week-ends et jours fériés, cliquez ici pour télécharger l'affiche PDF.</a><br><a href=""https://www.transilien.com/sites/transilien/files/sentinelle-20220418-h-ermontvalmondoispersan-18avril26maiet6juin.pdf"" target="""">Pour plus d'informations sur les horaires des jours fériés, cliquez ici pour télécharger l'affiche PDF.</a><br>Attention à partir du lundi 11 avril 2022 : les arrêts bus de la gare de Vaucelles et Saint-Leu la Forêt sont déplacés, pour connaître les nouveaux emplacements cliquez ici :<br>- <a href=""https://www.transilien.com/sites/transilien/files/sentinelle-20220409-h-pointdarretbus-vaucelles.pdf"" target="""">Gare de Vaucelles</a><br>- <a href=""https://www.transilien.com/sites/transilien/files/sentinelle-20220409-h-pointdarretbus-stleulaforet.pdf"" target="""">Gare de Saint-Leu la Forêt</a><br>Les horaires du calculateur d'itinéraire tiennent compte de ces travaux.﻿<br>Motif : travaux.</p>";20220701T173014;Transilien Train Transilien H;b3e5375e-f952-11ec-88d1-005056a47b86;travaux
future;Incidents;30;perturbée;SIGNIFICANT_DELAYS;20220704T220000;20220705T000000;b3e5375e-f952-11ec-88d1-005056a47b86;" / Ligne H : Paris-Persan via Valmondois 27/06 -16/12 / <p>Période : à partir de 22h30<br>Dates : du lundi 27 juin jusqu'au vendredi 16 décembre sauf les week-ends et jours fériés.<br>Le trafic est interrompu entre Paris Gare du Nord et Persan - Beaumont via Valmondois.<br>En conséquence, un service de bus de remplacement est mis en place, avec desserte des gares intermédiaires.<br><a href=""https://www.transilien.com/sites/transilien/files/sentinelle-20220701-hparisermontpersanviavalmondois-jusquau16decembre.pdf"" target="""">Pour plus d'informations sur les horaires du lundi 27 juin au vendredi 16 décembre sauf week-ends et jours fériés, cliquez ici pour télécharger l'affiche PDF.</a><br><a href=""https://www.transilien.com/sites/transilien/files/sentinelle-20220418-h-ermontvalmondoispersan-18avril26maiet6juin.pdf"" target="""">Pour plus d'informations sur les horaires des jours fériés, cliquez ici pour télécharger l'affiche PDF.</a><br>Attention à partir du lundi 11 avril 2022 : les arrêts bus de la gare de Vaucelles et Saint-Leu la Forêt sont déplacés, pour connaître les nouveaux emplacements cliquez ici :<br>- <a href=""https://www.transilien.com/sites/transilien/files/sentinelle-20220409-h-pointdarretbus-vaucelles.pdf"" target="""">Gare de Vaucelles</a><br>- <a href=""https://www.transilien.com/sites/transilien/files/sentinelle-20220409-h-pointdarretbus-stleulaforet.pdf"" target="""">Gare de Saint-Leu la Forêt</a><br>Les horaires du calculateur d'itinéraire tiennent compte de ces travaux.﻿<br>Motif : travaux.</p>";20220701T173014;Transilien Train Transilien H;b3e5375e-f952-11ec-88d1-005056a47b86;travaux
future;Incidents;30;perturbée;SIGNIFICANT_DELAYS;20220801T220000;20220802T000000;b3e5375e-f952-11ec-88d1-005056a47b86;" / Ligne H : Paris-Persan via Valmondois 27/06 -16/12 / <p>Période : à partir de 22h30<br>Dates : du lundi 27 juin jusqu'au vendredi 16 décembre sauf les week-ends et jours fériés.<br>Le trafic est interrompu entre Paris Gare du Nord et Persan - Beaumont via Valmondois.<br>En conséquence, un service de bus de remplacement est mis en place, avec desserte des gares intermédiaires.<br><a href=""https://www.transilien.com/sites/transilien/files/sentinelle-20220701-hparisermontpersanviavalmondois-jusquau16decembre.pdf"" target="""">Pour plus d'informations sur les horaires du lundi 27 juin au vendredi 16 décembre sauf week-ends et jours fériés, cliquez ici pour télécharger l'affiche PDF.</a><br><a href=""https://www.transilien.com/sites/transilien/files/sentinelle-20220418-h-ermontvalmondoispersan-18avril26maiet6juin.pdf"" target="""">Pour plus d'informations sur les horaires des jours fériés, cliquez ici pour télécharger l'affiche PDF.</a><br>Attention à partir du lundi 11 avril 2022 : les arrêts bus de la gare de Vaucelles et Saint-Leu la Forêt sont déplacés, pour connaître les nouveaux emplacements cliquez ici :<br>- <a href=""https://www.transilien.com/sites/transilien/files/sentinelle-20220409-h-pointdarretbus-vaucelles.pdf"" target="""">Gare de Vaucelles</a><br>- <a href=""https://www.transilien.com/sites/transilien/files/sentinelle-20220409-h-pointdarretbus-stleulaforet.pdf"" target="""">Gare de Saint-Leu la Forêt</a><br>Les horaires du calculateur d'itinéraire tiennent compte de ces travaux.﻿<br>Motif : travaux.</p>";20220701T173014;Transilien Train Transilien H;b3e5375e-f952-11ec-88d1-005056a47b86;travaux
future;Incidents;30;perturbée;SIGNIFICANT_DELAYS;20220714T220000;20220715T000000;b3e5375e-f952-11ec-88d1-005056a47b86;" / Ligne H : Paris-Persan via Valmondois 27/06 -16/12 / <p>Période : à partir de 22h30<br>Dates : du lundi 27 juin jusqu'au vendredi 16 décembre sauf les week-ends et jours fériés.<br>Le trafic est interrompu entre Paris Gare du Nord et Persan - Beaumont via Valmondois.<br>En conséquence, un service de bus de remplacement est mis en place, avec desserte des gares intermédiaires.<br><a href=""https://www.transilien.com/sites/transilien/files/sentinelle-20220701-hparisermontpersanviavalmondois-jusquau16decembre.pdf"" target="""">Pour plus d'informations sur les horaires du lundi 27 juin au vendredi 16 décembre sauf week-ends et jours fériés, cliquez ici pour télécharger l'affiche PDF.</a><br><a href=""https://www.transilien.com/sites/transilien/files/sentinelle-20220418-h-ermontvalmondoispersan-18avril26maiet6juin.pdf"" target="""">Pour plus d'informations sur les horaires des jours fériés, cliquez ici pour télécharger l'affiche PDF.</a><br>Attention à partir du lundi 11 avril 2022 : les arrêts bus de la gare de Vaucelles et Saint-Leu la Forêt sont déplacés, pour connaître les nouveaux emplacements cliquez ici :<br>- <a href=""https://www.transilien.com/sites/transilien/files/sentinelle-20220409-h-pointdarretbus-vaucelles.pdf"" target="""">Gare de Vaucelles</a><br>- <a href=""https://www.transilien.com/sites/transilien/files/sentinelle-20220409-h-pointdarretbus-stleulaforet.pdf"" target="""">Gare de Saint-Leu la Forêt</a><br>Les horaires du calculateur d'itinéraire tiennent compte de ces travaux.﻿<br>Motif : travaux.</p>";20220701T173014;Transilien Train Transilien H;b3e5375e-f952-11ec-88d1-005056a47b86;travaux
future;Incidents;30;perturbée;SIGNIFICANT_DELAYS;20220726T220000;20220727T000000;b3e5375e-f952-11ec-88d1-005056a47b86;" / Ligne H : Paris-Persan via Valmondois 27/06 -16/12 / <p>Période : à partir de 22h30<br>Dates : du lundi 27 juin jusqu'au vendredi 16 décembre sauf les week-ends et jours fériés.<br>Le trafic est interrompu entre Paris Gare du Nord et Persan - Beaumont via Valmondois.<br>En conséquence, un service de bus de remplacement est mis en place, avec desserte des gares intermédiaires.<br><a href=""https://www.transilien.com/sites/transilien/files/sentinelle-20220701-hparisermontpersanviavalmondois-jusquau16decembre.pdf"" target="""">Pour plus d'informations sur les horaires du lundi 27 juin au vendredi 16 décembre sauf week-ends et jours fériés, cliquez ici pour télécharger l'affiche PDF.</a><br><a href=""https://www.transilien.com/sites/transilien/files/sentinelle-20220418-h-ermontvalmondoispersan-18avril26maiet6juin.pdf"" target="""">Pour plus d'informations sur les horaires des jours fériés, cliquez ici pour télécharger l'affiche PDF.</a><br>Attention à partir du lundi 11 avril 2022 : les arrêts bus de la gare de Vaucelles et Saint-Leu la Forêt sont déplacés, pour connaître les nouveaux emplacements cliquez ici :<br>- <a href=""https://www.transilien.com/sites/transilien/files/sentinelle-20220409-h-pointdarretbus-vaucelles.pdf"" target="""">Gare de Vaucelles</a><br>- <a href=""https://www.transilien.com/sites/transilien/files/sentinelle-20220409-h-pointdarretbus-stleulaforet.pdf"" target="""">Gare de Saint-Leu la Forêt</a><br>Les horaires du calculateur d'itinéraire tiennent compte de ces travaux.﻿<br>Motif : travaux.</p>";20220701T173014;Transilien Train Transilien H;b3e5375e-f952-11ec-88d1-005056a47b86;travaux
future;Incidents;30;perturbée;SIGNIFICANT_DELAYS;20220823T220000;20220824T000000;b3e5375e-f952-11ec-88d1-005056a47b86;" / Ligne H : Paris-Persan via Valmondois 27/06 -16/12 / <p>Période : à partir de 22h30<br>Dates : du lundi 27 juin jusqu'au vendredi 16 décembre sauf les week-ends et jours fériés.<br>Le trafic est interrompu entre Paris Gare du Nord et Persan - Beaumont via Valmondois.<br>En conséquence, un service de bus de remplacement est mis en place, avec desserte des gares intermédiaires.<br><a href=""https://www.transilien.com/sites/transilien/files/sentinelle-20220701-hparisermontpersanviavalmondois-jusquau16decembre.pdf"" target="""">Pour plus d'informations sur les horaires du lundi 27 juin au vendredi 16 décembre sauf week-ends et jours fériés, cliquez ici pour télécharger l'affiche PDF.</a><br><a href=""https://www.transilien.com/sites/transilien/files/sentinelle-20220418-h-ermontvalmondoispersan-18avril26maiet6juin.pdf"" target="""">Pour plus d'informations sur les horaires des jours fériés, cliquez ici pour télécharger l'affiche PDF.</a><br>Attention à partir du lundi 11 avril 2022 : les arrêts bus de la gare de Vaucelles et Saint-Leu la Forêt sont déplacés, pour connaître les nouveaux emplacements cliquez ici :<br>- <a href=""https://www.transilien.com/sites/transilien/files/sentinelle-20220409-h-pointdarretbus-vaucelles.pdf"" target="""">Gare de Vaucelles</a><br>- <a href=""https://www.transilien.com/sites/transilien/files/sentinelle-20220409-h-pointdarretbus-stleulaforet.pdf"" target="""">Gare de Saint-Leu la Forêt</a><br>Les horaires du calculateur d'itinéraire tiennent compte de ces travaux.﻿<br>Motif : travaux.</p>";20220701T173014;Transilien Train Transilien H;b3e5375e-f952-11ec-88d1-005056a47b86;travaux
future;Incidents;30;perturbée;SIGNIFICANT_DELAYS;20220502T200000;20220503T033000;b3e5375e-f952-11ec-88d1-005056a47b86;" / Ligne H : Paris-Persan via Valmondois 27/06 -16/12 / <p>Période : à partir de 22h30<br>Dates : du lundi 27 juin jusqu'au vendredi 16 décembre sauf les week-ends et jours fériés.<br>Le trafic est interrompu entre Paris Gare du Nord et Persan - Beaumont via Valmondois.<br>En conséquence, un service de bus de remplacement est mis en place, avec desserte des gares intermédiaires.<br><a href=""https://www.transilien.com/sites/transilien/files/sentinelle-20220701-hparisermontpersanviavalmondois-jusquau16decembre.pdf"" target="""">Pour plus d'informations sur les horaires du lundi 27 juin au vendredi 16 décembre sauf week-ends et jours fériés, cliquez ici pour télécharger l'affiche PDF.</a><br><a href=""https://www.transilien.com/sites/transilien/files/sentinelle-20220418-h-ermontvalmondoispersan-18avril26maiet6juin.pdf"" target="""">Pour plus d'informations sur les horaires des jours fériés, cliquez ici pour télécharger l'affiche PDF.</a><br>Attention à partir du lundi 11 avril 2022 : les arrêts bus de la gare de Vaucelles et Saint-Leu la Forêt sont déplacés, pour connaître les nouveaux emplacements cliquez ici :<br>- <a href=""https://www.transilien.com/sites/transilien/files/sentinelle-20220409-h-pointdarretbus-vaucelles.pdf"" target="""">Gare de Vaucelles</a><br>- <a href=""https://www.transilien.com/sites/transilien/files/sentinelle-20220409-h-pointdarretbus-stleulaforet.pdf"" target="""">Gare de Saint-Leu la Forêt</a><br>Les horaires du calculateur d'itinéraire tiennent compte de ces travaux.﻿<br>Motif : travaux.</p>";20220701T173014;Transilien Train Transilien H;b3e5375e-f952-11ec-88d1-005056a47b86;travaux
future;Incidents;30;perturbée;SIGNIFICANT_DELAYS;20220817T220000;20220818T000000;b3e5375e-f952-11ec-88d1-005056a47b86;" / Ligne H : Paris-Persan via Valmondois 27/06 -16/12 / <p>Période : à partir de 22h30<br>Dates : du lundi 27 juin jusqu'au vendredi 16 décembre sauf les week-ends et jours fériés.<br>Le trafic est interrompu entre Paris Gare du Nord et Persan - Beaumont via Valmondois.<br>En conséquence, un service de bus de remplacement est mis en place, avec desserte des gares intermédiaires.<br><a href=""https://www.transilien.com/sites/transilien/files/sentinelle-20220701-hparisermontpersanviavalmondois-jusquau16decembre.pdf"" target="""">Pour plus d'informations sur les horaires du lundi 27 juin au vendredi 16 décembre sauf week-ends et jours fériés, cliquez ici pour télécharger l'affiche PDF.</a><br><a href=""https://www.transilien.com/sites/transilien/files/sentinelle-20220418-h-ermontvalmondoispersan-18avril26maiet6juin.pdf"" target="""">Pour plus d'informations sur les horaires des jours fériés, cliquez ici pour télécharger l'affiche PDF.</a><br>Attention à partir du lundi 11 avril 2022 : les arrêts bus de la gare de Vaucelles et Saint-Leu la Forêt sont déplacés, pour connaître les nouveaux emplacements cliquez ici :<br>- <a href=""https://www.transilien.com/sites/transilien/files/sentinelle-20220409-h-pointdarretbus-vaucelles.pdf"" target="""">Gare de Vaucelles</a><br>- <a href=""https://www.transilien.com/sites/transilien/files/sentinelle-20220409-h-pointdarretbus-stleulaforet.pdf"" target="""">Gare de Saint-Leu la Forêt</a><br>Les horaires du calculateur d'itinéraire tiennent compte de ces travaux.﻿<br>Motif : travaux.</p>";20220701T173014;Transilien Train Transilien H;b3e5375e-f952-11ec-88d1-005056a47b86;travaux
future;Incidents;30;perturbée;SIGNIFICANT_DELAYS;20220914T220000;20220915T000000;b3e5375e-f952-11ec-88d1-005056a47b86;" / Ligne H : Paris-Persan via Valmondois 27/06 -16/12 / <p>Période : à partir de 22h30<br>Dates : du lundi 27 juin jusqu'au vendredi 16 décembre sauf les week-ends et jours fériés.<br>Le trafic est interrompu entre Paris Gare du Nord et Persan - Beaumont via Valmondois.<br>En conséquence, un service de bus de remplacement est mis en place, avec desserte des gares intermédiaires.<br><a href=""https://www.transilien.com/sites/transilien/files/sentinelle-20220701-hparisermontpersanviavalmondois-jusquau16decembre.pdf"" target="""">Pour plus d'informations sur les horaires du lundi 27 juin au vendredi 16 décembre sauf week-ends et jours fériés, cliquez ici pour télécharger l'affiche PDF.</a><br><a href=""https://www.transilien.com/sites/transilien/files/sentinelle-20220418-h-ermontvalmondoispersan-18avril26maiet6juin.pdf"" target="""">Pour plus d'informations sur les horaires des jours fériés, cliquez ici pour télécharger l'affiche PDF.</a><br>Attention à partir du lundi 11 avril 2022 : les arrêts bus de la gare de Vaucelles et Saint-Leu la Forêt sont déplacés, pour connaître les nouveaux emplacements cliquez ici :<br>- <a href=""https://www.transilien.com/sites/transilien/files/sentinelle-20220409-h-pointdarretbus-vaucelles.pdf"" target="""">Gare de Vaucelles</a><br>- <a href=""https://www.transilien.com/sites/transilien/files/sentinelle-20220409-h-pointdarretbus-stleulaforet.pdf"" target="""">Gare de Saint-Leu la Forêt</a><br>Les horaires du calculateur d'itinéraire tiennent compte de ces travaux.﻿<br>Motif : travaux.</p>";20220701T173014;Transilien Train Transilien H;b3e5375e-f952-11ec-88d1-005056a47b86;travaux
future;Incidents;30;perturbée;SIGNIFICANT_DELAYS;20220829T220000;20220830T000000;b3e5375e-f952-11ec-88d1-005056a47b86;" / Ligne H : Paris-Persan via Valmondois 27/06 -16/12 / <p>Période : à partir de 22h30<br>Dates : du lundi 27 juin jusqu'au vendredi 16 décembre sauf les week-ends et jours fériés.<br>Le trafic est interrompu entre Paris Gare du Nord et Persan - Beaumont via Valmondois.<br>En conséquence, un service de bus de remplacement est mis en place, avec desserte des gares intermédiaires.<br><a href=""https://www.transilien.com/sites/transilien/files/sentinelle-20220701-hparisermontpersanviavalmondois-jusquau16decembre.pdf"" target="""">Pour plus d'informations sur les horaires du lundi 27 juin au vendredi 16 décembre sauf week-ends et jours fériés, cliquez ici pour télécharger l'affiche PDF.</a><br><a href=""https://www.transilien.com/sites/transilien/files/sentinelle-20220418-h-ermontvalmondoispersan-18avril26maiet6juin.pdf"" target="""">Pour plus d'informations sur les horaires des jours fériés, cliquez ici pour télécharger l'affiche PDF.</a><br>Attention à partir du lundi 11 avril 2022 : les arrêts bus de la gare de Vaucelles et Saint-Leu la Forêt sont déplacés, pour connaître les nouveaux emplacements cliquez ici :<br>- <a href=""https://www.transilien.com/sites/transilien/files/sentinelle-20220409-h-pointdarretbus-vaucelles.pdf"" target="""">Gare de Vaucelles</a><br>- <a href=""https://www.transilien.com/sites/transilien/files/sentinelle-20220409-h-pointdarretbus-stleulaforet.pdf"" target="""">Gare de Saint-Leu la Forêt</a><br>Les horaires du calculateur d'itinéraire tiennent compte de ces travaux.﻿<br>Motif : travaux.</p>";20220701T173014;Transilien Train Transilien H;b3e5375e-f952-11ec-88d1-005056a47b86;travaux
future;Incidents;30;perturbée;SIGNIFICANT_DELAYS;20220908T220000;20220909T000000;b3e5375e-f952-11ec-88d1-005056a47b86;" / Ligne H : Paris-Persan via Valmondois 27/06 -16/12 / <p>Période : à partir de 22h30<br>Dates : du lundi 27 juin jusqu'au vendredi 16 décembre sauf les week-ends et jours fériés.<br>Le trafic est interrompu entre Paris Gare du Nord et Persan - Beaumont via Valmondois.<br>En conséquence, un service de bus de remplacement est mis en place, avec desserte des gares intermédiaires.<br><a href=""https://www.transilien.com/sites/transilien/files/sentinelle-20220701-hparisermontpersanviavalmondois-jusquau16decembre.pdf"" target="""">Pour plus d'informations sur les horaires du lundi 27 juin au vendredi 16 décembre sauf week-ends et jours fériés, cliquez ici pour télécharger l'affiche PDF.</a><br><a href=""https://www.transilien.com/sites/transilien/files/sentinelle-20220418-h-ermontvalmondoispersan-18avril26maiet6juin.pdf"" target="""">Pour plus d'informations sur les horaires des jours fériés, cliquez ici pour télécharger l'affiche PDF.</a><br>Attention à partir du lundi 11 avril 2022 : les arrêts bus de la gare de Vaucelles et Saint-Leu la Forêt sont déplacés, pour connaître les nouveaux emplacements cliquez ici :<br>- <a href=""https://www.transilien.com/sites/transilien/files/sentinelle-20220409-h-pointdarretbus-vaucelles.pdf"" target="""">Gare de Vaucelles</a><br>- <a href=""https://www.transilien.com/sites/transilien/files/sentinelle-20220409-h-pointdarretbus-stleulaforet.pdf"" target="""">Gare de Saint-Leu la Forêt</a><br>Les horaires du calculateur d'itinéraire tiennent compte de ces travaux.﻿<br>Motif : travaux.</p>";20220701T173014;Transilien Train Transilien H;b3e5375e-f952-11ec-88d1-005056a47b86;travaux
future;Incidents;30;perturbée;SIGNIFICANT_DELAYS;20220920T220000;20220921T000000;b3e5375e-f952-11ec-88d1-005056a47b86;" / Ligne H : Paris-Persan via Valmondois 27/06 -16/12 / <p>Période : à partir de 22h30<br>Dates : du lundi 27 juin jusqu'au vendredi 16 décembre sauf les week-ends et jours fériés.<br>Le trafic est interrompu entre Paris Gare du Nord et Persan - Beaumont via Valmondois.<br>En conséquence, un service de bus de remplacement est mis en place, avec desserte des gares intermédiaires.<br><a href=""https://www.transilien.com/sites/transilien/files/sentinelle-20220701-hparisermontpersanviavalmondois-jusquau16decembre.pdf"" target="""">Pour plus d'informations sur les horaires du lundi 27 juin au vendredi 16 décembre sauf week-ends et jours fériés, cliquez ici pour télécharger l'affiche PDF.</a><br><a href=""https://www.transilien.com/sites/transilien/files/sentinelle-20220418-h-ermontvalmondoispersan-18avril26maiet6juin.pdf"" target="""">Pour plus d'informations sur les horaires des jours fériés, cliquez ici pour télécharger l'affiche PDF.</a><br>Attention à partir du lundi 11 avril 2022 : les arrêts bus de la gare de Vaucelles et Saint-Leu la Forêt sont déplacés, pour connaître les nouveaux emplacements cliquez ici :<br>- <a href=""https://www.transilien.com/sites/transilien/files/sentinelle-20220409-h-pointdarretbus-vaucelles.pdf"" target="""">Gare de Vaucelles</a><br>- <a href=""https://www.transilien.com/sites/transilien/files/sentinelle-20220409-h-pointdarretbus-stleulaforet.pdf"" target="""">Gare de Saint-Leu la Forêt</a><br>Les horaires du calculateur d'itinéraire tiennent compte de ces travaux.﻿<br>Motif : travaux.</p>";20220701T173014;Transilien Train Transilien H;b3e5375e-f952-11ec-88d1-005056a47b86;travaux
future;Incidents;30;perturbée;SIGNIFICANT_DELAYS;20220930T220000;20221001T000000;b3e5375e-f952-11ec-88d1-005056a47b86;" / Ligne H : Paris-Persan via Valmondois 27/06 -16/12 / <p>Période : à partir de 22h30<br>Dates : du lundi 27 juin jusqu'au vendredi 16 décembre sauf les week-ends et jours fériés.<br>Le trafic est interrompu entre Paris Gare du Nord et Persan - Beaumont via Valmondois.<br>En conséquence, un service de bus de remplacement est mis en place, avec desserte des gares intermédiaires.<br><a href=""https://www.transilien.com/sites/transilien/files/sentinelle-20220701-hparisermontpersanviavalmondois-jusquau16decembre.pdf"" target="""">Pour plus d'informations sur les horaires du lundi 27 juin au vendredi 16 décembre sauf week-ends et jours fériés, cliquez ici pour télécharger l'affiche PDF.</a><br><a href=""https://www.transilien.com/sites/transilien/files/sentinelle-20220418-h-ermontvalmondoispersan-18avril26maiet6juin.pdf"" target="""">Pour plus d'informations sur les horaires des jours fériés, cliquez ici pour télécharger l'affiche PDF.</a><br>Attention à partir du lundi 11 avril 2022 : les arrêts bus de la gare de Vaucelles et Saint-Leu la Forêt sont déplacés, pour connaître les nouveaux emplacements cliquez ici :<br>- <a href=""https://www.transilien.com/sites/transilien/files/sentinelle-20220409-h-pointdarretbus-vaucelles.pdf"" target="""">Gare de Vaucelles</a><br>- <a href=""https://www.transilien.com/sites/transilien/files/sentinelle-20220409-h-pointdarretbus-stleulaforet.pdf"" target="""">Gare de Saint-Leu la Forêt</a><br>Les horaires du calculateur d'itinéraire tiennent compte de ces travaux.﻿<br>Motif : travaux.</p>";20220701T173014;Transilien Train Transilien H;b3e5375e-f952-11ec-88d1-005056a47b86;travaux
future;Incidents;30;perturbée;SIGNIFICANT_DELAYS;20221014T220000;20221015T000000;b3e5375e-f952-11ec-88d1-005056a47b86;" / Ligne H : Paris-Persan via Valmondois 27/06 -16/12 / <p>Période : à partir de 22h30<br>Dates : du lundi 27 juin jusqu'au vendredi 16 décembre sauf les week-ends et jours fériés.<br>Le trafic est interrompu entre Paris Gare du Nord et Persan - Beaumont via Valmondois.<br>En conséquence, un service de bus de remplacement est mis en place, avec desserte des gares intermédiaires.<br><a href=""https://www.transilien.com/sites/transilien/files/sentinelle-20220701-hparisermontpersanviavalmondois-jusquau16decembre.pdf"" target="""">Pour plus d'informations sur les horaires du lundi 27 juin au vendredi 16 décembre sauf week-ends et jours fériés, cliquez ici pour télécharger l'affiche PDF.</a><br><a href=""https://www.transilien.com/sites/transilien/files/sentinelle-20220418-h-ermontvalmondoispersan-18avril26maiet6juin.pdf"" target="""">Pour plus d'informations sur les horaires des jours fériés, cliquez ici pour télécharger l'affiche PDF.</a><br>Attention à partir du lundi 11 avril 2022 : les arrêts bus de la gare de Vaucelles et Saint-Leu la Forêt sont déplacés, pour connaître les nouveaux emplacements cliquez ici :<br>- <a href=""https://www.transilien.com/sites/transilien/files/sentinelle-20220409-h-pointdarretbus-vaucelles.pdf"" target="""">Gare de Vaucelles</a><br>- <a href=""https://www.transilien.com/sites/transilien/files/sentinelle-20220409-h-pointdarretbus-stleulaforet.pdf"" target="""">Gare de Saint-Leu la Forêt</a><br>Les horaires du calculateur d'itinéraire tiennent compte de ces travaux.﻿<br>Motif : travaux.</p>";20220701T173014;Transilien Train Transilien H;b3e5375e-f952-11ec-88d1-005056a47b86;travaux
future;Incidents;30;perturbée;SIGNIFICANT_DELAYS;20221013T220000;20221014T000000;b3e5375e-f952-11ec-88d1-005056a47b86;" / Ligne H : Paris-Persan via Valmondois 27/06 -16/12 / <p>Période : à partir de 22h30<br>Dates : du lundi 27 juin jusqu'au vendredi 16 décembre sauf les week-ends et jours fériés.<br>Le trafic est interrompu entre Paris Gare du Nord et Persan - Beaumont via Valmondois.<br>En conséquence, un service de bus de remplacement est mis en place, avec desserte des gares intermédiaires.<br><a href=""https://www.transilien.com/sites/transilien/files/sentinelle-20220701-hparisermontpersanviavalmondois-jusquau16decembre.pdf"" target="""">Pour plus d'informations sur les horaires du lundi 27 juin au vendredi 16 décembre sauf week-ends et jours fériés, cliquez ici pour télécharger l'affiche PDF.</a><br><a href=""https://www.transilien.com/sites/transilien/files/sentinelle-20220418-h-ermontvalmondoispersan-18avril26maiet6juin.pdf"" target="""">Pour plus d'informations sur les horaires des jours fériés, cliquez ici pour télécharger l'affiche PDF.</a><br>Attention à partir du lundi 11 avril 2022 : les arrêts bus de la gare de Vaucelles et Saint-Leu la Forêt sont déplacés, pour connaître les nouveaux emplacements cliquez ici :<br>- <a href=""https://www.transilien.com/sites/transilien/files/sentinelle-20220409-h-pointdarretbus-vaucelles.pdf"" target="""">Gare de Vaucelles</a><br>- <a href=""https://www.transilien.com/sites/transilien/files/sentinelle-20220409-h-pointdarretbus-stleulaforet.pdf"" target="""">Gare de Saint-Leu la Forêt</a><br>Les horaires du calculateur d'itinéraire tiennent compte de ces travaux.﻿<br>Motif : travaux.</p>";20220701T173014;Transilien Train Transilien H;b3e5375e-f952-11ec-88d1-005056a47b86;travaux
future;Incidents;30;perturbée;SIGNIFICANT_DELAYS;20221012T220000;20221013T000000;b3e5375e-f952-11ec-88d1-005056a47b86;" / Ligne H : Paris-Persan via Valmondois 27/06 -16/12 / <p>Période : à partir de 22h30<br>Dates : du lundi 27 juin jusqu'au vendredi 16 décembre sauf les week-ends et jours fériés.<br>Le trafic est interrompu entre Paris Gare du Nord et Persan - Beaumont via Valmondois.<br>En conséquence, un service de bus de remplacement est mis en place, avec desserte des gares intermédiaires.<br><a href=""https://www.transilien.com/sites/transilien/files/sentinelle-20220701-hparisermontpersanviavalmondois-jusquau16decembre.pdf"" target="""">Pour plus d'informations sur les horaires du lundi 27 juin au vendredi 16 décembre sauf week-ends et jours fériés, cliquez ici pour télécharger l'affiche PDF.</a><br><a href=""https://www.transilien.com/sites/transilien/files/sentinelle-20220418-h-ermontvalmondoispersan-18avril26maiet6juin.pdf"" target="""">Pour plus d'informations sur les horaires des jours fériés, cliquez ici pour télécharger l'affiche PDF.</a><br>Attention à partir du lundi 11 avril 2022 : les arrêts bus de la gare de Vaucelles et Saint-Leu la Forêt sont déplacés, pour connaître les nouveaux emplacements cliquez ici :<br>- <a href=""https://www.transilien.com/sites/transilien/files/sentinelle-20220409-h-pointdarretbus-vaucelles.pdf"" target="""">Gare de Vaucelles</a><br>- <a href=""https://www.transilien.com/sites/transilien/files/sentinelle-20220409-h-pointdarretbus-stleulaforet.pdf"" target="""">Gare de Saint-Leu la Forêt</a><br>Les horaires du calculateur d'itinéraire tiennent compte de ces travaux.﻿<br>Motif : travaux.</p>";20220701T173014;Transilien Train Transilien H;b3e5375e-f952-11ec-88d1-005056a47b86;travaux
future;Incidents;30;perturbée;SIGNIFICANT_DELAYS;20221011T220000;20221012T000000;b3e5375e-f952-11ec-88d1-005056a47b86;" / Ligne H : Paris-Persan via Valmondois 27/06 -16/12 / <p>Période : à partir de 22h30<br>Dates : du lundi 27 juin jusqu'au vendredi 16 décembre sauf les week-ends et jours fériés.<br>Le trafic est interrompu entre Paris Gare du Nord et Persan - Beaumont via Valmondois.<br>En conséquence, un service de bus de remplacement est mis en place, avec desserte des gares intermédiaires.<br><a href=""https://www.transilien.com/sites/transilien/files/sentinelle-20220701-hparisermontpersanviavalmondois-jusquau16decembre.pdf"" target="""">Pour plus d'informations sur les horaires du lundi 27 juin au vendredi 16 décembre sauf week-ends et jours fériés, cliquez ici pour télécharger l'affiche PDF.</a><br><a href=""https://www.transilien.com/sites/transilien/files/sentinelle-20220418-h-ermontvalmondoispersan-18avril26maiet6juin.pdf"" target="""">Pour plus d'informations sur les horaires des jours fériés, cliquez ici pour télécharger l'affiche PDF.</a><br>Attention à partir du lundi 11 avril 2022 : les arrêts bus de la gare de Vaucelles et Saint-Leu la Forêt sont déplacés, pour connaître les nouveaux emplacements cliquez ici :<br>- <a href=""https://www.transilien.com/sites/transilien/files/sentinelle-20220409-h-pointdarretbus-vaucelles.pdf"" target="""">Gare de Vaucelles</a><br>- <a href=""https://www.transilien.com/sites/transilien/files/sentinelle-20220409-h-pointdarretbus-stleulaforet.pdf"" target="""">Gare de Saint-Leu la Forêt</a><br>Les horaires du calculateur d'itinéraire tiennent compte de ces travaux.﻿<br>Motif : travaux.</p>";20220701T173014;Transilien Train Transilien H;b3e5375e-f952-11ec-88d1-005056a47b86;travaux
future;Incidents;30;perturbée;SIGNIFICANT_DELAYS;20221010T220000;20221011T000000;b3e5375e-f952-11ec-88d1-005056a47b86;" / Ligne H : Paris-Persan via Valmondois 27/06 -16/12 / <p>Période : à partir de 22h30<br>Dates : du lundi 27 juin jusqu'au vendredi 16 décembre sauf les week-ends et jours fériés.<br>Le trafic est interrompu entre Paris Gare du Nord et Persan - Beaumont via Valmondois.<br>En conséquence, un service de bus de remplacement est mis en place, avec desserte des gares intermédiaires.<br><a href=""https://www.transilien.com/sites/transilien/files/sentinelle-20220701-hparisermontpersanviavalmondois-jusquau16decembre.pdf"" target="""">Pour plus d'informations sur les horaires du lundi 27 juin au vendredi 16 décembre sauf week-ends et jours fériés, cliquez ici pour télécharger l'affiche PDF.</a><br><a href=""https://www.transilien.com/sites/transilien/files/sentinelle-20220418-h-ermontvalmondoispersan-18avril26maiet6juin.pdf"" target="""">Pour plus d'informations sur les horaires des jours fériés, cliquez ici pour télécharger l'affiche PDF.</a><br>Attention à partir du lundi 11 avril 2022 : les arrêts bus de la gare de Vaucelles et Saint-Leu la Forêt sont déplacés, pour connaître les nouveaux emplacements cliquez ici :<br>- <a href=""https://www.transilien.com/sites/transilien/files/sentinelle-20220409-h-pointdarretbus-vaucelles.pdf"" target="""">Gare de Vaucelles</a><br>- <a href=""https://www.transilien.com/sites/transilien/files/sentinelle-20220409-h-pointdarretbus-stleulaforet.pdf"" target="""">Gare de Saint-Leu la Forêt</a><br>Les horaires du calculateur d'itinéraire tiennent compte de ces travaux.﻿<br>Motif : travaux.</p>";20220701T173014;Transilien Train Transilien H;b3e5375e-f952-11ec-88d1-005056a47b86;travaux
future;Incidents;30;perturbée;SIGNIFICANT_DELAYS;20221007T220000;20221008T000000;b3e5375e-f952-11ec-88d1-005056a47b86;" / Ligne H : Paris-Persan via Valmondois 27/06 -16/12 / <p>Période : à partir de 22h30<br>Dates : du lundi 27 juin jusqu'au vendredi 16 décembre sauf les week-ends et jours fériés.<br>Le trafic est interrompu entre Paris Gare du Nord et Persan - Beaumont via Valmondois.<br>En conséquence, un service de bus de remplacement est mis en place, avec desserte des gares intermédiaires.<br><a href=""https://www.transilien.com/sites/transilien/files/sentinelle-20220701-hparisermontpersanviavalmondois-jusquau16decembre.pdf"" target="""">Pour plus d'informations sur les horaires du lundi 27 juin au vendredi 16 décembre sauf week-ends et jours fériés, cliquez ici pour télécharger l'affiche PDF.</a><br><a href=""https://www.transilien.com/sites/transilien/files/sentinelle-20220418-h-ermontvalmondoispersan-18avril26maiet6juin.pdf"" target="""">Pour plus d'informations sur les horaires des jours fériés, cliquez ici pour télécharger l'affiche PDF.</a><br>Attention à partir du lundi 11 avril 2022 : les arrêts bus de la gare de Vaucelles et Saint-Leu la Forêt sont déplacés, pour connaître les nouveaux emplacements cliquez ici :<br>- <a href=""https://www.transilien.com/sites/transilien/files/sentinelle-20220409-h-pointdarretbus-vaucelles.pdf"" target="""">Gare de Vaucelles</a><br>- <a href=""https://www.transilien.com/sites/transilien/files/sentinelle-20220409-h-pointdarretbus-stleulaforet.pdf"" target="""">Gare de Saint-Leu la Forêt</a><br>Les horaires du calculateur d'itinéraire tiennent compte de ces travaux.﻿<br>Motif : travaux.</p>";20220701T173014;Transilien Train Transilien H;b3e5375e-f952-11ec-88d1-005056a47b86;travaux
future;Incidents;30;perturbée;SIGNIFICANT_DELAYS;20221006T220000;20221007T000000;b3e5375e-f952-11ec-88d1-005056a47b86;" / Ligne H : Paris-Persan via Valmondois 27/06 -16/12 / <p>Période : à partir de 22h30<br>Dates : du lundi 27 juin jusqu'au vendredi 16 décembre sauf les week-ends et jours fériés.<br>Le trafic est interrompu entre Paris Gare du Nord et Persan - Beaumont via Valmondois.<br>En conséquence, un service de bus de remplacement est mis en place, avec desserte des gares intermédiaires.<br><a href=""https://www.transilien.com/sites/transilien/files/sentinelle-20220701-hparisermontpersanviavalmondois-jusquau16decembre.pdf"" target="""">Pour plus d'informations sur les horaires du lundi 27 juin au vendredi 16 décembre sauf week-ends et jours fériés, cliquez ici pour télécharger l'affiche PDF.</a><br><a href=""https://www.transilien.com/sites/transilien/files/sentinelle-20220418-h-ermontvalmondoispersan-18avril26maiet6juin.pdf"" target="""">Pour plus d'informations sur les horaires des jours fériés, cliquez ici pour télécharger l'affiche PDF.</a><br>Attention à partir du lundi 11 avril 2022 : les arrêts bus de la gare de Vaucelles et Saint-Leu la Forêt sont déplacés, pour connaître les nouveaux emplacements cliquez ici :<br>- <a href=""https://www.transilien.com/sites/transilien/files/sentinelle-20220409-h-pointdarretbus-vaucelles.pdf"" target="""">Gare de Vaucelles</a><br>- <a href=""https://www.transilien.com/sites/transilien/files/sentinelle-20220409-h-pointdarretbus-stleulaforet.pdf"" target="""">Gare de Saint-Leu la Forêt</a><br>Les horaires du calculateur d'itinéraire tiennent compte de ces travaux.﻿<br>Motif : travaux.</p>";20220701T173014;Transilien Train Transilien H;b3e5375e-f952-11ec-88d1-005056a47b86;travaux
future;Incidents;30;perturbée;SIGNIFICANT_DELAYS;20221005T220000;20221006T000000;b3e5375e-f952-11ec-88d1-005056a47b86;" / Ligne H : Paris-Persan via Valmondois 27/06 -16/12 / <p>Période : à partir de 22h30<br>Dates : du lundi 27 juin jusqu'au vendredi 16 décembre sauf les week-ends et jours fériés.<br>Le trafic est interrompu entre Paris Gare du Nord et Persan - Beaumont via Valmondois.<br>En conséquence, un service de bus de remplacement est mis en place, avec desserte des gares intermédiaires.<br><a href=""https://www.transilien.com/sites/transilien/files/sentinelle-20220701-hparisermontpersanviavalmondois-jusquau16decembre.pdf"" target="""">Pour plus d'informations sur les horaires du lundi 27 juin au vendredi 16 décembre sauf week-ends et jours fériés, cliquez ici pour télécharger l'affiche PDF.</a><br><a href=""https://www.transilien.com/sites/transilien/files/sentinelle-20220418-h-ermontvalmondoispersan-18avril26maiet6juin.pdf"" target="""">Pour plus d'informations sur les horaires des jours fériés, cliquez ici pour télécharger l'affiche PDF.</a><br>Attention à partir du lundi 11 avril 2022 : les arrêts bus de la gare de Vaucelles et Saint-Leu la Forêt sont déplacés, pour connaître les nouveaux emplacements cliquez ici :<br>- <a href=""https://www.transilien.com/sites/transilien/files/sentinelle-20220409-h-pointdarretbus-vaucelles.pdf"" target="""">Gare de Vaucelles</a><br>- <a href=""https://www.transilien.com/sites/transilien/files/sentinelle-20220409-h-pointdarretbus-stleulaforet.pdf"" target="""">Gare de Saint-Leu la Forêt</a><br>Les horaires du calculateur d'itinéraire tiennent compte de ces travaux.﻿<br>Motif : travaux.</p>";20220701T173014;Transilien Train Transilien H;b3e5375e-f952-11ec-88d1-005056a47b86;travaux
future;Incidents;30;perturbée;SIGNIFICANT_DELAYS;20221004T220000;20221005T000000;b3e5375e-f952-11ec-88d1-005056a47b86;" / Ligne H : Paris-Persan via Valmondois 27/06 -16/12 / <p>Période : à partir de 22h30<br>Dates : du lundi 27 juin jusqu'au vendredi 16 décembre sauf les week-ends et jours fériés.<br>Le trafic est interrompu entre Paris Gare du Nord et Persan - Beaumont via Valmondois.<br>En conséquence, un service de bus de remplacement est mis en place, avec desserte des gares intermédiaires.<br><a href=""https://www.transilien.com/sites/transilien/files/sentinelle-20220701-hparisermontpersanviavalmondois-jusquau16decembre.pdf"" target="""">Pour plus d'informations sur les horaires du lundi 27 juin au vendredi 16 décembre sauf week-ends et jours fériés, cliquez ici pour télécharger l'affiche PDF.</a><br><a href=""https://www.transilien.com/sites/transilien/files/sentinelle-20220418-h-ermontvalmondoispersan-18avril26maiet6juin.pdf"" target="""">Pour plus d'informations sur les horaires des jours fériés, cliquez ici pour télécharger l'affiche PDF.</a><br>Attention à partir du lundi 11 avril 2022 : les arrêts bus de la gare de Vaucelles et Saint-Leu la Forêt sont déplacés, pour connaître les nouveaux emplacements cliquez ici :<br>- <a href=""https://www.transilien.com/sites/transilien/files/sentinelle-20220409-h-pointdarretbus-vaucelles.pdf"" target="""">Gare de Vaucelles</a><br>- <a href=""https://www.transilien.com/sites/transilien/files/sentinelle-20220409-h-pointdarretbus-stleulaforet.pdf"" target="""">Gare de Saint-Leu la Forêt</a><br>Les horaires du calculateur d'itinéraire tiennent compte de ces travaux.﻿<br>Motif : travaux.</p>";20220701T173014;Transilien Train Transilien H;b3e5375e-f952-11ec-88d1-005056a47b86;travaux
future;Incidents;30;perturbée;SIGNIFICANT_DELAYS;20221003T220000;20221004T000000;b3e5375e-f952-11ec-88d1-005056a47b86;" / Ligne H : Paris-Persan via Valmondois 27/06 -16/12 / <p>Période : à partir de 22h30<br>Dates : du lundi 27 juin jusqu'au vendredi 16 décembre sauf les week-ends et jours fériés.<br>Le trafic est interrompu entre Paris Gare du Nord et Persan - Beaumont via Valmondois.<br>En conséquence, un service de bus de remplacement est mis en place, avec desserte des gares intermédiaires.<br><a href=""https://www.transilien.com/sites/transilien/files/sentinelle-20220701-hparisermontpersanviavalmondois-jusquau16decembre.pdf"" target="""">Pour plus d'informations sur les horaires du lundi 27 juin au vendredi 16 décembre sauf week-ends et jours fériés, cliquez ici pour télécharger l'affiche PDF.</a><br><a href=""https://www.transilien.com/sites/transilien/files/sentinelle-20220418-h-ermontvalmondoispersan-18avril26maiet6juin.pdf"" target="""">Pour plus d'informations sur les horaires des jours fériés, cliquez ici pour télécharger l'affiche PDF.</a><br>Attention à partir du lundi 11 avril 2022 : les arrêts bus de la gare de Vaucelles et Saint-Leu la Forêt sont déplacés, pour connaître les nouveaux emplacements cliquez ici :<br>- <a href=""https://www.transilien.com/sites/transilien/files/sentinelle-20220409-h-pointdarretbus-vaucelles.pdf"" target="""">Gare de Vaucelles</a><br>- <a href=""https://www.transilien.com/sites/transilien/files/sentinelle-20220409-h-pointdarretbus-stleulaforet.pdf"" target="""">Gare de Saint-Leu la Forêt</a><br>Les horaires du calculateur d'itinéraire tiennent compte de ces travaux.﻿<br>Motif : travaux.</p>";20220701T173014;Transilien Train Transilien H;b3e5375e-f952-11ec-88d1-005056a47b86;travaux
future;Incidents;30;perturbée;SIGNIFICANT_DELAYS;20220929T220000;20220930T000000;b3e5375e-f952-11ec-88d1-005056a47b86;" / Ligne H : Paris-Persan via Valmondois 27/06 -16/12 / <p>Période : à partir de 22h30<br>Dates : du lundi 27 juin jusqu'au vendredi 16 décembre sauf les week-ends et jours fériés.<br>Le trafic est interrompu entre Paris Gare du Nord et Persan - Beaumont via Valmondois.<br>En conséquence, un service de bus de remplacement est mis en place, avec desserte des gares intermédiaires.<br><a href=""https://www.transilien.com/sites/transilien/files/sentinelle-20220701-hparisermontpersanviavalmondois-jusquau16decembre.pdf"" target="""">Pour plus d'informations sur les horaires du lundi 27 juin au vendredi 16 décembre sauf week-ends et jours fériés, cliquez ici pour télécharger l'affiche PDF.</a><br><a href=""https://www.transilien.com/sites/transilien/files/sentinelle-20220418-h-ermontvalmondoispersan-18avril26maiet6juin.pdf"" target="""">Pour plus d'informations sur les horaires des jours fériés, cliquez ici pour télécharger l'affiche PDF.</a><br>Attention à partir du lundi 11 avril 2022 : les arrêts bus de la gare de Vaucelles et Saint-Leu la Forêt sont déplacés, pour connaître les nouveaux emplacements cliquez ici :<br>- <a href=""https://www.transilien.com/sites/transilien/files/sentinelle-20220409-h-pointdarretbus-vaucelles.pdf"" target="""">Gare de Vaucelles</a><br>- <a href=""https://www.transilien.com/sites/transilien/files/sentinelle-20220409-h-pointdarretbus-stleulaforet.pdf"" target="""">Gare de Saint-Leu la Forêt</a><br>Les horaires du calculateur d'itinéraire tiennent compte de ces travaux.﻿<br>Motif : travaux.</p>";20220701T173014;Transilien Train Transilien H;b3e5375e-f952-11ec-88d1-005056a47b86;travaux
future;Incidents;30;perturbée;SIGNIFICANT_DELAYS;20220928T220000;20220929T000000;b3e5375e-f952-11ec-88d1-005056a47b86;" / Ligne H : Paris-Persan via Valmondois 27/06 -16/12 / <p>Période : à partir de 22h30<br>Dates : du lundi 27 juin jusqu'au vendredi 16 décembre sauf les week-ends et jours fériés.<br>Le trafic est interrompu entre Paris Gare du Nord et Persan - Beaumont via Valmondois.<br>En conséquence, un service de bus de remplacement est mis en place, avec desserte des gares intermédiaires.<br><a href=""https://www.transilien.com/sites/transilien/files/sentinelle-20220701-hparisermontpersanviavalmondois-jusquau16decembre.pdf"" target="""">Pour plus d'informations sur les horaires du lundi 27 juin au vendredi 16 décembre sauf week-ends et jours fériés, cliquez ici pour télécharger l'affiche PDF.</a><br><a href=""https://www.transilien.com/sites/transilien/files/sentinelle-20220418-h-ermontvalmondoispersan-18avril26maiet6juin.pdf"" target="""">Pour plus d'informations sur les horaires des jours fériés, cliquez ici pour télécharger l'affiche PDF.</a><br>Attention à partir du lundi 11 avril 2022 : les arrêts bus de la gare de Vaucelles et Saint-Leu la Forêt sont déplacés, pour connaître les nouveaux emplacements cliquez ici :<br>- <a href=""https://www.transilien.com/sites/transilien/files/sentinelle-20220409-h-pointdarretbus-vaucelles.pdf"" target="""">Gare de Vaucelles</a><br>- <a href=""https://www.transilien.com/sites/transilien/files/sentinelle-20220409-h-pointdarretbus-stleulaforet.pdf"" target="""">Gare de Saint-Leu la Forêt</a><br>Les horaires du calculateur d'itinéraire tiennent compte de ces travaux.﻿<br>Motif : travaux.</p>";20220701T173014;Transilien Train Transilien H;b3e5375e-f952-11ec-88d1-005056a47b86;travaux
future;Incidents;30;perturbée;SIGNIFICANT_DELAYS;20220927T220000;20220928T000000;b3e5375e-f952-11ec-88d1-005056a47b86;" / Ligne H : Paris-Persan via Valmondois 27/06 -16/12 / <p>Période : à partir de 22h30<br>Dates : du lundi 27 juin jusqu'au vendredi 16 décembre sauf les week-ends et jours fériés.<br>Le trafic est interrompu entre Paris Gare du Nord et Persan - Beaumont via Valmondois.<br>En conséquence, un service de bus de remplacement est mis en place, avec desserte des gares intermédiaires.<br><a href=""https://www.transilien.com/sites/transilien/files/sentinelle-20220701-hparisermontpersanviavalmondois-jusquau16decembre.pdf"" target="""">Pour plus d'informations sur les horaires du lundi 27 juin au vendredi 16 décembre sauf week-ends et jours fériés, cliquez ici pour télécharger l'affiche PDF.</a><br><a href=""https://www.transilien.com/sites/transilien/files/sentinelle-20220418-h-ermontvalmondoispersan-18avril26maiet6juin.pdf"" target="""">Pour plus d'informations sur les horaires des jours fériés, cliquez ici pour télécharger l'affiche PDF.</a><br>Attention à partir du lundi 11 avril 2022 : les arrêts bus de la gare de Vaucelles et Saint-Leu la Forêt sont déplacés, pour connaître les nouveaux emplacements cliquez ici :<br>- <a href=""https://www.transilien.com/sites/transilien/files/sentinelle-20220409-h-pointdarretbus-vaucelles.pdf"" target="""">Gare de Vaucelles</a><br>- <a href=""https://www.transilien.com/sites/transilien/files/sentinelle-20220409-h-pointdarretbus-stleulaforet.pdf"" target="""">Gare de Saint-Leu la Forêt</a><br>Les horaires du calculateur d'itinéraire tiennent compte de ces travaux.﻿<br>Motif : travaux.</p>";20220701T173014;Transilien Train Transilien H;b3e5375e-f952-11ec-88d1-005056a47b86;travaux
future;Incidents;30;perturbée;SIGNIFICANT_DELAYS;20220926T220000;20220927T000000;b3e5375e-f952-11ec-88d1-005056a47b86;" / Ligne H : Paris-Persan via Valmondois 27/06 -16/12 / <p>Période : à partir de 22h30<br>Dates : du lundi 27 juin jusqu'au vendredi 16 décembre sauf les week-ends et jours fériés.<br>Le trafic est interrompu entre Paris Gare du Nord et Persan - Beaumont via Valmondois.<br>En conséquence, un service de bus de remplacement est mis en place, avec desserte des gares intermédiaires.<br><a href=""https://www.transilien.com/sites/transilien/files/sentinelle-20220701-hparisermontpersanviavalmondois-jusquau16decembre.pdf"" target="""">Pour plus d'informations sur les horaires du lundi 27 juin au vendredi 16 décembre sauf week-ends et jours fériés, cliquez ici pour télécharger l'affiche PDF.</a><br><a href=""https://www.transilien.com/sites/transilien/files/sentinelle-20220418-h-ermontvalmondoispersan-18avril26maiet6juin.pdf"" target="""">Pour plus d'informations sur les horaires des jours fériés, cliquez ici pour télécharger l'affiche PDF.</a><br>Attention à partir du lundi 11 avril 2022 : les arrêts bus de la gare de Vaucelles et Saint-Leu la Forêt sont déplacés, pour connaître les nouveaux emplacements cliquez ici :<br>- <a href=""https://www.transilien.com/sites/transilien/files/sentinelle-20220409-h-pointdarretbus-vaucelles.pdf"" target="""">Gare de Vaucelles</a><br>- <a href=""https://www.transilien.com/sites/transilien/files/sentinelle-20220409-h-pointdarretbus-stleulaforet.pdf"" target="""">Gare de Saint-Leu la Forêt</a><br>Les horaires du calculateur d'itinéraire tiennent compte de ces travaux.﻿<br>Motif : travaux.</p>";20220701T173014;Transilien Train Transilien H;b3e5375e-f952-11ec-88d1-005056a47b86;travaux
future;Incidents;30;perturbée;SIGNIFICANT_DELAYS;20220923T220000;20220924T000000;b3e5375e-f952-11ec-88d1-005056a47b86;" / Ligne H : Paris-Persan via Valmondois 27/06 -16/12 / <p>Période : à partir de 22h30<br>Dates : du lundi 27 juin jusqu'au vendredi 16 décembre sauf les week-ends et jours fériés.<br>Le trafic est interrompu entre Paris Gare du Nord et Persan - Beaumont via Valmondois.<br>En conséquence, un service de bus de remplacement est mis en place, avec desserte des gares intermédiaires.<br><a href=""https://www.transilien.com/sites/transilien/files/sentinelle-20220701-hparisermontpersanviavalmondois-jusquau16decembre.pdf"" target="""">Pour plus d'informations sur les horaires du lundi 27 juin au vendredi 16 décembre sauf week-ends et jours fériés, cliquez ici pour télécharger l'affiche PDF.</a><br><a href=""https://www.transilien.com/sites/transilien/files/sentinelle-20220418-h-ermontvalmondoispersan-18avril26maiet6juin.pdf"" target="""">Pour plus d'informations sur les horaires des jours fériés, cliquez ici pour télécharger l'affiche PDF.</a><br>Attention à partir du lundi 11 avril 2022 : les arrêts bus de la gare de Vaucelles et Saint-Leu la Forêt sont déplacés, pour connaître les nouveaux emplacements cliquez ici :<br>- <a href=""https://www.transilien.com/sites/transilien/files/sentinelle-20220409-h-pointdarretbus-vaucelles.pdf"" target="""">Gare de Vaucelles</a><br>- <a href=""https://www.transilien.com/sites/transilien/files/sentinelle-20220409-h-pointdarretbus-stleulaforet.pdf"" target="""">Gare de Saint-Leu la Forêt</a><br>Les horaires du calculateur d'itinéraire tiennent compte de ces travaux.﻿<br>Motif : travaux.</p>";20220701T173014;Transilien Train Transilien H;b3e5375e-f952-11ec-88d1-005056a47b86;travaux
future;Incidents;30;perturbée;SIGNIFICANT_DELAYS;20220922T220000;20220923T000000;b3e5375e-f952-11ec-88d1-005056a47b86;" / Ligne H : Paris-Persan via Valmondois 27/06 -16/12 / <p>Période : à partir de 22h30<br>Dates : du lundi 27 juin jusqu'au vendredi 16 décembre sauf les week-ends et jours fériés.<br>Le trafic est interrompu entre Paris Gare du Nord et Persan - Beaumont via Valmondois.<br>En conséquence, un service de bus de remplacement est mis en place, avec desserte des gares intermédiaires.<br><a href=""https://www.transilien.com/sites/transilien/files/sentinelle-20220701-hparisermontpersanviavalmondois-jusquau16decembre.pdf"" target="""">Pour plus d'informations sur les horaires du lundi 27 juin au vendredi 16 décembre sauf week-ends et jours fériés, cliquez ici pour télécharger l'affiche PDF.</a><br><a href=""https://www.transilien.com/sites/transilien/files/sentinelle-20220418-h-ermontvalmondoispersan-18avril26maiet6juin.pdf"" target="""">Pour plus d'informations sur les horaires des jours fériés, cliquez ici pour télécharger l'affiche PDF.</a><br>Attention à partir du lundi 11 avril 2022 : les arrêts bus de la gare de Vaucelles et Saint-Leu la Forêt sont déplacés, pour connaître les nouveaux emplacements cliquez ici :<br>- <a href=""https://www.transilien.com/sites/transilien/files/sentinelle-20220409-h-pointdarretbus-vaucelles.pdf"" target="""">Gare de Vaucelles</a><br>- <a href=""https://www.transilien.com/sites/transilien/files/sentinelle-20220409-h-pointdarretbus-stleulaforet.pdf"" target="""">Gare de Saint-Leu la Forêt</a><br>Les horaires du calculateur d'itinéraire tiennent compte de ces travaux.﻿<br>Motif : travaux.</p>";20220701T173014;Transilien Train Transilien H;b3e5375e-f952-11ec-88d1-005056a47b86;travaux
future;Incidents;30;perturbée;SIGNIFICANT_DELAYS;20220921T220000;20220922T000000;b3e5375e-f952-11ec-88d1-005056a47b86;" / Ligne H : Paris-Persan via Valmondois 27/06 -16/12 / <p>Période : à partir de 22h30<br>Dates : du lundi 27 juin jusqu'au vendredi 16 décembre sauf les week-ends et jours fériés.<br>Le trafic est interrompu entre Paris Gare du Nord et Persan - Beaumont via Valmondois.<br>En conséquence, un service de bus de remplacement est mis en place, avec desserte des gares intermédiaires.<br><a href=""https://www.transilien.com/sites/transilien/files/sentinelle-20220701-hparisermontpersanviavalmondois-jusquau16decembre.pdf"" target="""">Pour plus d'informations sur les horaires du lundi 27 juin au vendredi 16 décembre sauf week-ends et jours fériés, cliquez ici pour télécharger l'affiche PDF.</a><br><a href=""https://www.transilien.com/sites/transilien/files/sentinelle-20220418-h-ermontvalmondoispersan-18avril26maiet6juin.pdf"" target="""">Pour plus d'informations sur les horaires des jours fériés, cliquez ici pour télécharger l'affiche PDF.</a><br>Attention à partir du lundi 11 avril 2022 : les arrêts bus de la gare de Vaucelles et Saint-Leu la Forêt sont déplacés, pour connaître les nouveaux emplacements cliquez ici :<br>- <a href=""https://www.transilien.com/sites/transilien/files/sentinelle-20220409-h-pointdarretbus-vaucelles.pdf"" target="""">Gare de Vaucelles</a><br>- <a href=""https://www.transilien.com/sites/transilien/files/sentinelle-20220409-h-pointdarretbus-stleulaforet.pdf"" target="""">Gare de Saint-Leu la Forêt</a><br>Les horaires du calculateur d'itinéraire tiennent compte de ces travaux.﻿<br>Motif : travaux.</p>";20220701T173014;Transilien Train Transilien H;b3e5375e-f952-11ec-88d1-005056a47b86;travaux
future;Incidents;30;perturbée;SIGNIFICANT_DELAYS;20220919T220000;20220920T000000;b3e5375e-f952-11ec-88d1-005056a47b86;" / Ligne H : Paris-Persan via Valmondois 27/06 -16/12 / <p>Période : à partir de 22h30<br>Dates : du lundi 27 juin jusqu'au vendredi 16 décembre sauf les week-ends et jours fériés.<br>Le trafic est interrompu entre Paris Gare du Nord et Persan - Beaumont via Valmondois.<br>En conséquence, un service de bus de remplacement est mis en place, avec desserte des gares intermédiaires.<br><a href=""https://www.transilien.com/sites/transilien/files/sentinelle-20220701-hparisermontpersanviavalmondois-jusquau16decembre.pdf"" target="""">Pour plus d'informations sur les horaires du lundi 27 juin au vendredi 16 décembre sauf week-ends et jours fériés, cliquez ici pour télécharger l'affiche PDF.</a><br><a href=""https://www.transilien.com/sites/transilien/files/sentinelle-20220418-h-ermontvalmondoispersan-18avril26maiet6juin.pdf"" target="""">Pour plus d'informations sur les horaires des jours fériés, cliquez ici pour télécharger l'affiche PDF.</a><br>Attention à partir du lundi 11 avril 2022 : les arrêts bus de la gare de Vaucelles et Saint-Leu la Forêt sont déplacés, pour connaître les nouveaux emplacements cliquez ici :<br>- <a href=""https://www.transilien.com/sites/transilien/files/sentinelle-20220409-h-pointdarretbus-vaucelles.pdf"" target="""">Gare de Vaucelles</a><br>- <a href=""https://www.transilien.com/sites/transilien/files/sentinelle-20220409-h-pointdarretbus-stleulaforet.pdf"" target="""">Gare de Saint-Leu la Forêt</a><br>Les horaires du calculateur d'itinéraire tiennent compte de ces travaux.﻿<br>Motif : travaux.</p>";20220701T173014;Transilien Train Transilien H;b3e5375e-f952-11ec-88d1-005056a47b86;travaux
future;Incidents;30;perturbée;SIGNIFICANT_DELAYS;20220916T220000;20220917T000000;b3e5375e-f952-11ec-88d1-005056a47b86;" / Ligne H : Paris-Persan via Valmondois 27/06 -16/12 / <p>Période : à partir de 22h30<br>Dates : du lundi 27 juin jusqu'au vendredi 16 décembre sauf les week-ends et jours fériés.<br>Le trafic est interrompu entre Paris Gare du Nord et Persan - Beaumont via Valmondois.<br>En conséquence, un service de bus de remplacement est mis en place, avec desserte des gares intermédiaires.<br><a href=""https://www.transilien.com/sites/transilien/files/sentinelle-20220701-hparisermontpersanviavalmondois-jusquau16decembre.pdf"" target="""">Pour plus d'informations sur les horaires du lundi 27 juin au vendredi 16 décembre sauf week-ends et jours fériés, cliquez ici pour télécharger l'affiche PDF.</a><br><a href=""https://www.transilien.com/sites/transilien/files/sentinelle-20220418-h-ermontvalmondoispersan-18avril26maiet6juin.pdf"" target="""">Pour plus d'informations sur les horaires des jours fériés, cliquez ici pour télécharger l'affiche PDF.</a><br>Attention à partir du lundi 11 avril 2022 : les arrêts bus de la gare de Vaucelles et Saint-Leu la Forêt sont déplacés, pour connaître les nouveaux emplacements cliquez ici :<br>- <a href=""https://www.transilien.com/sites/transilien/files/sentinelle-20220409-h-pointdarretbus-vaucelles.pdf"" target="""">Gare de Vaucelles</a><br>- <a href=""https://www.transilien.com/sites/transilien/files/sentinelle-20220409-h-pointdarretbus-stleulaforet.pdf"" target="""">Gare de Saint-Leu la Forêt</a><br>Les horaires du calculateur d'itinéraire tiennent compte de ces travaux.﻿<br>Motif : travaux.</p>";20220701T173014;Transilien Train Transilien H;b3e5375e-f952-11ec-88d1-005056a47b86;travaux
future;Incidents;30;perturbée;SIGNIFICANT_DELAYS;20220915T220000;20220916T000000;b3e5375e-f952-11ec-88d1-005056a47b86;" / Ligne H : Paris-Persan via Valmondois 27/06 -16/12 / <p>Période : à partir de 22h30<br>Dates : du lundi 27 juin jusqu'au vendredi 16 décembre sauf les week-ends et jours fériés.<br>Le trafic est interrompu entre Paris Gare du Nord et Persan - Beaumont via Valmondois.<br>En conséquence, un service de bus de remplacement est mis en place, avec desserte des gares intermédiaires.<br><a href=""https://www.transilien.com/sites/transilien/files/sentinelle-20220701-hparisermontpersanviavalmondois-jusquau16decembre.pdf"" target="""">Pour plus d'informations sur les horaires du lundi 27 juin au vendredi 16 décembre sauf week-ends et jours fériés, cliquez ici pour télécharger l'affiche PDF.</a><br><a href=""https://www.transilien.com/sites/transilien/files/sentinelle-20220418-h-ermontvalmondoispersan-18avril26maiet6juin.pdf"" target="""">Pour plus d'informations sur les horaires des jours fériés, cliquez ici pour télécharger l'affiche PDF.</a><br>Attention à partir du lundi 11 avril 2022 : les arrêts bus de la gare de Vaucelles et Saint-Leu la Forêt sont déplacés, pour connaître les nouveaux emplacements cliquez ici :<br>- <a href=""https://www.transilien.com/sites/transilien/files/sentinelle-20220409-h-pointdarretbus-vaucelles.pdf"" target="""">Gare de Vaucelles</a><br>- <a href=""https://www.transilien.com/sites/transilien/files/sentinelle-20220409-h-pointdarretbus-stleulaforet.pdf"" target="""">Gare de Saint-Leu la Forêt</a><br>Les horaires du calculateur d'itinéraire tiennent compte de ces travaux.﻿<br>Motif : travaux.</p>";20220701T173014;Transilien Train Transilien H;b3e5375e-f952-11ec-88d1-005056a47b86;travaux
future;Incidents;30;perturbée;SIGNIFICANT_DELAYS;20220913T220000;20220914T000000;b3e5375e-f952-11ec-88d1-005056a47b86;" / Ligne H : Paris-Persan via Valmondois 27/06 -16/12 / <p>Période : à partir de 22h30<br>Dates : du lundi 27 juin jusqu'au vendredi 16 décembre sauf les week-ends et jours fériés.<br>Le trafic est interrompu entre Paris Gare du Nord et Persan - Beaumont via Valmondois.<br>En conséquence, un service de bus de remplacement est mis en place, avec desserte des gares intermédiaires.<br><a href=""https://www.transilien.com/sites/transilien/files/sentinelle-20220701-hparisermontpersanviavalmondois-jusquau16decembre.pdf"" target="""">Pour plus d'informations sur les horaires du lundi 27 juin au vendredi 16 décembre sauf week-ends et jours fériés, cliquez ici pour télécharger l'affiche PDF.</a><br><a href=""https://www.transilien.com/sites/transilien/files/sentinelle-20220418-h-ermontvalmondoispersan-18avril26maiet6juin.pdf"" target="""">Pour plus d'informations sur les horaires des jours fériés, cliquez ici pour télécharger l'affiche PDF.</a><br>Attention à partir du lundi 11 avril 2022 : les arrêts bus de la gare de Vaucelles et Saint-Leu la Forêt sont déplacés, pour connaître les nouveaux emplacements cliquez ici :<br>- <a href=""https://www.transilien.com/sites/transilien/files/sentinelle-20220409-h-pointdarretbus-vaucelles.pdf"" target="""">Gare de Vaucelles</a><br>- <a href=""https://www.transilien.com/sites/transilien/files/sentinelle-20220409-h-pointdarretbus-stleulaforet.pdf"" target="""">Gare de Saint-Leu la Forêt</a><br>Les horaires du calculateur d'itinéraire tiennent compte de ces travaux.﻿<br>Motif : travaux.</p>";20220701T173014;Transilien Train Transilien H;b3e5375e-f952-11ec-88d1-005056a47b86;travaux
future;Incidents;30;perturbée;SIGNIFICANT_DELAYS;20220912T220000;20220913T000000;b3e5375e-f952-11ec-88d1-005056a47b86;" / Ligne H : Paris-Persan via Valmondois 27/06 -16/12 / <p>Période : à partir de 22h30<br>Dates : du lundi 27 juin jusqu'au vendredi 16 décembre sauf les week-ends et jours fériés.<br>Le trafic est interrompu entre Paris Gare du Nord et Persan - Beaumont via Valmondois.<br>En conséquence, un service de bus de remplacement est mis en place, avec desserte des gares intermédiaires.<br><a href=""https://www.transilien.com/sites/transilien/files/sentinelle-20220701-hparisermontpersanviavalmondois-jusquau16decembre.pdf"" target="""">Pour plus d'informations sur les horaires du lundi 27 juin au vendredi 16 décembre sauf week-ends et jours fériés, cliquez ici pour télécharger l'affiche PDF.</a><br><a href=""https://www.transilien.com/sites/transilien/files/sentinelle-20220418-h-ermontvalmondoispersan-18avril26maiet6juin.pdf"" target="""">Pour plus d'informations sur les horaires des jours fériés, cliquez ici pour télécharger l'affiche PDF.</a><br>Attention à partir du lundi 11 avril 2022 : les arrêts bus de la gare de Vaucelles et Saint-Leu la Forêt sont déplacés, pour connaître les nouveaux emplacements cliquez ici :<br>- <a href=""https://www.transilien.com/sites/transilien/files/sentinelle-20220409-h-pointdarretbus-vaucelles.pdf"" target="""">Gare de Vaucelles</a><br>- <a href=""https://www.transilien.com/sites/transilien/files/sentinelle-20220409-h-pointdarretbus-stleulaforet.pdf"" target="""">Gare de Saint-Leu la Forêt</a><br>Les horaires du calculateur d'itinéraire tiennent compte de ces travaux.﻿<br>Motif : travaux.</p>";20220701T173014;Transilien Train Transilien H;b3e5375e-f952-11ec-88d1-005056a47b86;travaux
future;Incidents;30;perturbée;SIGNIFICANT_DELAYS;20220909T220000;20220910T000000;b3e5375e-f952-11ec-88d1-005056a47b86;" / Ligne H : Paris-Persan via Valmondois 27/06 -16/12 / <p>Période : à partir de 22h30<br>Dates : du lundi 27 juin jusqu'au vendredi 16 décembre sauf les week-ends et jours fériés.<br>Le trafic est interrompu entre Paris Gare du Nord et Persan - Beaumont via Valmondois.<br>En conséquence, un service de bus de remplacement est mis en place, avec desserte des gares intermédiaires.<br><a href=""https://www.transilien.com/sites/transilien/files/sentinelle-20220701-hparisermontpersanviavalmondois-jusquau16decembre.pdf"" target="""">Pour plus d'informations sur les horaires du lundi 27 juin au vendredi 16 décembre sauf week-ends et jours fériés, cliquez ici pour télécharger l'affiche PDF.</a><br><a href=""https://www.transilien.com/sites/transilien/files/sentinelle-20220418-h-ermontvalmondoispersan-18avril26maiet6juin.pdf"" target="""">Pour plus d'informations sur les horaires des jours fériés, cliquez ici pour télécharger l'affiche PDF.</a><br>Attention à partir du lundi 11 avril 2022 : les arrêts bus de la gare de Vaucelles et Saint-Leu la Forêt sont déplacés, pour connaître les nouveaux emplacements cliquez ici :<br>- <a href=""https://www.transilien.com/sites/transilien/files/sentinelle-20220409-h-pointdarretbus-vaucelles.pdf"" target="""">Gare de Vaucelles</a><br>- <a href=""https://www.transilien.com/sites/transilien/files/sentinelle-20220409-h-pointdarretbus-stleulaforet.pdf"" target="""">Gare de Saint-Leu la Forêt</a><br>Les horaires du calculateur d'itinéraire tiennent compte de ces travaux.﻿<br>Motif : travaux.</p>";20220701T173014;Transilien Train Transilien H;b3e5375e-f952-11ec-88d1-005056a47b86;travaux
future;Incidents;30;perturbée;SIGNIFICANT_DELAYS;20220907T220000;20220908T000000;b3e5375e-f952-11ec-88d1-005056a47b86;" / Ligne H : Paris-Persan via Valmondois 27/06 -16/12 / <p>Période : à partir de 22h30<br>Dates : du lundi 27 juin jusqu'au vendredi 16 décembre sauf les week-ends et jours fériés.<br>Le trafic est interrompu entre Paris Gare du Nord et Persan - Beaumont via Valmondois.<br>En conséquence, un service de bus de remplacement est mis en place, avec desserte des gares intermédiaires.<br><a href=""https://www.transilien.com/sites/transilien/files/sentinelle-20220701-hparisermontpersanviavalmondois-jusquau16decembre.pdf"" target="""">Pour plus d'informations sur les horaires du lundi 27 juin au vendredi 16 décembre sauf week-ends et jours fériés, cliquez ici pour télécharger l'affiche PDF.</a><br><a href=""https://www.transilien.com/sites/transilien/files/sentinelle-20220418-h-ermontvalmondoispersan-18avril26maiet6juin.pdf"" target="""">Pour plus d'informations sur les horaires des jours fériés, cliquez ici pour télécharger l'affiche PDF.</a><br>Attention à partir du lundi 11 avril 2022 : les arrêts bus de la gare de Vaucelles et Saint-Leu la Forêt sont déplacés, pour connaître les nouveaux emplacements cliquez ici :<br>- <a href=""https://www.transilien.com/sites/transilien/files/sentinelle-20220409-h-pointdarretbus-vaucelles.pdf"" target="""">Gare de Vaucelles</a><br>- <a href=""https://www.transilien.com/sites/transilien/files/sentinelle-20220409-h-pointdarretbus-stleulaforet.pdf"" target="""">Gare de Saint-Leu la Forêt</a><br>Les horaires du calculateur d'itinéraire tiennent compte de ces travaux.﻿<br>Motif : travaux.</p>";20220701T173014;Transilien Train Transilien H;b3e5375e-f952-11ec-88d1-005056a47b86;travaux
future;Incidents;30;perturbée;SIGNIFICANT_DELAYS;20220906T220000;20220907T000000;b3e5375e-f952-11ec-88d1-005056a47b86;" / Ligne H : Paris-Persan via Valmondois 27/06 -16/12 / <p>Période : à partir de 22h30<br>Dates : du lundi 27 juin jusqu'au vendredi 16 décembre sauf les week-ends et jours fériés.<br>Le trafic est interrompu entre Paris Gare du Nord et Persan - Beaumont via Valmondois.<br>En conséquence, un service de bus de remplacement est mis en place, avec desserte des gares intermédiaires.<br><a href=""https://www.transilien.com/sites/transilien/files/sentinelle-20220701-hparisermontpersanviavalmondois-jusquau16decembre.pdf"" target="""">Pour plus d'informations sur les horaires du lundi 27 juin au vendredi 16 décembre sauf week-ends et jours fériés, cliquez ici pour télécharger l'affiche PDF.</a><br><a href=""https://www.transilien.com/sites/transilien/files/sentinelle-20220418-h-ermontvalmondoispersan-18avril26maiet6juin.pdf"" target="""">Pour plus d'informations sur les horaires des jours fériés, cliquez ici pour télécharger l'affiche PDF.</a><br>Attention à partir du lundi 11 avril 2022 : les arrêts bus de la gare de Vaucelles et Saint-Leu la Forêt sont déplacés, pour connaître les nouveaux emplacements cliquez ici :<br>- <a href=""https://www.transilien.com/sites/transilien/files/sentinelle-20220409-h-pointdarretbus-vaucelles.pdf"" target="""">Gare de Vaucelles</a><br>- <a href=""https://www.transilien.com/sites/transilien/files/sentinelle-20220409-h-pointdarretbus-stleulaforet.pdf"" target="""">Gare de Saint-Leu la Forêt</a><br>Les horaires du calculateur d'itinéraire tiennent compte de ces travaux.﻿<br>Motif : travaux.</p>";20220701T173014;Transilien Train Transilien H;b3e5375e-f952-11ec-88d1-005056a47b86;travaux
future;Incidents;30;perturbée;SIGNIFICANT_DELAYS;20220905T220000;20220906T000000;b3e5375e-f952-11ec-88d1-005056a47b86;" / Ligne H : Paris-Persan via Valmondois 27/06 -16/12 / <p>Période : à partir de 22h30<br>Dates : du lundi 27 juin jusqu'au vendredi 16 décembre sauf les week-ends et jours fériés.<br>Le trafic est interrompu entre Paris Gare du Nord et Persan - Beaumont via Valmondois.<br>En conséquence, un service de bus de remplacement est mis en place, avec desserte des gares intermédiaires.<br><a href=""https://www.transilien.com/sites/transilien/files/sentinelle-20220701-hparisermontpersanviavalmondois-jusquau16decembre.pdf"" target="""">Pour plus d'informations sur les horaires du lundi 27 juin au vendredi 16 décembre sauf week-ends et jours fériés, cliquez ici pour télécharger l'affiche PDF.</a><br><a href=""https://www.transilien.com/sites/transilien/files/sentinelle-20220418-h-ermontvalmondoispersan-18avril26maiet6juin.pdf"" target="""">Pour plus d'informations sur les horaires des jours fériés, cliquez ici pour télécharger l'affiche PDF.</a><br>Attention à partir du lundi 11 avril 2022 : les arrêts bus de la gare de Vaucelles et Saint-Leu la Forêt sont déplacés, pour connaître les nouveaux emplacements cliquez ici :<br>- <a href=""https://www.transilien.com/sites/transilien/files/sentinelle-20220409-h-pointdarretbus-vaucelles.pdf"" target="""">Gare de Vaucelles</a><br>- <a href=""https://www.transilien.com/sites/transilien/files/sentinelle-20220409-h-pointdarretbus-stleulaforet.pdf"" target="""">Gare de Saint-Leu la Forêt</a><br>Les horaires du calculateur d'itinéraire tiennent compte de ces travaux.﻿<br>Motif : travaux.</p>";20220701T173014;Transilien Train Transilien H;b3e5375e-f952-11ec-88d1-005056a47b86;travaux
future;Incidents;30;perturbée;SIGNIFICANT_DELAYS;20220902T220000;20220903T000000;b3e5375e-f952-11ec-88d1-005056a47b86;" / Ligne H : Paris-Persan via Valmondois 27/06 -16/12 / <p>Période : à partir de 22h30<br>Dates : du lundi 27 juin jusqu'au vendredi 16 décembre sauf les week-ends et jours fériés.<br>Le trafic est interrompu entre Paris Gare du Nord et Persan - Beaumont via Valmondois.<br>En conséquence, un service de bus de remplacement est mis en place, avec desserte des gares intermédiaires.<br><a href=""https://www.transilien.com/sites/transilien/files/sentinelle-20220701-hparisermontpersanviavalmondois-jusquau16decembre.pdf"" target="""">Pour plus d'informations sur les horaires du lundi 27 juin au vendredi 16 décembre sauf week-ends et jours fériés, cliquez ici pour télécharger l'affiche PDF.</a><br><a href=""https://www.transilien.com/sites/transilien/files/sentinelle-20220418-h-ermontvalmondoispersan-18avril26maiet6juin.pdf"" target="""">Pour plus d'informations sur les horaires des jours fériés, cliquez ici pour télécharger l'affiche PDF.</a><br>Attention à partir du lundi 11 avril 2022 : les arrêts bus de la gare de Vaucelles et Saint-Leu la Forêt sont déplacés, pour connaître les nouveaux emplacements cliquez ici :<br>- <a href=""https://www.transilien.com/sites/transilien/files/sentinelle-20220409-h-pointdarretbus-vaucelles.pdf"" target="""">Gare de Vaucelles</a><br>- <a href=""https://www.transilien.com/sites/transilien/files/sentinelle-20220409-h-pointdarretbus-stleulaforet.pdf"" target="""">Gare de Saint-Leu la Forêt</a><br>Les horaires du calculateur d'itinéraire tiennent compte de ces travaux.﻿<br>Motif : travaux.</p>";20220701T173014;Transilien Train Transilien H;b3e5375e-f952-11ec-88d1-005056a47b86;travaux
future;Incidents;30;perturbée;SIGNIFICANT_DELAYS;20220901T220000;20220902T000000;b3e5375e-f952-11ec-88d1-005056a47b86;" / Ligne H : Paris-Persan via Valmondois 27/06 -16/12 / <p>Période : à partir de 22h30<br>Dates : du lundi 27 juin jusqu'au vendredi 16 décembre sauf les week-ends et jours fériés.<br>Le trafic est interrompu entre Paris Gare du Nord et Persan - Beaumont via Valmondois.<br>En conséquence, un service de bus de remplacement est mis en place, avec desserte des gares intermédiaires.<br><a href=""https://www.transilien.com/sites/transilien/files/sentinelle-20220701-hparisermontpersanviavalmondois-jusquau16decembre.pdf"" target="""">Pour plus d'informations sur les horaires du lundi 27 juin au vendredi 16 décembre sauf week-ends et jours fériés, cliquez ici pour télécharger l'affiche PDF.</a><br><a href=""https://www.transilien.com/sites/transilien/files/sentinelle-20220418-h-ermontvalmondoispersan-18avril26maiet6juin.pdf"" target="""">Pour plus d'informations sur les horaires des jours fériés, cliquez ici pour télécharger l'affiche PDF.</a><br>Attention à partir du lundi 11 avril 2022 : les arrêts bus de la gare de Vaucelles et Saint-Leu la Forêt sont déplacés, pour connaître les nouveaux emplacements cliquez ici :<br>- <a href=""https://www.transilien.com/sites/transilien/files/sentinelle-20220409-h-pointdarretbus-vaucelles.pdf"" target="""">Gare de Vaucelles</a><br>- <a href=""https://www.transilien.com/sites/transilien/files/sentinelle-20220409-h-pointdarretbus-stleulaforet.pdf"" target="""">Gare de Saint-Leu la Forêt</a><br>Les horaires du calculateur d'itinéraire tiennent compte de ces travaux.﻿<br>Motif : travaux.</p>";20220701T173014;Transilien Train Transilien H;b3e5375e-f952-11ec-88d1-005056a47b86;travaux
future;Incidents;30;perturbée;SIGNIFICANT_DELAYS;20220831T220000;20220901T000000;b3e5375e-f952-11ec-88d1-005056a47b86;" / Ligne H : Paris-Persan via Valmondois 27/06 -16/12 / <p>Période : à partir de 22h30<br>Dates : du lundi 27 juin jusqu'au vendredi 16 décembre sauf les week-ends et jours fériés.<br>Le trafic est interrompu entre Paris Gare du Nord et Persan - Beaumont via Valmondois.<br>En conséquence, un service de bus de remplacement est mis en place, avec desserte des gares intermédiaires.<br><a href=""https://www.transilien.com/sites/transilien/files/sentinelle-20220701-hparisermontpersanviavalmondois-jusquau16decembre.pdf"" target="""">Pour plus d'informations sur les horaires du lundi 27 juin au vendredi 16 décembre sauf week-ends et jours fériés, cliquez ici pour télécharger l'affiche PDF.</a><br><a href=""https://www.transilien.com/sites/transilien/files/sentinelle-20220418-h-ermontvalmondoispersan-18avril26maiet6juin.pdf"" target="""">Pour plus d'informations sur les horaires des jours fériés, cliquez ici pour télécharger l'affiche PDF.</a><br>Attention à partir du lundi 11 avril 2022 : les arrêts bus de la gare de Vaucelles et Saint-Leu la Forêt sont déplacés, pour connaître les nouveaux emplacements cliquez ici :<br>- <a href=""https://www.transilien.com/sites/transilien/files/sentinelle-20220409-h-pointdarretbus-vaucelles.pdf"" target="""">Gare de Vaucelles</a><br>- <a href=""https://www.transilien.com/sites/transilien/files/sentinelle-20220409-h-pointdarretbus-stleulaforet.pdf"" target="""">Gare de Saint-Leu la Forêt</a><br>Les horaires du calculateur d'itinéraire tiennent compte de ces travaux.﻿<br>Motif : travaux.</p>";20220701T173014;Transilien Train Transilien H;b3e5375e-f952-11ec-88d1-005056a47b86;travaux
future;Incidents;30;perturbée;SIGNIFICANT_DELAYS;20220830T220000;20220831T000000;b3e5375e-f952-11ec-88d1-005056a47b86;" / Ligne H : Paris-Persan via Valmondois 27/06 -16/12 / <p>Période : à partir de 22h30<br>Dates : du lundi 27 juin jusqu'au vendredi 16 décembre sauf les week-ends et jours fériés.<br>Le trafic est interrompu entre Paris Gare du Nord et Persan - Beaumont via Valmondois.<br>En conséquence, un service de bus de remplacement est mis en place, avec desserte des gares intermédiaires.<br><a href=""https://www.transilien.com/sites/transilien/files/sentinelle-20220701-hparisermontpersanviavalmondois-jusquau16decembre.pdf"" target="""">Pour plus d'informations sur les horaires du lundi 27 juin au vendredi 16 décembre sauf week-ends et jours fériés, cliquez ici pour télécharger l'affiche PDF.</a><br><a href=""https://www.transilien.com/sites/transilien/files/sentinelle-20220418-h-ermontvalmondoispersan-18avril26maiet6juin.pdf"" target="""">Pour plus d'informations sur les horaires des jours fériés, cliquez ici pour télécharger l'affiche PDF.</a><br>Attention à partir du lundi 11 avril 2022 : les arrêts bus de la gare de Vaucelles et Saint-Leu la Forêt sont déplacés, pour connaître les nouveaux emplacements cliquez ici :<br>- <a href=""https://www.transilien.com/sites/transilien/files/sentinelle-20220409-h-pointdarretbus-vaucelles.pdf"" target="""">Gare de Vaucelles</a><br>- <a href=""https://www.transilien.com/sites/transilien/files/sentinelle-20220409-h-pointdarretbus-stleulaforet.pdf"" target="""">Gare de Saint-Leu la Forêt</a><br>Les horaires du calculateur d'itinéraire tiennent compte de ces travaux.﻿<br>Motif : travaux.</p>";20220701T173014;Transilien Train Transilien H;b3e5375e-f952-11ec-88d1-005056a47b86;travaux
future;Incidents;30;perturbée;SIGNIFICANT_DELAYS;20220826T220000;20220827T000000;b3e5375e-f952-11ec-88d1-005056a47b86;" / Ligne H : Paris-Persan via Valmondois 27/06 -16/12 / <p>Période : à partir de 22h30<br>Dates : du lundi 27 juin jusqu'au vendredi 16 décembre sauf les week-ends et jours fériés.<br>Le trafic est interrompu entre Paris Gare du Nord et Persan - Beaumont via Valmondois.<br>En conséquence, un service de bus de remplacement est mis en place, avec desserte des gares intermédiaires.<br><a href=""https://www.transilien.com/sites/transilien/files/sentinelle-20220701-hparisermontpersanviavalmondois-jusquau16decembre.pdf"" target="""">Pour plus d'informations sur les horaires du lundi 27 juin au vendredi 16 décembre sauf week-ends et jours fériés, cliquez ici pour télécharger l'affiche PDF.</a><br><a href=""https://www.transilien.com/sites/transilien/files/sentinelle-20220418-h-ermontvalmondoispersan-18avril26maiet6juin.pdf"" target="""">Pour plus d'informations sur les horaires des jours fériés, cliquez ici pour télécharger l'affiche PDF.</a><br>Attention à partir du lundi 11 avril 2022 : les arrêts bus de la gare de Vaucelles et Saint-Leu la Forêt sont déplacés, pour connaître les nouveaux emplacements cliquez ici :<br>- <a href=""https://www.transilien.com/sites/transilien/files/sentinelle-20220409-h-pointdarretbus-vaucelles.pdf"" target="""">Gare de Vaucelles</a><br>- <a href=""https://www.transilien.com/sites/transilien/files/sentinelle-20220409-h-pointdarretbus-stleulaforet.pdf"" target="""">Gare de Saint-Leu la Forêt</a><br>Les horaires du calculateur d'itinéraire tiennent compte de ces travaux.﻿<br>Motif : travaux.</p>";20220701T173014;Transilien Train Transilien H;b3e5375e-f952-11ec-88d1-005056a47b86;travaux
future;Incidents;30;perturbée;SIGNIFICANT_DELAYS;20220825T220000;20220826T000000;b3e5375e-f952-11ec-88d1-005056a47b86;" / Ligne H : Paris-Persan via Valmondois 27/06 -16/12 / <p>Période : à partir de 22h30<br>Dates : du lundi 27 juin jusqu'au vendredi 16 décembre sauf les week-ends et jours fériés.<br>Le trafic est interrompu entre Paris Gare du Nord et Persan - Beaumont via Valmondois.<br>En conséquence, un service de bus de remplacement est mis en place, avec desserte des gares intermédiaires.<br><a href=""https://www.transilien.com/sites/transilien/files/sentinelle-20220701-hparisermontpersanviavalmondois-jusquau16decembre.pdf"" target="""">Pour plus d'informations sur les horaires du lundi 27 juin au vendredi 16 décembre sauf week-ends et jours fériés, cliquez ici pour télécharger l'affiche PDF.</a><br><a href=""https://www.transilien.com/sites/transilien/files/sentinelle-20220418-h-ermontvalmondoispersan-18avril26maiet6juin.pdf"" target="""">Pour plus d'informations sur les horaires des jours fériés, cliquez ici pour télécharger l'affiche PDF.</a><br>Attention à partir du lundi 11 avril 2022 : les arrêts bus de la gare de Vaucelles et Saint-Leu la Forêt sont déplacés, pour connaître les nouveaux emplacements cliquez ici :<br>- <a href=""https://www.transilien.com/sites/transilien/files/sentinelle-20220409-h-pointdarretbus-vaucelles.pdf"" target="""">Gare de Vaucelles</a><br>- <a href=""https://www.transilien.com/sites/transilien/files/sentinelle-20220409-h-pointdarretbus-stleulaforet.pdf"" target="""">Gare de Saint-Leu la Forêt</a><br>Les horaires du calculateur d'itinéraire tiennent compte de ces travaux.﻿<br>Motif : travaux.</p>";20220701T173014;Transilien Train Transilien H;b3e5375e-f952-11ec-88d1-005056a47b86;travaux
future;Incidents;30;perturbée;SIGNIFICANT_DELAYS;20220824T220000;20220825T000000;b3e5375e-f952-11ec-88d1-005056a47b86;" / Ligne H : Paris-Persan via Valmondois 27/06 -16/12 / <p>Période : à partir de 22h30<br>Dates : du lundi 27 juin jusqu'au vendredi 16 décembre sauf les week-ends et jours fériés.<br>Le trafic est interrompu entre Paris Gare du Nord et Persan - Beaumont via Valmondois.<br>En conséquence, un service de bus de remplacement est mis en place, avec desserte des gares intermédiaires.<br><a href=""https://www.transilien.com/sites/transilien/files/sentinelle-20220701-hparisermontpersanviavalmondois-jusquau16decembre.pdf"" target="""">Pour plus d'informations sur les horaires du lundi 27 juin au vendredi 16 décembre sauf week-ends et jours fériés, cliquez ici pour télécharger l'affiche PDF.</a><br><a href=""https://www.transilien.com/sites/transilien/files/sentinelle-20220418-h-ermontvalmondoispersan-18avril26maiet6juin.pdf"" target="""">Pour plus d'informations sur les horaires des jours fériés, cliquez ici pour télécharger l'affiche PDF.</a><br>Attention à partir du lundi 11 avril 2022 : les arrêts bus de la gare de Vaucelles et Saint-Leu la Forêt sont déplacés, pour connaître les nouveaux emplacements cliquez ici :<br>- <a href=""https://www.transilien.com/sites/transilien/files/sentinelle-20220409-h-pointdarretbus-vaucelles.pdf"" target="""">Gare de Vaucelles</a><br>- <a href=""https://www.transilien.com/sites/transilien/files/sentinelle-20220409-h-pointdarretbus-stleulaforet.pdf"" target="""">Gare de Saint-Leu la Forêt</a><br>Les horaires du calculateur d'itinéraire tiennent compte de ces travaux.﻿<br>Motif : travaux.</p>";20220701T173014;Transilien Train Transilien H;b3e5375e-f952-11ec-88d1-005056a47b86;travaux
future;Incidents;30;perturbée;SIGNIFICANT_DELAYS;20220822T220000;20220823T000000;b3e5375e-f952-11ec-88d1-005056a47b86;" / Ligne H : Paris-Persan via Valmondois 27/06 -16/12 / <p>Période : à partir de 22h30<br>Dates : du lundi 27 juin jusqu'au vendredi 16 décembre sauf les week-ends et jours fériés.<br>Le trafic est interrompu entre Paris Gare du Nord et Persan - Beaumont via Valmondois.<br>En conséquence, un service de bus de remplacement est mis en place, avec desserte des gares intermédiaires.<br><a href=""https://www.transilien.com/sites/transilien/files/sentinelle-20220701-hparisermontpersanviavalmondois-jusquau16decembre.pdf"" target="""">Pour plus d'informations sur les horaires du lundi 27 juin au vendredi 16 décembre sauf week-ends et jours fériés, cliquez ici pour télécharger l'affiche PDF.</a><br><a href=""https://www.transilien.com/sites/transilien/files/sentinelle-20220418-h-ermontvalmondoispersan-18avril26maiet6juin.pdf"" target="""">Pour plus d'informations sur les horaires des jours fériés, cliquez ici pour télécharger l'affiche PDF.</a><br>Attention à partir du lundi 11 avril 2022 : les arrêts bus de la gare de Vaucelles et Saint-Leu la Forêt sont déplacés, pour connaître les nouveaux emplacements cliquez ici :<br>- <a href=""https://www.transilien.com/sites/transilien/files/sentinelle-20220409-h-pointdarretbus-vaucelles.pdf"" target="""">Gare de Vaucelles</a><br>- <a href=""https://www.transilien.com/sites/transilien/files/sentinelle-20220409-h-pointdarretbus-stleulaforet.pdf"" target="""">Gare de Saint-Leu la Forêt</a><br>Les horaires du calculateur d'itinéraire tiennent compte de ces travaux.﻿<br>Motif : travaux.</p>";20220701T173014;Transilien Train Transilien H;b3e5375e-f952-11ec-88d1-005056a47b86;travaux
future;Incidents;30;perturbée;SIGNIFICANT_DELAYS;20220819T220000;20220820T000000;b3e5375e-f952-11ec-88d1-005056a47b86;" / Ligne H : Paris-Persan via Valmondois 27/06 -16/12 / <p>Période : à partir de 22h30<br>Dates : du lundi 27 juin jusqu'au vendredi 16 décembre sauf les week-ends et jours fériés.<br>Le trafic est interrompu entre Paris Gare du Nord et Persan - Beaumont via Valmondois.<br>En conséquence, un service de bus de remplacement est mis en place, avec desserte des gares intermédiaires.<br><a href=""https://www.transilien.com/sites/transilien/files/sentinelle-20220701-hparisermontpersanviavalmondois-jusquau16decembre.pdf"" target="""">Pour plus d'informations sur les horaires du lundi 27 juin au vendredi 16 décembre sauf week-ends et jours fériés, cliquez ici pour télécharger l'affiche PDF.</a><br><a href=""https://www.transilien.com/sites/transilien/files/sentinelle-20220418-h-ermontvalmondoispersan-18avril26maiet6juin.pdf"" target="""">Pour plus d'informations sur les horaires des jours fériés, cliquez ici pour télécharger l'affiche PDF.</a><br>Attention à partir du lundi 11 avril 2022 : les arrêts bus de la gare de Vaucelles et Saint-Leu la Forêt sont déplacés, pour connaître les nouveaux emplacements cliquez ici :<br>- <a href=""https://www.transilien.com/sites/transilien/files/sentinelle-20220409-h-pointdarretbus-vaucelles.pdf"" target="""">Gare de Vaucelles</a><br>- <a href=""https://www.transilien.com/sites/transilien/files/sentinelle-20220409-h-pointdarretbus-stleulaforet.pdf"" target="""">Gare de Saint-Leu la Forêt</a><br>Les horaires du calculateur d'itinéraire tiennent compte de ces travaux.﻿<br>Motif : travaux.</p>";20220701T173014;Transilien Train Transilien H;b3e5375e-f952-11ec-88d1-005056a47b86;travaux
future;Incidents;30;perturbée;SIGNIFICANT_DELAYS;20220818T220000;20220819T000000;b3e5375e-f952-11ec-88d1-005056a47b86;" / Ligne H : Paris-Persan via Valmondois 27/06 -16/12 / <p>Période : à partir de 22h30<br>Dates : du lundi 27 juin jusqu'au vendredi 16 décembre sauf les week-ends et jours fériés.<br>Le trafic est interrompu entre Paris Gare du Nord et Persan - Beaumont via Valmondois.<br>En conséquence, un service de bus de remplacement est mis en place, avec desserte des gares intermédiaires.<br><a href=""https://www.transilien.com/sites/transilien/files/sentinelle-20220701-hparisermontpersanviavalmondois-jusquau16decembre.pdf"" target="""">Pour plus d'informations sur les horaires du lundi 27 juin au vendredi 16 décembre sauf week-ends et jours fériés, cliquez ici pour télécharger l'affiche PDF.</a><br><a href=""https://www.transilien.com/sites/transilien/files/sentinelle-20220418-h-ermontvalmondoispersan-18avril26maiet6juin.pdf"" target="""">Pour plus d'informations sur les horaires des jours fériés, cliquez ici pour télécharger l'affiche PDF.</a><br>Attention à partir du lundi 11 avril 2022 : les arrêts bus de la gare de Vaucelles et Saint-Leu la Forêt sont déplacés, pour connaître les nouveaux emplacements cliquez ici :<br>- <a href=""https://www.transilien.com/sites/transilien/files/sentinelle-20220409-h-pointdarretbus-vaucelles.pdf"" target="""">Gare de Vaucelles</a><br>- <a href=""https://www.transilien.com/sites/transilien/files/sentinelle-20220409-h-pointdarretbus-stleulaforet.pdf"" target="""">Gare de Saint-Leu la Forêt</a><br>Les horaires du calculateur d'itinéraire tiennent compte de ces travaux.﻿<br>Motif : travaux.</p>";20220701T173014;Transilien Train Transilien H;b3e5375e-f952-11ec-88d1-005056a47b86;travaux
future;Incidents;30;perturbée;SIGNIFICANT_DELAYS;20220816T220000;20220817T000000;b3e5375e-f952-11ec-88d1-005056a47b86;" / Ligne H : Paris-Persan via Valmondois 27/06 -16/12 / <p>Période : à partir de 22h30<br>Dates : du lundi 27 juin jusqu'au vendredi 16 décembre sauf les week-ends et jours fériés.<br>Le trafic est interrompu entre Paris Gare du Nord et Persan - Beaumont via Valmondois.<br>En conséquence, un service de bus de remplacement est mis en place, avec desserte des gares intermédiaires.<br><a href=""https://www.transilien.com/sites/transilien/files/sentinelle-20220701-hparisermontpersanviavalmondois-jusquau16decembre.pdf"" target="""">Pour plus d'informations sur les horaires du lundi 27 juin au vendredi 16 décembre sauf week-ends et jours fériés, cliquez ici pour télécharger l'affiche PDF.</a><br><a href=""https://www.transilien.com/sites/transilien/files/sentinelle-20220418-h-ermontvalmondoispersan-18avril26maiet6juin.pdf"" target="""">Pour plus d'informations sur les horaires des jours fériés, cliquez ici pour télécharger l'affiche PDF.</a><br>Attention à partir du lundi 11 avril 2022 : les arrêts bus de la gare de Vaucelles et Saint-Leu la Forêt sont déplacés, pour connaître les nouveaux emplacements cliquez ici :<br>- <a href=""https://www.transilien.com/sites/transilien/files/sentinelle-20220409-h-pointdarretbus-vaucelles.pdf"" target="""">Gare de Vaucelles</a><br>- <a href=""https://www.transilien.com/sites/transilien/files/sentinelle-20220409-h-pointdarretbus-stleulaforet.pdf"" target="""">Gare de Saint-Leu la Forêt</a><br>Les horaires du calculateur d'itinéraire tiennent compte de ces travaux.﻿<br>Motif : travaux.</p>";20220701T173014;Transilien Train Transilien H;b3e5375e-f952-11ec-88d1-005056a47b86;travaux
future;Incidents;30;perturbée;SIGNIFICANT_DELAYS;20220815T220000;20220816T000000;b3e5375e-f952-11ec-88d1-005056a47b86;" / Ligne H : Paris-Persan via Valmondois 27/06 -16/12 / <p>Période : à partir de 22h30<br>Dates : du lundi 27 juin jusqu'au vendredi 16 décembre sauf les week-ends et jours fériés.<br>Le trafic est interrompu entre Paris Gare du Nord et Persan - Beaumont via Valmondois.<br>En conséquence, un service de bus de remplacement est mis en place, avec desserte des gares intermédiaires.<br><a href=""https://www.transilien.com/sites/transilien/files/sentinelle-20220701-hparisermontpersanviavalmondois-jusquau16decembre.pdf"" target="""">Pour plus d'informations sur les horaires du lundi 27 juin au vendredi 16 décembre sauf week-ends et jours fériés, cliquez ici pour télécharger l'affiche PDF.</a><br><a href=""https://www.transilien.com/sites/transilien/files/sentinelle-20220418-h-ermontvalmondoispersan-18avril26maiet6juin.pdf"" target="""">Pour plus d'informations sur les horaires des jours fériés, cliquez ici pour télécharger l'affiche PDF.</a><br>Attention à partir du lundi 11 avril 2022 : les arrêts bus de la gare de Vaucelles et Saint-Leu la Forêt sont déplacés, pour connaître les nouveaux emplacements cliquez ici :<br>- <a href=""https://www.transilien.com/sites/transilien/files/sentinelle-20220409-h-pointdarretbus-vaucelles.pdf"" target="""">Gare de Vaucelles</a><br>- <a href=""https://www.transilien.com/sites/transilien/files/sentinelle-20220409-h-pointdarretbus-stleulaforet.pdf"" target="""">Gare de Saint-Leu la Forêt</a><br>Les horaires du calculateur d'itinéraire tiennent compte de ces travaux.﻿<br>Motif : travaux.</p>";20220701T173014;Transilien Train Transilien H;b3e5375e-f952-11ec-88d1-005056a47b86;travaux
future;Incidents;30;perturbée;SIGNIFICANT_DELAYS;20220812T220000;20220813T000000;b3e5375e-f952-11ec-88d1-005056a47b86;" / Ligne H : Paris-Persan via Valmondois 27/06 -16/12 / <p>Période : à partir de 22h30<br>Dates : du lundi 27 juin jusqu'au vendredi 16 décembre sauf les week-ends et jours fériés.<br>Le trafic est interrompu entre Paris Gare du Nord et Persan - Beaumont via Valmondois.<br>En conséquence, un service de bus de remplacement est mis en place, avec desserte des gares intermédiaires.<br><a href=""https://www.transilien.com/sites/transilien/files/sentinelle-20220701-hparisermontpersanviavalmondois-jusquau16decembre.pdf"" target="""">Pour plus d'informations sur les horaires du lundi 27 juin au vendredi 16 décembre sauf week-ends et jours fériés, cliquez ici pour télécharger l'affiche PDF.</a><br><a href=""https://www.transilien.com/sites/transilien/files/sentinelle-20220418-h-ermontvalmondoispersan-18avril26maiet6juin.pdf"" target="""">Pour plus d'informations sur les horaires des jours fériés, cliquez ici pour télécharger l'affiche PDF.</a><br>Attention à partir du lundi 11 avril 2022 : les arrêts bus de la gare de Vaucelles et Saint-Leu la Forêt sont déplacés, pour connaître les nouveaux emplacements cliquez ici :<br>- <a href=""https://www.transilien.com/sites/transilien/files/sentinelle-20220409-h-pointdarretbus-vaucelles.pdf"" target="""">Gare de Vaucelles</a><br>- <a href=""https://www.transilien.com/sites/transilien/files/sentinelle-20220409-h-pointdarretbus-stleulaforet.pdf"" target="""">Gare de Saint-Leu la Forêt</a><br>Les horaires du calculateur d'itinéraire tiennent compte de ces travaux.﻿<br>Motif : travaux.</p>";20220701T173014;Transilien Train Transilien H;b3e5375e-f952-11ec-88d1-005056a47b86;travaux
future;Incidents;30;perturbée;SIGNIFICANT_DELAYS;20220811T220000;20220812T000000;b3e5375e-f952-11ec-88d1-005056a47b86;" / Ligne H : Paris-Persan via Valmondois 27/06 -16/12 / <p>Période : à partir de 22h30<br>Dates : du lundi 27 juin jusqu'au vendredi 16 décembre sauf les week-ends et jours fériés.<br>Le trafic est interrompu entre Paris Gare du Nord et Persan - Beaumont via Valmondois.<br>En conséquence, un service de bus de remplacement est mis en place, avec desserte des gares intermédiaires.<br><a href=""https://www.transilien.com/sites/transilien/files/sentinelle-20220701-hparisermontpersanviavalmondois-jusquau16decembre.pdf"" target="""">Pour plus d'informations sur les horaires du lundi 27 juin au vendredi 16 décembre sauf week-ends et jours fériés, cliquez ici pour télécharger l'affiche PDF.</a><br><a href=""https://www.transilien.com/sites/transilien/files/sentinelle-20220418-h-ermontvalmondoispersan-18avril26maiet6juin.pdf"" target="""">Pour plus d'informations sur les horaires des jours fériés, cliquez ici pour télécharger l'affiche PDF.</a><br>Attention à partir du lundi 11 avril 2022 : les arrêts bus de la gare de Vaucelles et Saint-Leu la Forêt sont déplacés, pour connaître les nouveaux emplacements cliquez ici :<br>- <a href=""https://www.transilien.com/sites/transilien/files/sentinelle-20220409-h-pointdarretbus-vaucelles.pdf"" target="""">Gare de Vaucelles</a><br>- <a href=""https://www.transilien.com/sites/transilien/files/sentinelle-20220409-h-pointdarretbus-stleulaforet.pdf"" target="""">Gare de Saint-Leu la Forêt</a><br>Les horaires du calculateur d'itinéraire tiennent compte de ces travaux.﻿<br>Motif : travaux.</p>";20220701T173014;Transilien Train Transilien H;b3e5375e-f952-11ec-88d1-005056a47b86;travaux
future;Incidents;30;perturbée;SIGNIFICANT_DELAYS;20220810T220000;20220811T000000;b3e5375e-f952-11ec-88d1-005056a47b86;" / Ligne H : Paris-Persan via Valmondois 27/06 -16/12 / <p>Période : à partir de 22h30<br>Dates : du lundi 27 juin jusqu'au vendredi 16 décembre sauf les week-ends et jours fériés.<br>Le trafic est interrompu entre Paris Gare du Nord et Persan - Beaumont via Valmondois.<br>En conséquence, un service de bus de remplacement est mis en place, avec desserte des gares intermédiaires.<br><a href=""https://www.transilien.com/sites/transilien/files/sentinelle-20220701-hparisermontpersanviavalmondois-jusquau16decembre.pdf"" target="""">Pour plus d'informations sur les horaires du lundi 27 juin au vendredi 16 décembre sauf week-ends et jours fériés, cliquez ici pour télécharger l'affiche PDF.</a><br><a href=""https://www.transilien.com/sites/transilien/files/sentinelle-20220418-h-ermontvalmondoispersan-18avril26maiet6juin.pdf"" target="""">Pour plus d'informations sur les horaires des jours fériés, cliquez ici pour télécharger l'affiche PDF.</a><br>Attention à partir du lundi 11 avril 2022 : les arrêts bus de la gare de Vaucelles et Saint-Leu la Forêt sont déplacés, pour connaître les nouveaux emplacements cliquez ici :<br>- <a href=""https://www.transilien.com/sites/transilien/files/sentinelle-20220409-h-pointdarretbus-vaucelles.pdf"" target="""">Gare de Vaucelles</a><br>- <a href=""https://www.transilien.com/sites/transilien/files/sentinelle-20220409-h-pointdarretbus-stleulaforet.pdf"" target="""">Gare de Saint-Leu la Forêt</a><br>Les horaires du calculateur d'itinéraire tiennent compte de ces travaux.﻿<br>Motif : travaux.</p>";20220701T173014;Transilien Train Transilien H;b3e5375e-f952-11ec-88d1-005056a47b86;travaux
future;Incidents;30;perturbée;SIGNIFICANT_DELAYS;20220809T220000;20220810T000000;b3e5375e-f952-11ec-88d1-005056a47b86;" / Ligne H : Paris-Persan via Valmondois 27/06 -16/12 / <p>Période : à partir de 22h30<br>Dates : du lundi 27 juin jusqu'au vendredi 16 décembre sauf les week-ends et jours fériés.<br>Le trafic est interrompu entre Paris Gare du Nord et Persan - Beaumont via Valmondois.<br>En conséquence, un service de bus de remplacement est mis en place, avec desserte des gares intermédiaires.<br><a href=""https://www.transilien.com/sites/transilien/files/sentinelle-20220701-hparisermontpersanviavalmondois-jusquau16decembre.pdf"" target="""">Pour plus d'informations sur les horaires du lundi 27 juin au vendredi 16 décembre sauf week-ends et jours fériés, cliquez ici pour télécharger l'affiche PDF.</a><br><a href=""https://www.transilien.com/sites/transilien/files/sentinelle-20220418-h-ermontvalmondoispersan-18avril26maiet6juin.pdf"" target="""">Pour plus d'informations sur les horaires des jours fériés, cliquez ici pour télécharger l'affiche PDF.</a><br>Attention à partir du lundi 11 avril 2022 : les arrêts bus de la gare de Vaucelles et Saint-Leu la Forêt sont déplacés, pour connaître les nouveaux emplacements cliquez ici :<br>- <a href=""https://www.transilien.com/sites/transilien/files/sentinelle-20220409-h-pointdarretbus-vaucelles.pdf"" target="""">Gare de Vaucelles</a><br>- <a href=""https://www.transilien.com/sites/transilien/files/sentinelle-20220409-h-pointdarretbus-stleulaforet.pdf"" target="""">Gare de Saint-Leu la Forêt</a><br>Les horaires du calculateur d'itinéraire tiennent compte de ces travaux.﻿<br>Motif : travaux.</p>";20220701T173014;Transilien Train Transilien H;b3e5375e-f952-11ec-88d1-005056a47b86;travaux
future;Incidents;30;perturbée;SIGNIFICANT_DELAYS;20220808T220000;20220809T000000;b3e5375e-f952-11ec-88d1-005056a47b86;" / Ligne H : Paris-Persan via Valmondois 27/06 -16/12 / <p>Période : à partir de 22h30<br>Dates : du lundi 27 juin jusqu'au vendredi 16 décembre sauf les week-ends et jours fériés.<br>Le trafic est interrompu entre Paris Gare du Nord et Persan - Beaumont via Valmondois.<br>En conséquence, un service de bus de remplacement est mis en place, avec desserte des gares intermédiaires.<br><a href=""https://www.transilien.com/sites/transilien/files/sentinelle-20220701-hparisermontpersanviavalmondois-jusquau16decembre.pdf"" target="""">Pour plus d'informations sur les horaires du lundi 27 juin au vendredi 16 décembre sauf week-ends et jours fériés, cliquez ici pour télécharger l'affiche PDF.</a><br><a href=""https://www.transilien.com/sites/transilien/files/sentinelle-20220418-h-ermontvalmondoispersan-18avril26maiet6juin.pdf"" target="""">Pour plus d'informations sur les horaires des jours fériés, cliquez ici pour télécharger l'affiche PDF.</a><br>Attention à partir du lundi 11 avril 2022 : les arrêts bus de la gare de Vaucelles et Saint-Leu la Forêt sont déplacés, pour connaître les nouveaux emplacements cliquez ici :<br>- <a href=""https://www.transilien.com/sites/transilien/files/sentinelle-20220409-h-pointdarretbus-vaucelles.pdf"" target="""">Gare de Vaucelles</a><br>- <a href=""https://www.transilien.com/sites/transilien/files/sentinelle-20220409-h-pointdarretbus-stleulaforet.pdf"" target="""">Gare de Saint-Leu la Forêt</a><br>Les horaires du calculateur d'itinéraire tiennent compte de ces travaux.﻿<br>Motif : travaux.</p>";20220701T173014;Transilien Train Transilien H;b3e5375e-f952-11ec-88d1-005056a47b86;travaux
future;Incidents;30;perturbée;SIGNIFICANT_DELAYS;20220804T220000;20220805T000000;b3e5375e-f952-11ec-88d1-005056a47b86;" / Ligne H : Paris-Persan via Valmondois 27/06 -16/12 / <p>Période : à partir de 22h30<br>Dates : du lundi 27 juin jusqu'au vendredi 16 décembre sauf les week-ends et jours fériés.<br>Le trafic est interrompu entre Paris Gare du Nord et Persan - Beaumont via Valmondois.<br>En conséquence, un service de bus de remplacement est mis en place, avec desserte des gares intermédiaires.<br><a href=""https://www.transilien.com/sites/transilien/files/sentinelle-20220701-hparisermontpersanviavalmondois-jusquau16decembre.pdf"" target="""">Pour plus d'informations sur les horaires du lundi 27 juin au vendredi 16 décembre sauf week-ends et jours fériés, cliquez ici pour télécharger l'affiche PDF.</a><br><a href=""https://www.transilien.com/sites/transilien/files/sentinelle-20220418-h-ermontvalmondoispersan-18avril26maiet6juin.pdf"" target="""">Pour plus d'informations sur les horaires des jours fériés, cliquez ici pour télécharger l'affiche PDF.</a><br>Attention à partir du lundi 11 avril 2022 : les arrêts bus de la gare de Vaucelles et Saint-Leu la Forêt sont déplacés, pour connaître les nouveaux emplacements cliquez ici :<br>- <a href=""https://www.transilien.com/sites/transilien/files/sentinelle-20220409-h-pointdarretbus-vaucelles.pdf"" target="""">Gare de Vaucelles</a><br>- <a href=""https://www.transilien.com/sites/transilien/files/sentinelle-20220409-h-pointdarretbus-stleulaforet.pdf"" target="""">Gare de Saint-Leu la Forêt</a><br>Les horaires du calculateur d'itinéraire tiennent compte de ces travaux.﻿<br>Motif : travaux.</p>";20220701T173014;Transilien Train Transilien H;b3e5375e-f952-11ec-88d1-005056a47b86;travaux
future;Incidents;30;perturbée;SIGNIFICANT_DELAYS;20220803T220000;20220804T000000;b3e5375e-f952-11ec-88d1-005056a47b86;" / Ligne H : Paris-Persan via Valmondois 27/06 -16/12 / <p>Période : à partir de 22h30<br>Dates : du lundi 27 juin jusqu'au vendredi 16 décembre sauf les week-ends et jours fériés.<br>Le trafic est interrompu entre Paris Gare du Nord et Persan - Beaumont via Valmondois.<br>En conséquence, un service de bus de remplacement est mis en place, avec desserte des gares intermédiaires.<br><a href=""https://www.transilien.com/sites/transilien/files/sentinelle-20220701-hparisermontpersanviavalmondois-jusquau16decembre.pdf"" target="""">Pour plus d'informations sur les horaires du lundi 27 juin au vendredi 16 décembre sauf week-ends et jours fériés, cliquez ici pour télécharger l'affiche PDF.</a><br><a href=""https://www.transilien.com/sites/transilien/files/sentinelle-20220418-h-ermontvalmondoispersan-18avril26maiet6juin.pdf"" target="""">Pour plus d'informations sur les horaires des jours fériés, cliquez ici pour télécharger l'affiche PDF.</a><br>Attention à partir du lundi 11 avril 2022 : les arrêts bus de la gare de Vaucelles et Saint-Leu la Forêt sont déplacés, pour connaître les nouveaux emplacements cliquez ici :<br>- <a href=""https://www.transilien.com/sites/transilien/files/sentinelle-20220409-h-pointdarretbus-vaucelles.pdf"" target="""">Gare de Vaucelles</a><br>- <a href=""https://www.transilien.com/sites/transilien/files/sentinelle-20220409-h-pointdarretbus-stleulaforet.pdf"" target="""">Gare de Saint-Leu la Forêt</a><br>Les horaires du calculateur d'itinéraire tiennent compte de ces travaux.﻿<br>Motif : travaux.</p>";20220701T173014;Transilien Train Transilien H;b3e5375e-f952-11ec-88d1-005056a47b86;travaux
future;Incidents;30;perturbée;SIGNIFICANT_DELAYS;20220802T220000;20220803T000000;b3e5375e-f952-11ec-88d1-005056a47b86;" / Ligne H : Paris-Persan via Valmondois 27/06 -16/12 / <p>Période : à partir de 22h30<br>Dates : du lundi 27 juin jusqu'au vendredi 16 décembre sauf les week-ends et jours fériés.<br>Le trafic est interrompu entre Paris Gare du Nord et Persan - Beaumont via Valmondois.<br>En conséquence, un service de bus de remplacement est mis en place, avec desserte des gares intermédiaires.<br><a href=""https://www.transilien.com/sites/transilien/files/sentinelle-20220701-hparisermontpersanviavalmondois-jusquau16decembre.pdf"" target="""">Pour plus d'informations sur les horaires du lundi 27 juin au vendredi 16 décembre sauf week-ends et jours fériés, cliquez ici pour télécharger l'affiche PDF.</a><br><a href=""https://www.transilien.com/sites/transilien/files/sentinelle-20220418-h-ermontvalmondoispersan-18avril26maiet6juin.pdf"" target="""">Pour plus d'informations sur les horaires des jours fériés, cliquez ici pour télécharger l'affiche PDF.</a><br>Attention à partir du lundi 11 avril 2022 : les arrêts bus de la gare de Vaucelles et Saint-Leu la Forêt sont déplacés, pour connaître les nouveaux emplacements cliquez ici :<br>- <a href=""https://www.transilien.com/sites/transilien/files/sentinelle-20220409-h-pointdarretbus-vaucelles.pdf"" target="""">Gare de Vaucelles</a><br>- <a href=""https://www.transilien.com/sites/transilien/files/sentinelle-20220409-h-pointdarretbus-stleulaforet.pdf"" target="""">Gare de Saint-Leu la Forêt</a><br>Les horaires du calculateur d'itinéraire tiennent compte de ces travaux.﻿<br>Motif : travaux.</p>";20220701T173014;Transilien Train Transilien H;b3e5375e-f952-11ec-88d1-005056a47b86;travaux
future;Incidents;30;perturbée;SIGNIFICANT_DELAYS;20220729T220000;20220730T000000;b3e5375e-f952-11ec-88d1-005056a47b86;" / Ligne H : Paris-Persan via Valmondois 27/06 -16/12 / <p>Période : à partir de 22h30<br>Dates : du lundi 27 juin jusqu'au vendredi 16 décembre sauf les week-ends et jours fériés.<br>Le trafic est interrompu entre Paris Gare du Nord et Persan - Beaumont via Valmondois.<br>En conséquence, un service de bus de remplacement est mis en place, avec desserte des gares intermédiaires.<br><a href=""https://www.transilien.com/sites/transilien/files/sentinelle-20220701-hparisermontpersanviavalmondois-jusquau16decembre.pdf"" target="""">Pour plus d'informations sur les horaires du lundi 27 juin au vendredi 16 décembre sauf week-ends et jours fériés, cliquez ici pour télécharger l'affiche PDF.</a><br><a href=""https://www.transilien.com/sites/transilien/files/sentinelle-20220418-h-ermontvalmondoispersan-18avril26maiet6juin.pdf"" target="""">Pour plus d'informations sur les horaires des jours fériés, cliquez ici pour télécharger l'affiche PDF.</a><br>Attention à partir du lundi 11 avril 2022 : les arrêts bus de la gare de Vaucelles et Saint-Leu la Forêt sont déplacés, pour connaître les nouveaux emplacements cliquez ici :<br>- <a href=""https://www.transilien.com/sites/transilien/files/sentinelle-20220409-h-pointdarretbus-vaucelles.pdf"" target="""">Gare de Vaucelles</a><br>- <a href=""https://www.transilien.com/sites/transilien/files/sentinelle-20220409-h-pointdarretbus-stleulaforet.pdf"" target="""">Gare de Saint-Leu la Forêt</a><br>Les horaires du calculateur d'itinéraire tiennent compte de ces travaux.﻿<br>Motif : travaux.</p>";20220701T173014;Transilien Train Transilien H;b3e5375e-f952-11ec-88d1-005056a47b86;travaux
future;Incidents;30;perturbée;SIGNIFICANT_DELAYS;20220728T220000;20220729T000000;b3e5375e-f952-11ec-88d1-005056a47b86;" / Ligne H : Paris-Persan via Valmondois 27/06 -16/12 / <p>Période : à partir de 22h30<br>Dates : du lundi 27 juin jusqu'au vendredi 16 décembre sauf les week-ends et jours fériés.<br>Le trafic est interrompu entre Paris Gare du Nord et Persan - Beaumont via Valmondois.<br>En conséquence, un service de bus de remplacement est mis en place, avec desserte des gares intermédiaires.<br><a href=""https://www.transilien.com/sites/transilien/files/sentinelle-20220701-hparisermontpersanviavalmondois-jusquau16decembre.pdf"" target="""">Pour plus d'informations sur les horaires du lundi 27 juin au vendredi 16 décembre sauf week-ends et jours fériés, cliquez ici pour télécharger l'affiche PDF.</a><br><a href=""https://www.transilien.com/sites/transilien/files/sentinelle-20220418-h-ermontvalmondoispersan-18avril26maiet6juin.pdf"" target="""">Pour plus d'informations sur les horaires des jours fériés, cliquez ici pour télécharger l'affiche PDF.</a><br>Attention à partir du lundi 11 avril 2022 : les arrêts bus de la gare de Vaucelles et Saint-Leu la Forêt sont déplacés, pour connaître les nouveaux emplacements cliquez ici :<br>- <a href=""https://www.transilien.com/sites/transilien/files/sentinelle-20220409-h-pointdarretbus-vaucelles.pdf"" target="""">Gare de Vaucelles</a><br>- <a href=""https://www.transilien.com/sites/transilien/files/sentinelle-20220409-h-pointdarretbus-stleulaforet.pdf"" target="""">Gare de Saint-Leu la Forêt</a><br>Les horaires du calculateur d'itinéraire tiennent compte de ces travaux.﻿<br>Motif : travaux.</p>";20220701T173014;Transilien Train Transilien H;b3e5375e-f952-11ec-88d1-005056a47b86;travaux
future;Incidents;30;perturbée;SIGNIFICANT_DELAYS;20220727T220000;20220728T000000;b3e5375e-f952-11ec-88d1-005056a47b86;" / Ligne H : Paris-Persan via Valmondois 27/06 -16/12 / <p>Période : à partir de 22h30<br>Dates : du lundi 27 juin jusqu'au vendredi 16 décembre sauf les week-ends et jours fériés.<br>Le trafic est interrompu entre Paris Gare du Nord et Persan - Beaumont via Valmondois.<br>En conséquence, un service de bus de remplacement est mis en place, avec desserte des gares intermédiaires.<br><a href=""https://www.transilien.com/sites/transilien/files/sentinelle-20220701-hparisermontpersanviavalmondois-jusquau16decembre.pdf"" target="""">Pour plus d'informations sur les horaires du lundi 27 juin au vendredi 16 décembre sauf week-ends et jours fériés, cliquez ici pour télécharger l'affiche PDF.</a><br><a href=""https://www.transilien.com/sites/transilien/files/sentinelle-20220418-h-ermontvalmondoispersan-18avril26maiet6juin.pdf"" target="""">Pour plus d'informations sur les horaires des jours fériés, cliquez ici pour télécharger l'affiche PDF.</a><br>Attention à partir du lundi 11 avril 2022 : les arrêts bus de la gare de Vaucelles et Saint-Leu la Forêt sont déplacés, pour connaître les nouveaux emplacements cliquez ici :<br>- <a href=""https://www.transilien.com/sites/transilien/files/sentinelle-20220409-h-pointdarretbus-vaucelles.pdf"" target="""">Gare de Vaucelles</a><br>- <a href=""https://www.transilien.com/sites/transilien/files/sentinelle-20220409-h-pointdarretbus-stleulaforet.pdf"" target="""">Gare de Saint-Leu la Forêt</a><br>Les horaires du calculateur d'itinéraire tiennent compte de ces travaux.﻿<br>Motif : travaux.</p>";20220701T173014;Transilien Train Transilien H;b3e5375e-f952-11ec-88d1-005056a47b86;travaux
future;Incidents;30;perturbée;SIGNIFICANT_DELAYS;20220725T220000;20220726T000000;b3e5375e-f952-11ec-88d1-005056a47b86;" / Ligne H : Paris-Persan via Valmondois 27/06 -16/12 / <p>Période : à partir de 22h30<br>Dates : du lundi 27 juin jusqu'au vendredi 16 décembre sauf les week-ends et jours fériés.<br>Le trafic est interrompu entre Paris Gare du Nord et Persan - Beaumont via Valmondois.<br>En conséquence, un service de bus de remplacement est mis en place, avec desserte des gares intermédiaires.<br><a href=""https://www.transilien.com/sites/transilien/files/sentinelle-20220701-hparisermontpersanviavalmondois-jusquau16decembre.pdf"" target="""">Pour plus d'informations sur les horaires du lundi 27 juin au vendredi 16 décembre sauf week-ends et jours fériés, cliquez ici pour télécharger l'affiche PDF.</a><br><a href=""https://www.transilien.com/sites/transilien/files/sentinelle-20220418-h-ermontvalmondoispersan-18avril26maiet6juin.pdf"" target="""">Pour plus d'informations sur les horaires des jours fériés, cliquez ici pour télécharger l'affiche PDF.</a><br>Attention à partir du lundi 11 avril 2022 : les arrêts bus de la gare de Vaucelles et Saint-Leu la Forêt sont déplacés, pour connaître les nouveaux emplacements cliquez ici :<br>- <a href=""https://www.transilien.com/sites/transilien/files/sentinelle-20220409-h-pointdarretbus-vaucelles.pdf"" target="""">Gare de Vaucelles</a><br>- <a href=""https://www.transilien.com/sites/transilien/files/sentinelle-20220409-h-pointdarretbus-stleulaforet.pdf"" target="""">Gare de Saint-Leu la Forêt</a><br>Les horaires du calculateur d'itinéraire tiennent compte de ces travaux.﻿<br>Motif : travaux.</p>";20220701T173014;Transilien Train Transilien H;b3e5375e-f952-11ec-88d1-005056a47b86;travaux
future;Incidents;30;perturbée;SIGNIFICANT_DELAYS;20220722T220000;20220723T000000;b3e5375e-f952-11ec-88d1-005056a47b86;" / Ligne H : Paris-Persan via Valmondois 27/06 -16/12 / <p>Période : à partir de 22h30<br>Dates : du lundi 27 juin jusqu'au vendredi 16 décembre sauf les week-ends et jours fériés.<br>Le trafic est interrompu entre Paris Gare du Nord et Persan - Beaumont via Valmondois.<br>En conséquence, un service de bus de remplacement est mis en place, avec desserte des gares intermédiaires.<br><a href=""https://www.transilien.com/sites/transilien/files/sentinelle-20220701-hparisermontpersanviavalmondois-jusquau16decembre.pdf"" target="""">Pour plus d'informations sur les horaires du lundi 27 juin au vendredi 16 décembre sauf week-ends et jours fériés, cliquez ici pour télécharger l'affiche PDF.</a><br><a href=""https://www.transilien.com/sites/transilien/files/sentinelle-20220418-h-ermontvalmondoispersan-18avril26maiet6juin.pdf"" target="""">Pour plus d'informations sur les horaires des jours fériés, cliquez ici pour télécharger l'affiche PDF.</a><br>Attention à partir du lundi 11 avril 2022 : les arrêts bus de la gare de Vaucelles et Saint-Leu la Forêt sont déplacés, pour connaître les nouveaux emplacements cliquez ici :<br>- <a href=""https://www.transilien.com/sites/transilien/files/sentinelle-20220409-h-pointdarretbus-vaucelles.pdf"" target="""">Gare de Vaucelles</a><br>- <a href=""https://www.transilien.com/sites/transilien/files/sentinelle-20220409-h-pointdarretbus-stleulaforet.pdf"" target="""">Gare de Saint-Leu la Forêt</a><br>Les horaires du calculateur d'itinéraire tiennent compte de ces travaux.﻿<br>Motif : travaux.</p>";20220701T173014;Transilien Train Transilien H;b3e5375e-f952-11ec-88d1-005056a47b86;travaux
future;Incidents;30;perturbée;SIGNIFICANT_DELAYS;20220721T220000;20220722T000000;b3e5375e-f952-11ec-88d1-005056a47b86;" / Ligne H : Paris-Persan via Valmondois 27/06 -16/12 / <p>Période : à partir de 22h30<br>Dates : du lundi 27 juin jusqu'au vendredi 16 décembre sauf les week-ends et jours fériés.<br>Le trafic est interrompu entre Paris Gare du Nord et Persan - Beaumont via Valmondois.<br>En conséquence, un service de bus de remplacement est mis en place, avec desserte des gares intermédiaires.<br><a href=""https://www.transilien.com/sites/transilien/files/sentinelle-20220701-hparisermontpersanviavalmondois-jusquau16decembre.pdf"" target="""">Pour plus d'informations sur les horaires du lundi 27 juin au vendredi 16 décembre sauf week-ends et jours fériés, cliquez ici pour télécharger l'affiche PDF.</a><br><a href=""https://www.transilien.com/sites/transilien/files/sentinelle-20220418-h-ermontvalmondoispersan-18avril26maiet6juin.pdf"" target="""">Pour plus d'informations sur les horaires des jours fériés, cliquez ici pour télécharger l'affiche PDF.</a><br>Attention à partir du lundi 11 avril 2022 : les arrêts bus de la gare de Vaucelles et Saint-Leu la Forêt sont déplacés, pour connaître les nouveaux emplacements cliquez ici :<br>- <a href=""https://www.transilien.com/sites/transilien/files/sentinelle-20220409-h-pointdarretbus-vaucelles.pdf"" target="""">Gare de Vaucelles</a><br>- <a href=""https://www.transilien.com/sites/transilien/files/sentinelle-20220409-h-pointdarretbus-stleulaforet.pdf"" target="""">Gare de Saint-Leu la Forêt</a><br>Les horaires du calculateur d'itinéraire tiennent compte de ces travaux.﻿<br>Motif : travaux.</p>";20220701T173014;Transilien Train Transilien H;b3e5375e-f952-11ec-88d1-005056a47b86;travaux
future;Incidents;30;perturbée;SIGNIFICANT_DELAYS;20220720T220000;20220721T000000;b3e5375e-f952-11ec-88d1-005056a47b86;" / Ligne H : Paris-Persan via Valmondois 27/06 -16/12 / <p>Période : à partir de 22h30<br>Dates : du lundi 27 juin jusqu'au vendredi 16 décembre sauf les week-ends et jours fériés.<br>Le trafic est interrompu entre Paris Gare du Nord et Persan - Beaumont via Valmondois.<br>En conséquence, un service de bus de remplacement est mis en place, avec desserte des gares intermédiaires.<br><a href=""https://www.transilien.com/sites/transilien/files/sentinelle-20220701-hparisermontpersanviavalmondois-jusquau16decembre.pdf"" target="""">Pour plus d'informations sur les horaires du lundi 27 juin au vendredi 16 décembre sauf week-ends et jours fériés, cliquez ici pour télécharger l'affiche PDF.</a><br><a href=""https://www.transilien.com/sites/transilien/files/sentinelle-20220418-h-ermontvalmondoispersan-18avril26maiet6juin.pdf"" target="""">Pour plus d'informations sur les horaires des jours fériés, cliquez ici pour télécharger l'affiche PDF.</a><br>Attention à partir du lundi 11 avril 2022 : les arrêts bus de la gare de Vaucelles et Saint-Leu la Forêt sont déplacés, pour connaître les nouveaux emplacements cliquez ici :<br>- <a href=""https://www.transilien.com/sites/transilien/files/sentinelle-20220409-h-pointdarretbus-vaucelles.pdf"" target="""">Gare de Vaucelles</a><br>- <a href=""https://www.transilien.com/sites/transilien/files/sentinelle-20220409-h-pointdarretbus-stleulaforet.pdf"" target="""">Gare de Saint-Leu la Forêt</a><br>Les horaires du calculateur d'itinéraire tiennent compte de ces travaux.﻿<br>Motif : travaux.</p>";20220701T173014;Transilien Train Transilien H;b3e5375e-f952-11ec-88d1-005056a47b86;travaux
future;Incidents;30;perturbée;SIGNIFICANT_DELAYS;20220719T220000;20220720T000000;b3e5375e-f952-11ec-88d1-005056a47b86;" / Ligne H : Paris-Persan via Valmondois 27/06 -16/12 / <p>Période : à partir de 22h30<br>Dates : du lundi 27 juin jusqu'au vendredi 16 décembre sauf les week-ends et jours fériés.<br>Le trafic est interrompu entre Paris Gare du Nord et Persan - Beaumont via Valmondois.<br>En conséquence, un service de bus de remplacement est mis en place, avec desserte des gares intermédiaires.<br><a href=""https://www.transilien.com/sites/transilien/files/sentinelle-20220701-hparisermontpersanviavalmondois-jusquau16decembre.pdf"" target="""">Pour plus d'informations sur les horaires du lundi 27 juin au vendredi 16 décembre sauf week-ends et jours fériés, cliquez ici pour télécharger l'affiche PDF.</a><br><a href=""https://www.transilien.com/sites/transilien/files/sentinelle-20220418-h-ermontvalmondoispersan-18avril26maiet6juin.pdf"" target="""">Pour plus d'informations sur les horaires des jours fériés, cliquez ici pour télécharger l'affiche PDF.</a><br>Attention à partir du lundi 11 avril 2022 : les arrêts bus de la gare de Vaucelles et Saint-Leu la Forêt sont déplacés, pour connaître les nouveaux emplacements cliquez ici :<br>- <a href=""https://www.transilien.com/sites/transilien/files/sentinelle-20220409-h-pointdarretbus-vaucelles.pdf"" target="""">Gare de Vaucelles</a><br>- <a href=""https://www.transilien.com/sites/transilien/files/sentinelle-20220409-h-pointdarretbus-stleulaforet.pdf"" target="""">Gare de Saint-Leu la Forêt</a><br>Les horaires du calculateur d'itinéraire tiennent compte de ces travaux.﻿<br>Motif : travaux.</p>";20220701T173014;Transilien Train Transilien H;b3e5375e-f952-11ec-88d1-005056a47b86;travaux
future;Incidents;30;perturbée;SIGNIFICANT_DELAYS;20220718T220000;20220719T000000;b3e5375e-f952-11ec-88d1-005056a47b86;" / Ligne H : Paris-Persan via Valmondois 27/06 -16/12 / <p>Période : à partir de 22h30<br>Dates : du lundi 27 juin jusqu'au vendredi 16 décembre sauf les week-ends et jours fériés.<br>Le trafic est interrompu entre Paris Gare du Nord et Persan - Beaumont via Valmondois.<br>En conséquence, un service de bus de remplacement est mis en place, avec desserte des gares intermédiaires.<br><a href=""https://www.transilien.com/sites/transilien/files/sentinelle-20220701-hparisermontpersanviavalmondois-jusquau16decembre.pdf"" target="""">Pour plus d'informations sur les horaires du lundi 27 juin au vendredi 16 décembre sauf week-ends et jours fériés, cliquez ici pour télécharger l'affiche PDF.</a><br><a href=""https://www.transilien.com/sites/transilien/files/sentinelle-20220418-h-ermontvalmondoispersan-18avril26maiet6juin.pdf"" target="""">Pour plus d'informations sur les horaires des jours fériés, cliquez ici pour télécharger l'affiche PDF.</a><br>Attention à partir du lundi 11 avril 2022 : les arrêts bus de la gare de Vaucelles et Saint-Leu la Forêt sont déplacés, pour connaître les nouveaux emplacements cliquez ici :<br>- <a href=""https://www.transilien.com/sites/transilien/files/sentinelle-20220409-h-pointdarretbus-vaucelles.pdf"" target="""">Gare de Vaucelles</a><br>- <a href=""https://www.transilien.com/sites/transilien/files/sentinelle-20220409-h-pointdarretbus-stleulaforet.pdf"" target="""">Gare de Saint-Leu la Forêt</a><br>Les horaires du calculateur d'itinéraire tiennent compte de ces travaux.﻿<br>Motif : travaux.</p>";20220701T173014;Transilien Train Transilien H;b3e5375e-f952-11ec-88d1-005056a47b86;travaux
future;Incidents;30;perturbée;SIGNIFICANT_DELAYS;20220715T220000;20220716T000000;b3e5375e-f952-11ec-88d1-005056a47b86;" / Ligne H : Paris-Persan via Valmondois 27/06 -16/12 / <p>Période : à partir de 22h30<br>Dates : du lundi 27 juin jusqu'au vendredi 16 décembre sauf les week-ends et jours fériés.<br>Le trafic est interrompu entre Paris Gare du Nord et Persan - Beaumont via Valmondois.<br>En conséquence, un service de bus de remplacement est mis en place, avec desserte des gares intermédiaires.<br><a href=""https://www.transilien.com/sites/transilien/files/sentinelle-20220701-hparisermontpersanviavalmondois-jusquau16decembre.pdf"" target="""">Pour plus d'informations sur les horaires du lundi 27 juin au vendredi 16 décembre sauf week-ends et jours fériés, cliquez ici pour télécharger l'affiche PDF.</a><br><a href=""https://www.transilien.com/sites/transilien/files/sentinelle-20220418-h-ermontvalmondoispersan-18avril26maiet6juin.pdf"" target="""">Pour plus d'informations sur les horaires des jours fériés, cliquez ici pour télécharger l'affiche PDF.</a><br>Attention à partir du lundi 11 avril 2022 : les arrêts bus de la gare de Vaucelles et Saint-Leu la Forêt sont déplacés, pour connaître les nouveaux emplacements cliquez ici :<br>- <a href=""https://www.transilien.com/sites/transilien/files/sentinelle-20220409-h-pointdarretbus-vaucelles.pdf"" target="""">Gare de Vaucelles</a><br>- <a href=""https://www.transilien.com/sites/transilien/files/sentinelle-20220409-h-pointdarretbus-stleulaforet.pdf"" target="""">Gare de Saint-Leu la Forêt</a><br>Les horaires du calculateur d'itinéraire tiennent compte de ces travaux.﻿<br>Motif : travaux.</p>";20220701T173014;Transilien Train Transilien H;b3e5375e-f952-11ec-88d1-005056a47b86;travaux
future;Incidents;30;perturbée;SIGNIFICANT_DELAYS;20220713T220000;20220714T000000;b3e5375e-f952-11ec-88d1-005056a47b86;" / Ligne H : Paris-Persan via Valmondois 27/06 -16/12 / <p>Période : à partir de 22h30<br>Dates : du lundi 27 juin jusqu'au vendredi 16 décembre sauf les week-ends et jours fériés.<br>Le trafic est interrompu entre Paris Gare du Nord et Persan - Beaumont via Valmondois.<br>En conséquence, un service de bus de remplacement est mis en place, avec desserte des gares intermédiaires.<br><a href=""https://www.transilien.com/sites/transilien/files/sentinelle-20220701-hparisermontpersanviavalmondois-jusquau16decembre.pdf"" target="""">Pour plus d'informations sur les horaires du lundi 27 juin au vendredi 16 décembre sauf week-ends et jours fériés, cliquez ici pour télécharger l'affiche PDF.</a><br><a href=""https://www.transilien.com/sites/transilien/files/sentinelle-20220418-h-ermontvalmondoispersan-18avril26maiet6juin.pdf"" target="""">Pour plus d'informations sur les horaires des jours fériés, cliquez ici pour télécharger l'affiche PDF.</a><br>Attention à partir du lundi 11 avril 2022 : les arrêts bus de la gare de Vaucelles et Saint-Leu la Forêt sont déplacés, pour connaître les nouveaux emplacements cliquez ici :<br>- <a href=""https://www.transilien.com/sites/transilien/files/sentinelle-20220409-h-pointdarretbus-vaucelles.pdf"" target="""">Gare de Vaucelles</a><br>- <a href=""https://www.transilien.com/sites/transilien/files/sentinelle-20220409-h-pointdarretbus-stleulaforet.pdf"" target="""">Gare de Saint-Leu la Forêt</a><br>Les horaires du calculateur d'itinéraire tiennent compte de ces travaux.﻿<br>Motif : travaux.</p>";20220701T173014;Transilien Train Transilien H;b3e5375e-f952-11ec-88d1-005056a47b86;travaux
future;Incidents;30;perturbée;SIGNIFICANT_DELAYS;20220712T220000;20220713T000000;b3e5375e-f952-11ec-88d1-005056a47b86;" / Ligne H : Paris-Persan via Valmondois 27/06 -16/12 / <p>Période : à partir de 22h30<br>Dates : du lundi 27 juin jusqu'au vendredi 16 décembre sauf les week-ends et jours fériés.<br>Le trafic est interrompu entre Paris Gare du Nord et Persan - Beaumont via Valmondois.<br>En conséquence, un service de bus de remplacement est mis en place, avec desserte des gares intermédiaires.<br><a href=""https://www.transilien.com/sites/transilien/files/sentinelle-20220701-hparisermontpersanviavalmondois-jusquau16decembre.pdf"" target="""">Pour plus d'informations sur les horaires du lundi 27 juin au vendredi 16 décembre sauf week-ends et jours fériés, cliquez ici pour télécharger l'affiche PDF.</a><br><a href=""https://www.transilien.com/sites/transilien/files/sentinelle-20220418-h-ermontvalmondoispersan-18avril26maiet6juin.pdf"" target="""">Pour plus d'informations sur les horaires des jours fériés, cliquez ici pour télécharger l'affiche PDF.</a><br>Attention à partir du lundi 11 avril 2022 : les arrêts bus de la gare de Vaucelles et Saint-Leu la Forêt sont déplacés, pour connaître les nouveaux emplacements cliquez ici :<br>- <a href=""https://www.transilien.com/sites/transilien/files/sentinelle-20220409-h-pointdarretbus-vaucelles.pdf"" target="""">Gare de Vaucelles</a><br>- <a href=""https://www.transilien.com/sites/transilien/files/sentinelle-20220409-h-pointdarretbus-stleulaforet.pdf"" target="""">Gare de Saint-Leu la Forêt</a><br>Les horaires du calculateur d'itinéraire tiennent compte de ces travaux.﻿<br>Motif : travaux.</p>";20220701T173014;Transilien Train Transilien H;b3e5375e-f952-11ec-88d1-005056a47b86;travaux
future;Incidents;30;perturbée;SIGNIFICANT_DELAYS;20220711T220000;20220712T000000;b3e5375e-f952-11ec-88d1-005056a47b86;" / Ligne H : Paris-Persan via Valmondois 27/06 -16/12 / <p>Période : à partir de 22h30<br>Dates : du lundi 27 juin jusqu'au vendredi 16 décembre sauf les week-ends et jours fériés.<br>Le trafic est interrompu entre Paris Gare du Nord et Persan - Beaumont via Valmondois.<br>En conséquence, un service de bus de remplacement est mis en place, avec desserte des gares intermédiaires.<br><a href=""https://www.transilien.com/sites/transilien/files/sentinelle-20220701-hparisermontpersanviavalmondois-jusquau16decembre.pdf"" target="""">Pour plus d'informations sur les horaires du lundi 27 juin au vendredi 16 décembre sauf week-ends et jours fériés, cliquez ici pour télécharger l'affiche PDF.</a><br><a href=""https://www.transilien.com/sites/transilien/files/sentinelle-20220418-h-ermontvalmondoispersan-18avril26maiet6juin.pdf"" target="""">Pour plus d'informations sur les horaires des jours fériés, cliquez ici pour télécharger l'affiche PDF.</a><br>Attention à partir du lundi 11 avril 2022 : les arrêts bus de la gare de Vaucelles et Saint-Leu la Forêt sont déplacés, pour connaître les nouveaux emplacements cliquez ici :<br>- <a href=""https://www.transilien.com/sites/transilien/files/sentinelle-20220409-h-pointdarretbus-vaucelles.pdf"" target="""">Gare de Vaucelles</a><br>- <a href=""https://www.transilien.com/sites/transilien/files/sentinelle-20220409-h-pointdarretbus-stleulaforet.pdf"" target="""">Gare de Saint-Leu la Forêt</a><br>Les horaires du calculateur d'itinéraire tiennent compte de ces travaux.﻿<br>Motif : travaux.</p>";20220701T173014;Transilien Train Transilien H;b3e5375e-f952-11ec-88d1-005056a47b86;travaux
future;Incidents;30;perturbée;SIGNIFICANT_DELAYS;20220707T220000;20220708T000000;b3e5375e-f952-11ec-88d1-005056a47b86;" / Ligne H : Paris-Persan via Valmondois 27/06 -16/12 / <p>Période : à partir de 22h30<br>Dates : du lundi 27 juin jusqu'au vendredi 16 décembre sauf les week-ends et jours fériés.<br>Le trafic est interrompu entre Paris Gare du Nord et Persan - Beaumont via Valmondois.<br>En conséquence, un service de bus de remplacement est mis en place, avec desserte des gares intermédiaires.<br><a href=""https://www.transilien.com/sites/transilien/files/sentinelle-20220701-hparisermontpersanviavalmondois-jusquau16decembre.pdf"" target="""">Pour plus d'informations sur les horaires du lundi 27 juin au vendredi 16 décembre sauf week-ends et jours fériés, cliquez ici pour télécharger l'affiche PDF.</a><br><a href=""https://www.transilien.com/sites/transilien/files/sentinelle-20220418-h-ermontvalmondoispersan-18avril26maiet6juin.pdf"" target="""">Pour plus d'informations sur les horaires des jours fériés, cliquez ici pour télécharger l'affiche PDF.</a><br>Attention à partir du lundi 11 avril 2022 : les arrêts bus de la gare de Vaucelles et Saint-Leu la Forêt sont déplacés, pour connaître les nouveaux emplacements cliquez ici :<br>- <a href=""https://www.transilien.com/sites/transilien/files/sentinelle-20220409-h-pointdarretbus-vaucelles.pdf"" target="""">Gare de Vaucelles</a><br>- <a href=""https://www.transilien.com/sites/transilien/files/sentinelle-20220409-h-pointdarretbus-stleulaforet.pdf"" target="""">Gare de Saint-Leu la Forêt</a><br>Les horaires du calculateur d'itinéraire tiennent compte de ces travaux.﻿<br>Motif : travaux.</p>";20220701T173014;Transilien Train Transilien H;b3e5375e-f952-11ec-88d1-005056a47b86;travaux
future;Incidents;30;perturbée;SIGNIFICANT_DELAYS;20220706T220000;20220707T000000;b3e5375e-f952-11ec-88d1-005056a47b86;" / Ligne H : Paris-Persan via Valmondois 27/06 -16/12 / <p>Période : à partir de 22h30<br>Dates : du lundi 27 juin jusqu'au vendredi 16 décembre sauf les week-ends et jours fériés.<br>Le trafic est interrompu entre Paris Gare du Nord et Persan - Beaumont via Valmondois.<br>En conséquence, un service de bus de remplacement est mis en place, avec desserte des gares intermédiaires.<br><a href=""https://www.transilien.com/sites/transilien/files/sentinelle-20220701-hparisermontpersanviavalmondois-jusquau16decembre.pdf"" target="""">Pour plus d'informations sur les horaires du lundi 27 juin au vendredi 16 décembre sauf week-ends et jours fériés, cliquez ici pour télécharger l'affiche PDF.</a><br><a href=""https://www.transilien.com/sites/transilien/files/sentinelle-20220418-h-ermontvalmondoispersan-18avril26maiet6juin.pdf"" target="""">Pour plus d'informations sur les horaires des jours fériés, cliquez ici pour télécharger l'affiche PDF.</a><br>Attention à partir du lundi 11 avril 2022 : les arrêts bus de la gare de Vaucelles et Saint-Leu la Forêt sont déplacés, pour connaître les nouveaux emplacements cliquez ici :<br>- <a href=""https://www.transilien.com/sites/transilien/files/sentinelle-20220409-h-pointdarretbus-vaucelles.pdf"" target="""">Gare de Vaucelles</a><br>- <a href=""https://www.transilien.com/sites/transilien/files/sentinelle-20220409-h-pointdarretbus-stleulaforet.pdf"" target="""">Gare de Saint-Leu la Forêt</a><br>Les horaires du calculateur d'itinéraire tiennent compte de ces travaux.﻿<br>Motif : travaux.</p>";20220701T173014;Transilien Train Transilien H;b3e5375e-f952-11ec-88d1-005056a47b86;travaux
future;Incidents;30;perturbée;SIGNIFICANT_DELAYS;20220705T220000;20220706T000000;b3e5375e-f952-11ec-88d1-005056a47b86;" / Ligne H : Paris-Persan via Valmondois 27/06 -16/12 / <p>Période : à partir de 22h30<br>Dates : du lundi 27 juin jusqu'au vendredi 16 décembre sauf les week-ends et jours fériés.<br>Le trafic est interrompu entre Paris Gare du Nord et Persan - Beaumont via Valmondois.<br>En conséquence, un service de bus de remplacement est mis en place, avec desserte des gares intermédiaires.<br><a href=""https://www.transilien.com/sites/transilien/files/sentinelle-20220701-hparisermontpersanviavalmondois-jusquau16decembre.pdf"" target="""">Pour plus d'informations sur les horaires du lundi 27 juin au vendredi 16 décembre sauf week-ends et jours fériés, cliquez ici pour télécharger l'affiche PDF.</a><br><a href=""https://www.transilien.com/sites/transilien/files/sentinelle-20220418-h-ermontvalmondoispersan-18avril26maiet6juin.pdf"" target="""">Pour plus d'informations sur les horaires des jours fériés, cliquez ici pour télécharger l'affiche PDF.</a><br>Attention à partir du lundi 11 avril 2022 : les arrêts bus de la gare de Vaucelles et Saint-Leu la Forêt sont déplacés, pour connaître les nouveaux emplacements cliquez ici :<br>- <a href=""https://www.transilien.com/sites/transilien/files/sentinelle-20220409-h-pointdarretbus-vaucelles.pdf"" target="""">Gare de Vaucelles</a><br>- <a href=""https://www.transilien.com/sites/transilien/files/sentinelle-20220409-h-pointdarretbus-stleulaforet.pdf"" target="""">Gare de Saint-Leu la Forêt</a><br>Les horaires du calculateur d'itinéraire tiennent compte de ces travaux.﻿<br>Motif : travaux.</p>";20220701T173014;Transilien Train Transilien H;b3e5375e-f952-11ec-88d1-005056a47b86;travaux
future;Incidents;30;perturbée;SIGNIFICANT_DELAYS;20220701T220000;20220702T000000;b3e5375e-f952-11ec-88d1-005056a47b86;" / Ligne H : Paris-Persan via Valmondois 27/06 -16/12 / <p>Période : à partir de 22h30<br>Dates : du lundi 27 juin jusqu'au vendredi 16 décembre sauf les week-ends et jours fériés.<br>Le trafic est interrompu entre Paris Gare du Nord et Persan - Beaumont via Valmondois.<br>En conséquence, un service de bus de remplacement est mis en place, avec desserte des gares intermédiaires.<br><a href=""https://www.transilien.com/sites/transilien/files/sentinelle-20220701-hparisermontpersanviavalmondois-jusquau16decembre.pdf"" target="""">Pour plus d'informations sur les horaires du lundi 27 juin au vendredi 16 décembre sauf week-ends et jours fériés, cliquez ici pour télécharger l'affiche PDF.</a><br><a href=""https://www.transilien.com/sites/transilien/files/sentinelle-20220418-h-ermontvalmondoispersan-18avril26maiet6juin.pdf"" target="""">Pour plus d'informations sur les horaires des jours fériés, cliquez ici pour télécharger l'affiche PDF.</a><br>Attention à partir du lundi 11 avril 2022 : les arrêts bus de la gare de Vaucelles et Saint-Leu la Forêt sont déplacés, pour connaître les nouveaux emplacements cliquez ici :<br>- <a href=""https://www.transilien.com/sites/transilien/files/sentinelle-20220409-h-pointdarretbus-vaucelles.pdf"" target="""">Gare de Vaucelles</a><br>- <a href=""https://www.transilien.com/sites/transilien/files/sentinelle-20220409-h-pointdarretbus-stleulaforet.pdf"" target="""">Gare de Saint-Leu la Forêt</a><br>Les horaires du calculateur d'itinéraire tiennent compte de ces travaux.﻿<br>Motif : travaux.</p>";20220701T173014;Transilien Train Transilien H;b3e5375e-f952-11ec-88d1-005056a47b86;travaux
future;Incidents;30;perturbée;SIGNIFICANT_DELAYS;20220630T220000;20220701T000000;b3e5375e-f952-11ec-88d1-005056a47b86;" / Ligne H : Paris-Persan via Valmondois 27/06 -16/12 / <p>Période : à partir de 22h30<br>Dates : du lundi 27 juin jusqu'au vendredi 16 décembre sauf les week-ends et jours fériés.<br>Le trafic est interrompu entre Paris Gare du Nord et Persan - Beaumont via Valmondois.<br>En conséquence, un service de bus de remplacement est mis en place, avec desserte des gares intermédiaires.<br><a href=""https://www.transilien.com/sites/transilien/files/sentinelle-20220701-hparisermontpersanviavalmondois-jusquau16decembre.pdf"" target="""">Pour plus d'informations sur les horaires du lundi 27 juin au vendredi 16 décembre sauf week-ends et jours fériés, cliquez ici pour télécharger l'affiche PDF.</a><br><a href=""https://www.transilien.com/sites/transilien/files/sentinelle-20220418-h-ermontvalmondoispersan-18avril26maiet6juin.pdf"" target="""">Pour plus d'informations sur les horaires des jours fériés, cliquez ici pour télécharger l'affiche PDF.</a><br>Attention à partir du lundi 11 avril 2022 : les arrêts bus de la gare de Vaucelles et Saint-Leu la Forêt sont déplacés, pour connaître les nouveaux emplacements cliquez ici :<br>- <a href=""https://www.transilien.com/sites/transilien/files/sentinelle-20220409-h-pointdarretbus-vaucelles.pdf"" target="""">Gare de Vaucelles</a><br>- <a href=""https://www.transilien.com/sites/transilien/files/sentinelle-20220409-h-pointdarretbus-stleulaforet.pdf"" target="""">Gare de Saint-Leu la Forêt</a><br>Les horaires du calculateur d'itinéraire tiennent compte de ces travaux.﻿<br>Motif : travaux.</p>";20220701T173014;Transilien Train Transilien H;b3e5375e-f952-11ec-88d1-005056a47b86;travaux
future;Incidents;30;perturbée;SIGNIFICANT_DELAYS;20220629T220000;20220630T000000;b3e5375e-f952-11ec-88d1-005056a47b86;" / Ligne H : Paris-Persan via Valmondois 27/06 -16/12 / <p>Période : à partir de 22h30<br>Dates : du lundi 27 juin jusqu'au vendredi 16 décembre sauf les week-ends et jours fériés.<br>Le trafic est interrompu entre Paris Gare du Nord et Persan - Beaumont via Valmondois.<br>En conséquence, un service de bus de remplacement est mis en place, avec desserte des gares intermédiaires.<br><a href=""https://www.transilien.com/sites/transilien/files/sentinelle-20220701-hparisermontpersanviavalmondois-jusquau16decembre.pdf"" target="""">Pour plus d'informations sur les horaires du lundi 27 juin au vendredi 16 décembre sauf week-ends et jours fériés, cliquez ici pour télécharger l'affiche PDF.</a><br><a href=""https://www.transilien.com/sites/transilien/files/sentinelle-20220418-h-ermontvalmondoispersan-18avril26maiet6juin.pdf"" target="""">Pour plus d'informations sur les horaires des jours fériés, cliquez ici pour télécharger l'affiche PDF.</a><br>Attention à partir du lundi 11 avril 2022 : les arrêts bus de la gare de Vaucelles et Saint-Leu la Forêt sont déplacés, pour connaître les nouveaux emplacements cliquez ici :<br>- <a href=""https://www.transilien.com/sites/transilien/files/sentinelle-20220409-h-pointdarretbus-vaucelles.pdf"" target="""">Gare de Vaucelles</a><br>- <a href=""https://www.transilien.com/sites/transilien/files/sentinelle-20220409-h-pointdarretbus-stleulaforet.pdf"" target="""">Gare de Saint-Leu la Forêt</a><br>Les horaires du calculateur d'itinéraire tiennent compte de ces travaux.﻿<br>Motif : travaux.</p>";20220701T173014;Transilien Train Transilien H;b3e5375e-f952-11ec-88d1-005056a47b86;travaux
future;Incidents;30;perturbée;SIGNIFICANT_DELAYS;20220628T220000;20220629T000000;b3e5375e-f952-11ec-88d1-005056a47b86;" / Ligne H : Paris-Persan via Valmondois 27/06 -16/12 / <p>Période : à partir de 22h30<br>Dates : du lundi 27 juin jusqu'au vendredi 16 décembre sauf les week-ends et jours fériés.<br>Le trafic est interrompu entre Paris Gare du Nord et Persan - Beaumont via Valmondois.<br>En conséquence, un service de bus de remplacement est mis en place, avec desserte des gares intermédiaires.<br><a href=""https://www.transilien.com/sites/transilien/files/sentinelle-20220701-hparisermontpersanviavalmondois-jusquau16decembre.pdf"" target="""">Pour plus d'informations sur les horaires du lundi 27 juin au vendredi 16 décembre sauf week-ends et jours fériés, cliquez ici pour télécharger l'affiche PDF.</a><br><a href=""https://www.transilien.com/sites/transilien/files/sentinelle-20220418-h-ermontvalmondoispersan-18avril26maiet6juin.pdf"" target="""">Pour plus d'informations sur les horaires des jours fériés, cliquez ici pour télécharger l'affiche PDF.</a><br>Attention à partir du lundi 11 avril 2022 : les arrêts bus de la gare de Vaucelles et Saint-Leu la Forêt sont déplacés, pour connaître les nouveaux emplacements cliquez ici :<br>- <a href=""https://www.transilien.com/sites/transilien/files/sentinelle-20220409-h-pointdarretbus-vaucelles.pdf"" target="""">Gare de Vaucelles</a><br>- <a href=""https://www.transilien.com/sites/transilien/files/sentinelle-20220409-h-pointdarretbus-stleulaforet.pdf"" target="""">Gare de Saint-Leu la Forêt</a><br>Les horaires du calculateur d'itinéraire tiennent compte de ces travaux.﻿<br>Motif : travaux.</p>";20220701T173014;Transilien Train Transilien H;b3e5375e-f952-11ec-88d1-005056a47b86;travaux
future;Incidents;30;perturbée;SIGNIFICANT_DELAYS;20220627T220000;20220628T000000;b3e5375e-f952-11ec-88d1-005056a47b86;" / Ligne H : Paris-Persan via Valmondois 27/06 -16/12 / <p>Période : à partir de 22h30<br>Dates : du lundi 27 juin jusqu'au vendredi 16 décembre sauf les week-ends et jours fériés.<br>Le trafic est interrompu entre Paris Gare du Nord et Persan - Beaumont via Valmondois.<br>En conséquence, un service de bus de remplacement est mis en place, avec desserte des gares intermédiaires.<br><a href=""https://www.transilien.com/sites/transilien/files/sentinelle-20220701-hparisermontpersanviavalmondois-jusquau16decembre.pdf"" target="""">Pour plus d'informations sur les horaires du lundi 27 juin au vendredi 16 décembre sauf week-ends et jours fériés, cliquez ici pour télécharger l'affiche PDF.</a><br><a href=""https://www.transilien.com/sites/transilien/files/sentinelle-20220418-h-ermontvalmondoispersan-18avril26maiet6juin.pdf"" target="""">Pour plus d'informations sur les horaires des jours fériés, cliquez ici pour télécharger l'affiche PDF.</a><br>Attention à partir du lundi 11 avril 2022 : les arrêts bus de la gare de Vaucelles et Saint-Leu la Forêt sont déplacés, pour connaître les nouveaux emplacements cliquez ici :<br>- <a href=""https://www.transilien.com/sites/transilien/files/sentinelle-20220409-h-pointdarretbus-vaucelles.pdf"" target="""">Gare de Vaucelles</a><br>- <a href=""https://www.transilien.com/sites/transilien/files/sentinelle-20220409-h-pointdarretbus-stleulaforet.pdf"" target="""">Gare de Saint-Leu la Forêt</a><br>Les horaires du calculateur d'itinéraire tiennent compte de ces travaux.﻿<br>Motif : travaux.</p>";20220701T173014;Transilien Train Transilien H;b3e5375e-f952-11ec-88d1-005056a47b86;travaux
future;Incidents;30;perturbée;SIGNIFICANT_DELAYS;20220624T220000;20220625T000000;b3e5375e-f952-11ec-88d1-005056a47b86;" / Ligne H : Paris-Persan via Valmondois 27/06 -16/12 / <p>Période : à partir de 22h30<br>Dates : du lundi 27 juin jusqu'au vendredi 16 décembre sauf les week-ends et jours fériés.<br>Le trafic est interrompu entre Paris Gare du Nord et Persan - Beaumont via Valmondois.<br>En conséquence, un service de bus de remplacement est mis en place, avec desserte des gares intermédiaires.<br><a href=""https://www.transilien.com/sites/transilien/files/sentinelle-20220701-hparisermontpersanviavalmondois-jusquau16decembre.pdf"" target="""">Pour plus d'informations sur les horaires du lundi 27 juin au vendredi 16 décembre sauf week-ends et jours fériés, cliquez ici pour télécharger l'affiche PDF.</a><br><a href=""https://www.transilien.com/sites/transilien/files/sentinelle-20220418-h-ermontvalmondoispersan-18avril26maiet6juin.pdf"" target="""">Pour plus d'informations sur les horaires des jours fériés, cliquez ici pour télécharger l'affiche PDF.</a><br>Attention à partir du lundi 11 avril 2022 : les arrêts bus de la gare de Vaucelles et Saint-Leu la Forêt sont déplacés, pour connaître les nouveaux emplacements cliquez ici :<br>- <a href=""https://www.transilien.com/sites/transilien/files/sentinelle-20220409-h-pointdarretbus-vaucelles.pdf"" target="""">Gare de Vaucelles</a><br>- <a href=""https://www.transilien.com/sites/transilien/files/sentinelle-20220409-h-pointdarretbus-stleulaforet.pdf"" target="""">Gare de Saint-Leu la Forêt</a><br>Les horaires du calculateur d'itinéraire tiennent compte de ces travaux.﻿<br>Motif : travaux.</p>";20220701T173014;Transilien Train Transilien H;b3e5375e-f952-11ec-88d1-005056a47b86;travaux
future;Incidents;30;perturbée;SIGNIFICANT_DELAYS;20220623T220000;20220624T000000;b3e5375e-f952-11ec-88d1-005056a47b86;" / Ligne H : Paris-Persan via Valmondois 27/06 -16/12 / <p>Période : à partir de 22h30<br>Dates : du lundi 27 juin jusqu'au vendredi 16 décembre sauf les week-ends et jours fériés.<br>Le trafic est interrompu entre Paris Gare du Nord et Persan - Beaumont via Valmondois.<br>En conséquence, un service de bus de remplacement est mis en place, avec desserte des gares intermédiaires.<br><a href=""https://www.transilien.com/sites/transilien/files/sentinelle-20220701-hparisermontpersanviavalmondois-jusquau16decembre.pdf"" target="""">Pour plus d'informations sur les horaires du lundi 27 juin au vendredi 16 décembre sauf week-ends et jours fériés, cliquez ici pour télécharger l'affiche PDF.</a><br><a href=""https://www.transilien.com/sites/transilien/files/sentinelle-20220418-h-ermontvalmondoispersan-18avril26maiet6juin.pdf"" target="""">Pour plus d'informations sur les horaires des jours fériés, cliquez ici pour télécharger l'affiche PDF.</a><br>Attention à partir du lundi 11 avril 2022 : les arrêts bus de la gare de Vaucelles et Saint-Leu la Forêt sont déplacés, pour connaître les nouveaux emplacements cliquez ici :<br>- <a href=""https://www.transilien.com/sites/transilien/files/sentinelle-20220409-h-pointdarretbus-vaucelles.pdf"" target="""">Gare de Vaucelles</a><br>- <a href=""https://www.transilien.com/sites/transilien/files/sentinelle-20220409-h-pointdarretbus-stleulaforet.pdf"" target="""">Gare de Saint-Leu la Forêt</a><br>Les horaires du calculateur d'itinéraire tiennent compte de ces travaux.﻿<br>Motif : travaux.</p>";20220701T173014;Transilien Train Transilien H;b3e5375e-f952-11ec-88d1-005056a47b86;travaux
future;Incidents;30;perturbée;SIGNIFICANT_DELAYS;20220620T200000;20220621T033000;b3e5375e-f952-11ec-88d1-005056a47b86;" / Ligne H : Paris-Persan via Valmondois 27/06 -16/12 / <p>Période : à partir de 22h30<br>Dates : du lundi 27 juin jusqu'au vendredi 16 décembre sauf les week-ends et jours fériés.<br>Le trafic est interrompu entre Paris Gare du Nord et Persan - Beaumont via Valmondois.<br>En conséquence, un service de bus de remplacement est mis en place, avec desserte des gares intermédiaires.<br><a href=""https://www.transilien.com/sites/transilien/files/sentinelle-20220701-hparisermontpersanviavalmondois-jusquau16decembre.pdf"" target="""">Pour plus d'informations sur les horaires du lundi 27 juin au vendredi 16 décembre sauf week-ends et jours fériés, cliquez ici pour télécharger l'affiche PDF.</a><br><a href=""https://www.transilien.com/sites/transilien/files/sentinelle-20220418-h-ermontvalmondoispersan-18avril26maiet6juin.pdf"" target="""">Pour plus d'informations sur les horaires des jours fériés, cliquez ici pour télécharger l'affiche PDF.</a><br>Attention à partir du lundi 11 avril 2022 : les arrêts bus de la gare de Vaucelles et Saint-Leu la Forêt sont déplacés, pour connaître les nouveaux emplacements cliquez ici :<br>- <a href=""https://www.transilien.com/sites/transilien/files/sentinelle-20220409-h-pointdarretbus-vaucelles.pdf"" target="""">Gare de Vaucelles</a><br>- <a href=""https://www.transilien.com/sites/transilien/files/sentinelle-20220409-h-pointdarretbus-stleulaforet.pdf"" target="""">Gare de Saint-Leu la Forêt</a><br>Les horaires du calculateur d'itinéraire tiennent compte de ces travaux.﻿<br>Motif : travaux.</p>";20220701T173014;Transilien Train Transilien H;b3e5375e-f952-11ec-88d1-005056a47b86;travaux
future;Incidents;30;perturbée;SIGNIFICANT_DELAYS;20220617T200000;20220618T033000;b3e5375e-f952-11ec-88d1-005056a47b86;" / Ligne H : Paris-Persan via Valmondois 27/06 -16/12 / <p>Période : à partir de 22h30<br>Dates : du lundi 27 juin jusqu'au vendredi 16 décembre sauf les week-ends et jours fériés.<br>Le trafic est interrompu entre Paris Gare du Nord et Persan - Beaumont via Valmondois.<br>En conséquence, un service de bus de remplacement est mis en place, avec desserte des gares intermédiaires.<br><a href=""https://www.transilien.com/sites/transilien/files/sentinelle-20220701-hparisermontpersanviavalmondois-jusquau16decembre.pdf"" target="""">Pour plus d'informations sur les horaires du lundi 27 juin au vendredi 16 décembre sauf week-ends et jours fériés, cliquez ici pour télécharger l'affiche PDF.</a><br><a href=""https://www.transilien.com/sites/transilien/files/sentinelle-20220418-h-ermontvalmondoispersan-18avril26maiet6juin.pdf"" target="""">Pour plus d'informations sur les horaires des jours fériés, cliquez ici pour télécharger l'affiche PDF.</a><br>Attention à partir du lundi 11 avril 2022 : les arrêts bus de la gare de Vaucelles et Saint-Leu la Forêt sont déplacés, pour connaître les nouveaux emplacements cliquez ici :<br>- <a href=""https://www.transilien.com/sites/transilien/files/sentinelle-20220409-h-pointdarretbus-vaucelles.pdf"" target="""">Gare de Vaucelles</a><br>- <a href=""https://www.transilien.com/sites/transilien/files/sentinelle-20220409-h-pointdarretbus-stleulaforet.pdf"" target="""">Gare de Saint-Leu la Forêt</a><br>Les horaires du calculateur d'itinéraire tiennent compte de ces travaux.﻿<br>Motif : travaux.</p>";20220701T173014;Transilien Train Transilien H;b3e5375e-f952-11ec-88d1-005056a47b86;travaux
future;Incidents;30;perturbée;SIGNIFICANT_DELAYS;20220616T200000;20220617T033000;b3e5375e-f952-11ec-88d1-005056a47b86;" / Ligne H : Paris-Persan via Valmondois 27/06 -16/12 / <p>Période : à partir de 22h30<br>Dates : du lundi 27 juin jusqu'au vendredi 16 décembre sauf les week-ends et jours fériés.<br>Le trafic est interrompu entre Paris Gare du Nord et Persan - Beaumont via Valmondois.<br>En conséquence, un service de bus de remplacement est mis en place, avec desserte des gares intermédiaires.<br><a href=""https://www.transilien.com/sites/transilien/files/sentinelle-20220701-hparisermontpersanviavalmondois-jusquau16decembre.pdf"" target="""">Pour plus d'informations sur les horaires du lundi 27 juin au vendredi 16 décembre sauf week-ends et jours fériés, cliquez ici pour télécharger l'affiche PDF.</a><br><a href=""https://www.transilien.com/sites/transilien/files/sentinelle-20220418-h-ermontvalmondoispersan-18avril26maiet6juin.pdf"" target="""">Pour plus d'informations sur les horaires des jours fériés, cliquez ici pour télécharger l'affiche PDF.</a><br>Attention à partir du lundi 11 avril 2022 : les arrêts bus de la gare de Vaucelles et Saint-Leu la Forêt sont déplacés, pour connaître les nouveaux emplacements cliquez ici :<br>- <a href=""https://www.transilien.com/sites/transilien/files/sentinelle-20220409-h-pointdarretbus-vaucelles.pdf"" target="""">Gare de Vaucelles</a><br>- <a href=""https://www.transilien.com/sites/transilien/files/sentinelle-20220409-h-pointdarretbus-stleulaforet.pdf"" target="""">Gare de Saint-Leu la Forêt</a><br>Les horaires du calculateur d'itinéraire tiennent compte de ces travaux.﻿<br>Motif : travaux.</p>";20220701T173014;Transilien Train Transilien H;b3e5375e-f952-11ec-88d1-005056a47b86;travaux
future;Incidents;30;perturbée;SIGNIFICANT_DELAYS;20220614T200000;20220615T033000;b3e5375e-f952-11ec-88d1-005056a47b86;" / Ligne H : Paris-Persan via Valmondois 27/06 -16/12 / <p>Période : à partir de 22h30<br>Dates : du lundi 27 juin jusqu'au vendredi 16 décembre sauf les week-ends et jours fériés.<br>Le trafic est interrompu entre Paris Gare du Nord et Persan - Beaumont via Valmondois.<br>En conséquence, un service de bus de remplacement est mis en place, avec desserte des gares intermédiaires.<br><a href=""https://www.transilien.com/sites/transilien/files/sentinelle-20220701-hparisermontpersanviavalmondois-jusquau16decembre.pdf"" target="""">Pour plus d'informations sur les horaires du lundi 27 juin au vendredi 16 décembre sauf week-ends et jours fériés, cliquez ici pour télécharger l'affiche PDF.</a><br><a href=""https://www.transilien.com/sites/transilien/files/sentinelle-20220418-h-ermontvalmondoispersan-18avril26maiet6juin.pdf"" target="""">Pour plus d'informations sur les horaires des jours fériés, cliquez ici pour télécharger l'affiche PDF.</a><br>Attention à partir du lundi 11 avril 2022 : les arrêts bus de la gare de Vaucelles et Saint-Leu la Forêt sont déplacés, pour connaître les nouveaux emplacements cliquez ici :<br>- <a href=""https://www.transilien.com/sites/transilien/files/sentinelle-20220409-h-pointdarretbus-vaucelles.pdf"" target="""">Gare de Vaucelles</a><br>- <a href=""https://www.transilien.com/sites/transilien/files/sentinelle-20220409-h-pointdarretbus-stleulaforet.pdf"" target="""">Gare de Saint-Leu la Forêt</a><br>Les horaires du calculateur d'itinéraire tiennent compte de ces travaux.﻿<br>Motif : travaux.</p>";20220701T173014;Transilien Train Transilien H;b3e5375e-f952-11ec-88d1-005056a47b86;travaux
future;Incidents;30;perturbée;SIGNIFICANT_DELAYS;20220613T200000;20220614T033000;b3e5375e-f952-11ec-88d1-005056a47b86;" / Ligne H : Paris-Persan via Valmondois 27/06 -16/12 / <p>Période : à partir de 22h30<br>Dates : du lundi 27 juin jusqu'au vendredi 16 décembre sauf les week-ends et jours fériés.<br>Le trafic est interrompu entre Paris Gare du Nord et Persan - Beaumont via Valmondois.<br>En conséquence, un service de bus de remplacement est mis en place, avec desserte des gares intermédiaires.<br><a href=""https://www.transilien.com/sites/transilien/files/sentinelle-20220701-hparisermontpersanviavalmondois-jusquau16decembre.pdf"" target="""">Pour plus d'informations sur les horaires du lundi 27 juin au vendredi 16 décembre sauf week-ends et jours fériés, cliquez ici pour télécharger l'affiche PDF.</a><br><a href=""https://www.transilien.com/sites/transilien/files/sentinelle-20220418-h-ermontvalmondoispersan-18avril26maiet6juin.pdf"" target="""">Pour plus d'informations sur les horaires des jours fériés, cliquez ici pour télécharger l'affiche PDF.</a><br>Attention à partir du lundi 11 avril 2022 : les arrêts bus de la gare de Vaucelles et Saint-Leu la Forêt sont déplacés, pour connaître les nouveaux emplacements cliquez ici :<br>- <a href=""https://www.transilien.com/sites/transilien/files/sentinelle-20220409-h-pointdarretbus-vaucelles.pdf"" target="""">Gare de Vaucelles</a><br>- <a href=""https://www.transilien.com/sites/transilien/files/sentinelle-20220409-h-pointdarretbus-stleulaforet.pdf"" target="""">Gare de Saint-Leu la Forêt</a><br>Les horaires du calculateur d'itinéraire tiennent compte de ces travaux.﻿<br>Motif : travaux.</p>";20220701T173014;Transilien Train Transilien H;b3e5375e-f952-11ec-88d1-005056a47b86;travaux
future;Incidents;30;perturbée;SIGNIFICANT_DELAYS;20220610T200000;20220611T033000;b3e5375e-f952-11ec-88d1-005056a47b86;" / Ligne H : Paris-Persan via Valmondois 27/06 -16/12 / <p>Période : à partir de 22h30<br>Dates : du lundi 27 juin jusqu'au vendredi 16 décembre sauf les week-ends et jours fériés.<br>Le trafic est interrompu entre Paris Gare du Nord et Persan - Beaumont via Valmondois.<br>En conséquence, un service de bus de remplacement est mis en place, avec desserte des gares intermédiaires.<br><a href=""https://www.transilien.com/sites/transilien/files/sentinelle-20220701-hparisermontpersanviavalmondois-jusquau16decembre.pdf"" target="""">Pour plus d'informations sur les horaires du lundi 27 juin au vendredi 16 décembre sauf week-ends et jours fériés, cliquez ici pour télécharger l'affiche PDF.</a><br><a href=""https://www.transilien.com/sites/transilien/files/sentinelle-20220418-h-ermontvalmondoispersan-18avril26maiet6juin.pdf"" target="""">Pour plus d'informations sur les horaires des jours fériés, cliquez ici pour télécharger l'affiche PDF.</a><br>Attention à partir du lundi 11 avril 2022 : les arrêts bus de la gare de Vaucelles et Saint-Leu la Forêt sont déplacés, pour connaître les nouveaux emplacements cliquez ici :<br>- <a href=""https://www.transilien.com/sites/transilien/files/sentinelle-20220409-h-pointdarretbus-vaucelles.pdf"" target="""">Gare de Vaucelles</a><br>- <a href=""https://www.transilien.com/sites/transilien/files/sentinelle-20220409-h-pointdarretbus-stleulaforet.pdf"" target="""">Gare de Saint-Leu la Forêt</a><br>Les horaires du calculateur d'itinéraire tiennent compte de ces travaux.﻿<br>Motif : travaux.</p>";20220701T173014;Transilien Train Transilien H;b3e5375e-f952-11ec-88d1-005056a47b86;travaux
future;Incidents;30;perturbée;SIGNIFICANT_DELAYS;20220608T200000;20220609T033000;b3e5375e-f952-11ec-88d1-005056a47b86;" / Ligne H : Paris-Persan via Valmondois 27/06 -16/12 / <p>Période : à partir de 22h30<br>Dates : du lundi 27 juin jusqu'au vendredi 16 décembre sauf les week-ends et jours fériés.<br>Le trafic est interrompu entre Paris Gare du Nord et Persan - Beaumont via Valmondois.<br>En conséquence, un service de bus de remplacement est mis en place, avec desserte des gares intermédiaires.<br><a href=""https://www.transilien.com/sites/transilien/files/sentinelle-20220701-hparisermontpersanviavalmondois-jusquau16decembre.pdf"" target="""">Pour plus d'informations sur les horaires du lundi 27 juin au vendredi 16 décembre sauf week-ends et jours fériés, cliquez ici pour télécharger l'affiche PDF.</a><br><a href=""https://www.transilien.com/sites/transilien/files/sentinelle-20220418-h-ermontvalmondoispersan-18avril26maiet6juin.pdf"" target="""">Pour plus d'informations sur les horaires des jours fériés, cliquez ici pour télécharger l'affiche PDF.</a><br>Attention à partir du lundi 11 avril 2022 : les arrêts bus de la gare de Vaucelles et Saint-Leu la Forêt sont déplacés, pour connaître les nouveaux emplacements cliquez ici :<br>- <a href=""https://www.transilien.com/sites/transilien/files/sentinelle-20220409-h-pointdarretbus-vaucelles.pdf"" target="""">Gare de Vaucelles</a><br>- <a href=""https://www.transilien.com/sites/transilien/files/sentinelle-20220409-h-pointdarretbus-stleulaforet.pdf"" target="""">Gare de Saint-Leu la Forêt</a><br>Les horaires du calculateur d'itinéraire tiennent compte de ces travaux.﻿<br>Motif : travaux.</p>";20220701T173014;Transilien Train Transilien H;b3e5375e-f952-11ec-88d1-005056a47b86;travaux
future;Incidents;30;perturbée;SIGNIFICANT_DELAYS;20220607T200000;20220608T033000;b3e5375e-f952-11ec-88d1-005056a47b86;" / Ligne H : Paris-Persan via Valmondois 27/06 -16/12 / <p>Période : à partir de 22h30<br>Dates : du lundi 27 juin jusqu'au vendredi 16 décembre sauf les week-ends et jours fériés.<br>Le trafic est interrompu entre Paris Gare du Nord et Persan - Beaumont via Valmondois.<br>En conséquence, un service de bus de remplacement est mis en place, avec desserte des gares intermédiaires.<br><a href=""https://www.transilien.com/sites/transilien/files/sentinelle-20220701-hparisermontpersanviavalmondois-jusquau16decembre.pdf"" target="""">Pour plus d'informations sur les horaires du lundi 27 juin au vendredi 16 décembre sauf week-ends et jours fériés, cliquez ici pour télécharger l'affiche PDF.</a><br><a href=""https://www.transilien.com/sites/transilien/files/sentinelle-20220418-h-ermontvalmondoispersan-18avril26maiet6juin.pdf"" target="""">Pour plus d'informations sur les horaires des jours fériés, cliquez ici pour télécharger l'affiche PDF.</a><br>Attention à partir du lundi 11 avril 2022 : les arrêts bus de la gare de Vaucelles et Saint-Leu la Forêt sont déplacés, pour connaître les nouveaux emplacements cliquez ici :<br>- <a href=""https://www.transilien.com/sites/transilien/files/sentinelle-20220409-h-pointdarretbus-vaucelles.pdf"" target="""">Gare de Vaucelles</a><br>- <a href=""https://www.transilien.com/sites/transilien/files/sentinelle-20220409-h-pointdarretbus-stleulaforet.pdf"" target="""">Gare de Saint-Leu la Forêt</a><br>Les horaires du calculateur d'itinéraire tiennent compte de ces travaux.﻿<br>Motif : travaux.</p>";20220701T173014;Transilien Train Transilien H;b3e5375e-f952-11ec-88d1-005056a47b86;travaux
future;Incidents;30;perturbée;SIGNIFICANT_DELAYS;20220606T200000;20220607T033000;b3e5375e-f952-11ec-88d1-005056a47b86;" / Ligne H : Paris-Persan via Valmondois 27/06 -16/12 / <p>Période : à partir de 22h30<br>Dates : du lundi 27 juin jusqu'au vendredi 16 décembre sauf les week-ends et jours fériés.<br>Le trafic est interrompu entre Paris Gare du Nord et Persan - Beaumont via Valmondois.<br>En conséquence, un service de bus de remplacement est mis en place, avec desserte des gares intermédiaires.<br><a href=""https://www.transilien.com/sites/transilien/files/sentinelle-20220701-hparisermontpersanviavalmondois-jusquau16decembre.pdf"" target="""">Pour plus d'informations sur les horaires du lundi 27 juin au vendredi 16 décembre sauf week-ends et jours fériés, cliquez ici pour télécharger l'affiche PDF.</a><br><a href=""https://www.transilien.com/sites/transilien/files/sentinelle-20220418-h-ermontvalmondoispersan-18avril26maiet6juin.pdf"" target="""">Pour plus d'informations sur les horaires des jours fériés, cliquez ici pour télécharger l'affiche PDF.</a><br>Attention à partir du lundi 11 avril 2022 : les arrêts bus de la gare de Vaucelles et Saint-Leu la Forêt sont déplacés, pour connaître les nouveaux emplacements cliquez ici :<br>- <a href=""https://www.transilien.com/sites/transilien/files/sentinelle-20220409-h-pointdarretbus-vaucelles.pdf"" target="""">Gare de Vaucelles</a><br>- <a href=""https://www.transilien.com/sites/transilien/files/sentinelle-20220409-h-pointdarretbus-stleulaforet.pdf"" target="""">Gare de Saint-Leu la Forêt</a><br>Les horaires du calculateur d'itinéraire tiennent compte de ces travaux.﻿<br>Motif : travaux.</p>";20220701T173014;Transilien Train Transilien H;b3e5375e-f952-11ec-88d1-005056a47b86;travaux
future;Incidents;30;perturbée;SIGNIFICANT_DELAYS;20220603T200000;20220604T033000;b3e5375e-f952-11ec-88d1-005056a47b86;" / Ligne H : Paris-Persan via Valmondois 27/06 -16/12 / <p>Période : à partir de 22h30<br>Dates : du lundi 27 juin jusqu'au vendredi 16 décembre sauf les week-ends et jours fériés.<br>Le trafic est interrompu entre Paris Gare du Nord et Persan - Beaumont via Valmondois.<br>En conséquence, un service de bus de remplacement est mis en place, avec desserte des gares intermédiaires.<br><a href=""https://www.transilien.com/sites/transilien/files/sentinelle-20220701-hparisermontpersanviavalmondois-jusquau16decembre.pdf"" target="""">Pour plus d'informations sur les horaires du lundi 27 juin au vendredi 16 décembre sauf week-ends et jours fériés, cliquez ici pour télécharger l'affiche PDF.</a><br><a href=""https://www.transilien.com/sites/transilien/files/sentinelle-20220418-h-ermontvalmondoispersan-18avril26maiet6juin.pdf"" target="""">Pour plus d'informations sur les horaires des jours fériés, cliquez ici pour télécharger l'affiche PDF.</a><br>Attention à partir du lundi 11 avril 2022 : les arrêts bus de la gare de Vaucelles et Saint-Leu la Forêt sont déplacés, pour connaître les nouveaux emplacements cliquez ici :<br>- <a href=""https://www.transilien.com/sites/transilien/files/sentinelle-20220409-h-pointdarretbus-vaucelles.pdf"" target="""">Gare de Vaucelles</a><br>- <a href=""https://www.transilien.com/sites/transilien/files/sentinelle-20220409-h-pointdarretbus-stleulaforet.pdf"" target="""">Gare de Saint-Leu la Forêt</a><br>Les horaires du calculateur d'itinéraire tiennent compte de ces travaux.﻿<br>Motif : travaux.</p>";20220701T173014;Transilien Train Transilien H;b3e5375e-f952-11ec-88d1-005056a47b86;travaux
future;Incidents;30;perturbée;SIGNIFICANT_DELAYS;20220602T200000;20220603T033000;b3e5375e-f952-11ec-88d1-005056a47b86;" / Ligne H : Paris-Persan via Valmondois 27/06 -16/12 / <p>Période : à partir de 22h30<br>Dates : du lundi 27 juin jusqu'au vendredi 16 décembre sauf les week-ends et jours fériés.<br>Le trafic est interrompu entre Paris Gare du Nord et Persan - Beaumont via Valmondois.<br>En conséquence, un service de bus de remplacement est mis en place, avec desserte des gares intermédiaires.<br><a href=""https://www.transilien.com/sites/transilien/files/sentinelle-20220701-hparisermontpersanviavalmondois-jusquau16decembre.pdf"" target="""">Pour plus d'informations sur les horaires du lundi 27 juin au vendredi 16 décembre sauf week-ends et jours fériés, cliquez ici pour télécharger l'affiche PDF.</a><br><a href=""https://www.transilien.com/sites/transilien/files/sentinelle-20220418-h-ermontvalmondoispersan-18avril26maiet6juin.pdf"" target="""">Pour plus d'informations sur les horaires des jours fériés, cliquez ici pour télécharger l'affiche PDF.</a><br>Attention à partir du lundi 11 avril 2022 : les arrêts bus de la gare de Vaucelles et Saint-Leu la Forêt sont déplacés, pour connaître les nouveaux emplacements cliquez ici :<br>- <a href=""https://www.transilien.com/sites/transilien/files/sentinelle-20220409-h-pointdarretbus-vaucelles.pdf"" target="""">Gare de Vaucelles</a><br>- <a href=""https://www.transilien.com/sites/transilien/files/sentinelle-20220409-h-pointdarretbus-stleulaforet.pdf"" target="""">Gare de Saint-Leu la Forêt</a><br>Les horaires du calculateur d'itinéraire tiennent compte de ces travaux.﻿<br>Motif : travaux.</p>";20220701T173014;Transilien Train Transilien H;b3e5375e-f952-11ec-88d1-005056a47b86;travaux
future;Incidents;30;perturbée;SIGNIFICANT_DELAYS;20220601T200000;20220602T033000;b3e5375e-f952-11ec-88d1-005056a47b86;" / Ligne H : Paris-Persan via Valmondois 27/06 -16/12 / <p>Période : à partir de 22h30<br>Dates : du lundi 27 juin jusqu'au vendredi 16 décembre sauf les week-ends et jours fériés.<br>Le trafic est interrompu entre Paris Gare du Nord et Persan - Beaumont via Valmondois.<br>En conséquence, un service de bus de remplacement est mis en place, avec desserte des gares intermédiaires.<br><a href=""https://www.transilien.com/sites/transilien/files/sentinelle-20220701-hparisermontpersanviavalmondois-jusquau16decembre.pdf"" target="""">Pour plus d'informations sur les horaires du lundi 27 juin au vendredi 16 décembre sauf week-ends et jours fériés, cliquez ici pour télécharger l'affiche PDF.</a><br><a href=""https://www.transilien.com/sites/transilien/files/sentinelle-20220418-h-ermontvalmondoispersan-18avril26maiet6juin.pdf"" target="""">Pour plus d'informations sur les horaires des jours fériés, cliquez ici pour télécharger l'affiche PDF.</a><br>Attention à partir du lundi 11 avril 2022 : les arrêts bus de la gare de Vaucelles et Saint-Leu la Forêt sont déplacés, pour connaître les nouveaux emplacements cliquez ici :<br>- <a href=""https://www.transilien.com/sites/transilien/files/sentinelle-20220409-h-pointdarretbus-vaucelles.pdf"" target="""">Gare de Vaucelles</a><br>- <a href=""https://www.transilien.com/sites/transilien/files/sentinelle-20220409-h-pointdarretbus-stleulaforet.pdf"" target="""">Gare de Saint-Leu la Forêt</a><br>Les horaires du calculateur d'itinéraire tiennent compte de ces travaux.﻿<br>Motif : travaux.</p>";20220701T173014;Transilien Train Transilien H;b3e5375e-f952-11ec-88d1-005056a47b86;travaux
future;Incidents;30;perturbée;SIGNIFICANT_DELAYS;20220531T200000;20220601T033000;b3e5375e-f952-11ec-88d1-005056a47b86;" / Ligne H : Paris-Persan via Valmondois 27/06 -16/12 / <p>Période : à partir de 22h30<br>Dates : du lundi 27 juin jusqu'au vendredi 16 décembre sauf les week-ends et jours fériés.<br>Le trafic est interrompu entre Paris Gare du Nord et Persan - Beaumont via Valmondois.<br>En conséquence, un service de bus de remplacement est mis en place, avec desserte des gares intermédiaires.<br><a href=""https://www.transilien.com/sites/transilien/files/sentinelle-20220701-hparisermontpersanviavalmondois-jusquau16decembre.pdf"" target="""">Pour plus d'informations sur les horaires du lundi 27 juin au vendredi 16 décembre sauf week-ends et jours fériés, cliquez ici pour télécharger l'affiche PDF.</a><br><a href=""https://www.transilien.com/sites/transilien/files/sentinelle-20220418-h-ermontvalmondoispersan-18avril26maiet6juin.pdf"" target="""">Pour plus d'informations sur les horaires des jours fériés, cliquez ici pour télécharger l'affiche PDF.</a><br>Attention à partir du lundi 11 avril 2022 : les arrêts bus de la gare de Vaucelles et Saint-Leu la Forêt sont déplacés, pour connaître les nouveaux emplacements cliquez ici :<br>- <a href=""https://www.transilien.com/sites/transilien/files/sentinelle-20220409-h-pointdarretbus-vaucelles.pdf"" target="""">Gare de Vaucelles</a><br>- <a href=""https://www.transilien.com/sites/transilien/files/sentinelle-20220409-h-pointdarretbus-stleulaforet.pdf"" target="""">Gare de Saint-Leu la Forêt</a><br>Les horaires du calculateur d'itinéraire tiennent compte de ces travaux.﻿<br>Motif : travaux.</p>";20220701T173014;Transilien Train Transilien H;b3e5375e-f952-11ec-88d1-005056a47b86;travaux
future;Incidents;30;perturbée;SIGNIFICANT_DELAYS;20220527T200000;20220528T033000;b3e5375e-f952-11ec-88d1-005056a47b86;" / Ligne H : Paris-Persan via Valmondois 27/06 -16/12 / <p>Période : à partir de 22h30<br>Dates : du lundi 27 juin jusqu'au vendredi 16 décembre sauf les week-ends et jours fériés.<br>Le trafic est interrompu entre Paris Gare du Nord et Persan - Beaumont via Valmondois.<br>En conséquence, un service de bus de remplacement est mis en place, avec desserte des gares intermédiaires.<br><a href=""https://www.transilien.com/sites/transilien/files/sentinelle-20220701-hparisermontpersanviavalmondois-jusquau16decembre.pdf"" target="""">Pour plus d'informations sur les horaires du lundi 27 juin au vendredi 16 décembre sauf week-ends et jours fériés, cliquez ici pour télécharger l'affiche PDF.</a><br><a href=""https://www.transilien.com/sites/transilien/files/sentinelle-20220418-h-ermontvalmondoispersan-18avril26maiet6juin.pdf"" target="""">Pour plus d'informations sur les horaires des jours fériés, cliquez ici pour télécharger l'affiche PDF.</a><br>Attention à partir du lundi 11 avril 2022 : les arrêts bus de la gare de Vaucelles et Saint-Leu la Forêt sont déplacés, pour connaître les nouveaux emplacements cliquez ici :<br>- <a href=""https://www.transilien.com/sites/transilien/files/sentinelle-20220409-h-pointdarretbus-vaucelles.pdf"" target="""">Gare de Vaucelles</a><br>- <a href=""https://www.transilien.com/sites/transilien/files/sentinelle-20220409-h-pointdarretbus-stleulaforet.pdf"" target="""">Gare de Saint-Leu la Forêt</a><br>Les horaires du calculateur d'itinéraire tiennent compte de ces travaux.﻿<br>Motif : travaux.</p>";20220701T173014;Transilien Train Transilien H;b3e5375e-f952-11ec-88d1-005056a47b86;travaux
future;Incidents;30;perturbée;SIGNIFICANT_DELAYS;20220526T200000;20220527T033000;b3e5375e-f952-11ec-88d1-005056a47b86;" / Ligne H : Paris-Persan via Valmondois 27/06 -16/12 / <p>Période : à partir de 22h30<br>Dates : du lundi 27 juin jusqu'au vendredi 16 décembre sauf les week-ends et jours fériés.<br>Le trafic est interrompu entre Paris Gare du Nord et Persan - Beaumont via Valmondois.<br>En conséquence, un service de bus de remplacement est mis en place, avec desserte des gares intermédiaires.<br><a href=""https://www.transilien.com/sites/transilien/files/sentinelle-20220701-hparisermontpersanviavalmondois-jusquau16decembre.pdf"" target="""">Pour plus d'informations sur les horaires du lundi 27 juin au vendredi 16 décembre sauf week-ends et jours fériés, cliquez ici pour télécharger l'affiche PDF.</a><br><a href=""https://www.transilien.com/sites/transilien/files/sentinelle-20220418-h-ermontvalmondoispersan-18avril26maiet6juin.pdf"" target="""">Pour plus d'informations sur les horaires des jours fériés, cliquez ici pour télécharger l'affiche PDF.</a><br>Attention à partir du lundi 11 avril 2022 : les arrêts bus de la gare de Vaucelles et Saint-Leu la Forêt sont déplacés, pour connaître les nouveaux emplacements cliquez ici :<br>- <a href=""https://www.transilien.com/sites/transilien/files/sentinelle-20220409-h-pointdarretbus-vaucelles.pdf"" target="""">Gare de Vaucelles</a><br>- <a href=""https://www.transilien.com/sites/transilien/files/sentinelle-20220409-h-pointdarretbus-stleulaforet.pdf"" target="""">Gare de Saint-Leu la Forêt</a><br>Les horaires du calculateur d'itinéraire tiennent compte de ces travaux.﻿<br>Motif : travaux.</p>";20220701T173014;Transilien Train Transilien H;b3e5375e-f952-11ec-88d1-005056a47b86;travaux
future;Incidents;30;perturbée;SIGNIFICANT_DELAYS;20220525T200000;20220526T033000;b3e5375e-f952-11ec-88d1-005056a47b86;" / Ligne H : Paris-Persan via Valmondois 27/06 -16/12 / <p>Période : à partir de 22h30<br>Dates : du lundi 27 juin jusqu'au vendredi 16 décembre sauf les week-ends et jours fériés.<br>Le trafic est interrompu entre Paris Gare du Nord et Persan - Beaumont via Valmondois.<br>En conséquence, un service de bus de remplacement est mis en place, avec desserte des gares intermédiaires.<br><a href=""https://www.transilien.com/sites/transilien/files/sentinelle-20220701-hparisermontpersanviavalmondois-jusquau16decembre.pdf"" target="""">Pour plus d'informations sur les horaires du lundi 27 juin au vendredi 16 décembre sauf week-ends et jours fériés, cliquez ici pour télécharger l'affiche PDF.</a><br><a href=""https://www.transilien.com/sites/transilien/files/sentinelle-20220418-h-ermontvalmondoispersan-18avril26maiet6juin.pdf"" target="""">Pour plus d'informations sur les horaires des jours fériés, cliquez ici pour télécharger l'affiche PDF.</a><br>Attention à partir du lundi 11 avril 2022 : les arrêts bus de la gare de Vaucelles et Saint-Leu la Forêt sont déplacés, pour connaître les nouveaux emplacements cliquez ici :<br>- <a href=""https://www.transilien.com/sites/transilien/files/sentinelle-20220409-h-pointdarretbus-vaucelles.pdf"" target="""">Gare de Vaucelles</a><br>- <a href=""https://www.transilien.com/sites/transilien/files/sentinelle-20220409-h-pointdarretbus-stleulaforet.pdf"" target="""">Gare de Saint-Leu la Forêt</a><br>Les horaires du calculateur d'itinéraire tiennent compte de ces travaux.﻿<br>Motif : travaux.</p>";20220701T173014;Transilien Train Transilien H;b3e5375e-f952-11ec-88d1-005056a47b86;travaux
future;Incidents;30;perturbée;SIGNIFICANT_DELAYS;20220523T200000;20220524T033000;b3e5375e-f952-11ec-88d1-005056a47b86;" / Ligne H : Paris-Persan via Valmondois 27/06 -16/12 / <p>Période : à partir de 22h30<br>Dates : du lundi 27 juin jusqu'au vendredi 16 décembre sauf les week-ends et jours fériés.<br>Le trafic est interrompu entre Paris Gare du Nord et Persan - Beaumont via Valmondois.<br>En conséquence, un service de bus de remplacement est mis en place, avec desserte des gares intermédiaires.<br><a href=""https://www.transilien.com/sites/transilien/files/sentinelle-20220701-hparisermontpersanviavalmondois-jusquau16decembre.pdf"" target="""">Pour plus d'informations sur les horaires du lundi 27 juin au vendredi 16 décembre sauf week-ends et jours fériés, cliquez ici pour télécharger l'affiche PDF.</a><br><a href=""https://www.transilien.com/sites/transilien/files/sentinelle-20220418-h-ermontvalmondoispersan-18avril26maiet6juin.pdf"" target="""">Pour plus d'informations sur les horaires des jours fériés, cliquez ici pour télécharger l'affiche PDF.</a><br>Attention à partir du lundi 11 avril 2022 : les arrêts bus de la gare de Vaucelles et Saint-Leu la Forêt sont déplacés, pour connaître les nouveaux emplacements cliquez ici :<br>- <a href=""https://www.transilien.com/sites/transilien/files/sentinelle-20220409-h-pointdarretbus-vaucelles.pdf"" target="""">Gare de Vaucelles</a><br>- <a href=""https://www.transilien.com/sites/transilien/files/sentinelle-20220409-h-pointdarretbus-stleulaforet.pdf"" target="""">Gare de Saint-Leu la Forêt</a><br>Les horaires du calculateur d'itinéraire tiennent compte de ces travaux.﻿<br>Motif : travaux.</p>";20220701T173014;Transilien Train Transilien H;b3e5375e-f952-11ec-88d1-005056a47b86;travaux
future;Incidents;30;perturbée;SIGNIFICANT_DELAYS;20220520T200000;20220521T033000;b3e5375e-f952-11ec-88d1-005056a47b86;" / Ligne H : Paris-Persan via Valmondois 27/06 -16/12 / <p>Période : à partir de 22h30<br>Dates : du lundi 27 juin jusqu'au vendredi 16 décembre sauf les week-ends et jours fériés.<br>Le trafic est interrompu entre Paris Gare du Nord et Persan - Beaumont via Valmondois.<br>En conséquence, un service de bus de remplacement est mis en place, avec desserte des gares intermédiaires.<br><a href=""https://www.transilien.com/sites/transilien/files/sentinelle-20220701-hparisermontpersanviavalmondois-jusquau16decembre.pdf"" target="""">Pour plus d'informations sur les horaires du lundi 27 juin au vendredi 16 décembre sauf week-ends et jours fériés, cliquez ici pour télécharger l'affiche PDF.</a><br><a href=""https://www.transilien.com/sites/transilien/files/sentinelle-20220418-h-ermontvalmondoispersan-18avril26maiet6juin.pdf"" target="""">Pour plus d'informations sur les horaires des jours fériés, cliquez ici pour télécharger l'affiche PDF.</a><br>Attention à partir du lundi 11 avril 2022 : les arrêts bus de la gare de Vaucelles et Saint-Leu la Forêt sont déplacés, pour connaître les nouveaux emplacements cliquez ici :<br>- <a href=""https://www.transilien.com/sites/transilien/files/sentinelle-20220409-h-pointdarretbus-vaucelles.pdf"" target="""">Gare de Vaucelles</a><br>- <a href=""https://www.transilien.com/sites/transilien/files/sentinelle-20220409-h-pointdarretbus-stleulaforet.pdf"" target="""">Gare de Saint-Leu la Forêt</a><br>Les horaires du calculateur d'itinéraire tiennent compte de ces travaux.﻿<br>Motif : travaux.</p>";20220701T173014;Transilien Train Transilien H;b3e5375e-f952-11ec-88d1-005056a47b86;travaux
future;Incidents;30;perturbée;SIGNIFICANT_DELAYS;20220519T200000;20220520T033000;b3e5375e-f952-11ec-88d1-005056a47b86;" / Ligne H : Paris-Persan via Valmondois 27/06 -16/12 / <p>Période : à partir de 22h30<br>Dates : du lundi 27 juin jusqu'au vendredi 16 décembre sauf les week-ends et jours fériés.<br>Le trafic est interrompu entre Paris Gare du Nord et Persan - Beaumont via Valmondois.<br>En conséquence, un service de bus de remplacement est mis en place, avec desserte des gares intermédiaires.<br><a href=""https://www.transilien.com/sites/transilien/files/sentinelle-20220701-hparisermontpersanviavalmondois-jusquau16decembre.pdf"" target="""">Pour plus d'informations sur les horaires du lundi 27 juin au vendredi 16 décembre sauf week-ends et jours fériés, cliquez ici pour télécharger l'affiche PDF.</a><br><a href=""https://www.transilien.com/sites/transilien/files/sentinelle-20220418-h-ermontvalmondoispersan-18avril26maiet6juin.pdf"" target="""">Pour plus d'informations sur les horaires des jours fériés, cliquez ici pour télécharger l'affiche PDF.</a><br>Attention à partir du lundi 11 avril 2022 : les arrêts bus de la gare de Vaucelles et Saint-Leu la Forêt sont déplacés, pour connaître les nouveaux emplacements cliquez ici :<br>- <a href=""https://www.transilien.com/sites/transilien/files/sentinelle-20220409-h-pointdarretbus-vaucelles.pdf"" target="""">Gare de Vaucelles</a><br>- <a href=""https://www.transilien.com/sites/transilien/files/sentinelle-20220409-h-pointdarretbus-stleulaforet.pdf"" target="""">Gare de Saint-Leu la Forêt</a><br>Les horaires du calculateur d'itinéraire tiennent compte de ces travaux.﻿<br>Motif : travaux.</p>";20220701T173014;Transilien Train Transilien H;b3e5375e-f952-11ec-88d1-005056a47b86;travaux
future;Incidents;30;perturbée;SIGNIFICANT_DELAYS;20220517T200000;20220518T033000;b3e5375e-f952-11ec-88d1-005056a47b86;" / Ligne H : Paris-Persan via Valmondois 27/06 -16/12 / <p>Période : à partir de 22h30<br>Dates : du lundi 27 juin jusqu'au vendredi 16 décembre sauf les week-ends et jours fériés.<br>Le trafic est interrompu entre Paris Gare du Nord et Persan - Beaumont via Valmondois.<br>En conséquence, un service de bus de remplacement est mis en place, avec desserte des gares intermédiaires.<br><a href=""https://www.transilien.com/sites/transilien/files/sentinelle-20220701-hparisermontpersanviavalmondois-jusquau16decembre.pdf"" target="""">Pour plus d'informations sur les horaires du lundi 27 juin au vendredi 16 décembre sauf week-ends et jours fériés, cliquez ici pour télécharger l'affiche PDF.</a><br><a href=""https://www.transilien.com/sites/transilien/files/sentinelle-20220418-h-ermontvalmondoispersan-18avril26maiet6juin.pdf"" target="""">Pour plus d'informations sur les horaires des jours fériés, cliquez ici pour télécharger l'affiche PDF.</a><br>Attention à partir du lundi 11 avril 2022 : les arrêts bus de la gare de Vaucelles et Saint-Leu la Forêt sont déplacés, pour connaître les nouveaux emplacements cliquez ici :<br>- <a href=""https://www.transilien.com/sites/transilien/files/sentinelle-20220409-h-pointdarretbus-vaucelles.pdf"" target="""">Gare de Vaucelles</a><br>- <a href=""https://www.transilien.com/sites/transilien/files/sentinelle-20220409-h-pointdarretbus-stleulaforet.pdf"" target="""">Gare de Saint-Leu la Forêt</a><br>Les horaires du calculateur d'itinéraire tiennent compte de ces travaux.﻿<br>Motif : travaux.</p>";20220701T173014;Transilien Train Transilien H;b3e5375e-f952-11ec-88d1-005056a47b86;travaux
future;Incidents;30;perturbée;SIGNIFICANT_DELAYS;20220516T200000;20220517T033000;b3e5375e-f952-11ec-88d1-005056a47b86;" / Ligne H : Paris-Persan via Valmondois 27/06 -16/12 / <p>Période : à partir de 22h30<br>Dates : du lundi 27 juin jusqu'au vendredi 16 décembre sauf les week-ends et jours fériés.<br>Le trafic est interrompu entre Paris Gare du Nord et Persan - Beaumont via Valmondois.<br>En conséquence, un service de bus de remplacement est mis en place, avec desserte des gares intermédiaires.<br><a href=""https://www.transilien.com/sites/transilien/files/sentinelle-20220701-hparisermontpersanviavalmondois-jusquau16decembre.pdf"" target="""">Pour plus d'informations sur les horaires du lundi 27 juin au vendredi 16 décembre sauf week-ends et jours fériés, cliquez ici pour télécharger l'affiche PDF.</a><br><a href=""https://www.transilien.com/sites/transilien/files/sentinelle-20220418-h-ermontvalmondoispersan-18avril26maiet6juin.pdf"" target="""">Pour plus d'informations sur les horaires des jours fériés, cliquez ici pour télécharger l'affiche PDF.</a><br>Attention à partir du lundi 11 avril 2022 : les arrêts bus de la gare de Vaucelles et Saint-Leu la Forêt sont déplacés, pour connaître les nouveaux emplacements cliquez ici :<br>- <a href=""https://www.transilien.com/sites/transilien/files/sentinelle-20220409-h-pointdarretbus-vaucelles.pdf"" target="""">Gare de Vaucelles</a><br>- <a href=""https://www.transilien.com/sites/transilien/files/sentinelle-20220409-h-pointdarretbus-stleulaforet.pdf"" target="""">Gare de Saint-Leu la Forêt</a><br>Les horaires du calculateur d'itinéraire tiennent compte de ces travaux.﻿<br>Motif : travaux.</p>";20220701T173014;Transilien Train Transilien H;b3e5375e-f952-11ec-88d1-005056a47b86;travaux
future;Incidents;30;perturbée;SIGNIFICANT_DELAYS;20220513T200000;20220514T033000;b3e5375e-f952-11ec-88d1-005056a47b86;" / Ligne H : Paris-Persan via Valmondois 27/06 -16/12 / <p>Période : à partir de 22h30<br>Dates : du lundi 27 juin jusqu'au vendredi 16 décembre sauf les week-ends et jours fériés.<br>Le trafic est interrompu entre Paris Gare du Nord et Persan - Beaumont via Valmondois.<br>En conséquence, un service de bus de remplacement est mis en place, avec desserte des gares intermédiaires.<br><a href=""https://www.transilien.com/sites/transilien/files/sentinelle-20220701-hparisermontpersanviavalmondois-jusquau16decembre.pdf"" target="""">Pour plus d'informations sur les horaires du lundi 27 juin au vendredi 16 décembre sauf week-ends et jours fériés, cliquez ici pour télécharger l'affiche PDF.</a><br><a href=""https://www.transilien.com/sites/transilien/files/sentinelle-20220418-h-ermontvalmondoispersan-18avril26maiet6juin.pdf"" target="""">Pour plus d'informations sur les horaires des jours fériés, cliquez ici pour télécharger l'affiche PDF.</a><br>Attention à partir du lundi 11 avril 2022 : les arrêts bus de la gare de Vaucelles et Saint-Leu la Forêt sont déplacés, pour connaître les nouveaux emplacements cliquez ici :<br>- <a href=""https://www.transilien.com/sites/transilien/files/sentinelle-20220409-h-pointdarretbus-vaucelles.pdf"" target="""">Gare de Vaucelles</a><br>- <a href=""https://www.transilien.com/sites/transilien/files/sentinelle-20220409-h-pointdarretbus-stleulaforet.pdf"" target="""">Gare de Saint-Leu la Forêt</a><br>Les horaires du calculateur d'itinéraire tiennent compte de ces travaux.﻿<br>Motif : travaux.</p>";20220701T173014;Transilien Train Transilien H;b3e5375e-f952-11ec-88d1-005056a47b86;travaux
future;Incidents;30;perturbée;SIGNIFICANT_DELAYS;20220512T200000;20220513T033000;b3e5375e-f952-11ec-88d1-005056a47b86;" / Ligne H : Paris-Persan via Valmondois 27/06 -16/12 / <p>Période : à partir de 22h30<br>Dates : du lundi 27 juin jusqu'au vendredi 16 décembre sauf les week-ends et jours fériés.<br>Le trafic est interrompu entre Paris Gare du Nord et Persan - Beaumont via Valmondois.<br>En conséquence, un service de bus de remplacement est mis en place, avec desserte des gares intermédiaires.<br><a href=""https://www.transilien.com/sites/transilien/files/sentinelle-20220701-hparisermontpersanviavalmondois-jusquau16decembre.pdf"" target="""">Pour plus d'informations sur les horaires du lundi 27 juin au vendredi 16 décembre sauf week-ends et jours fériés, cliquez ici pour télécharger l'affiche PDF.</a><br><a href=""https://www.transilien.com/sites/transilien/files/sentinelle-20220418-h-ermontvalmondoispersan-18avril26maiet6juin.pdf"" target="""">Pour plus d'informations sur les horaires des jours fériés, cliquez ici pour télécharger l'affiche PDF.</a><br>Attention à partir du lundi 11 avril 2022 : les arrêts bus de la gare de Vaucelles et Saint-Leu la Forêt sont déplacés, pour connaître les nouveaux emplacements cliquez ici :<br>- <a href=""https://www.transilien.com/sites/transilien/files/sentinelle-20220409-h-pointdarretbus-vaucelles.pdf"" target="""">Gare de Vaucelles</a><br>- <a href=""https://www.transilien.com/sites/transilien/files/sentinelle-20220409-h-pointdarretbus-stleulaforet.pdf"" target="""">Gare de Saint-Leu la Forêt</a><br>Les horaires du calculateur d'itinéraire tiennent compte de ces travaux.﻿<br>Motif : travaux.</p>";20220701T173014;Transilien Train Transilien H;b3e5375e-f952-11ec-88d1-005056a47b86;travaux
future;Incidents;30;perturbée;SIGNIFICANT_DELAYS;20220511T200000;20220512T033000;b3e5375e-f952-11ec-88d1-005056a47b86;" / Ligne H : Paris-Persan via Valmondois 27/06 -16/12 / <p>Période : à partir de 22h30<br>Dates : du lundi 27 juin jusqu'au vendredi 16 décembre sauf les week-ends et jours fériés.<br>Le trafic est interrompu entre Paris Gare du Nord et Persan - Beaumont via Valmondois.<br>En conséquence, un service de bus de remplacement est mis en place, avec desserte des gares intermédiaires.<br><a href=""https://www.transilien.com/sites/transilien/files/sentinelle-20220701-hparisermontpersanviavalmondois-jusquau16decembre.pdf"" target="""">Pour plus d'informations sur les horaires du lundi 27 juin au vendredi 16 décembre sauf week-ends et jours fériés, cliquez ici pour télécharger l'affiche PDF.</a><br><a href=""https://www.transilien.com/sites/transilien/files/sentinelle-20220418-h-ermontvalmondoispersan-18avril26maiet6juin.pdf"" target="""">Pour plus d'informations sur les horaires des jours fériés, cliquez ici pour télécharger l'affiche PDF.</a><br>Attention à partir du lundi 11 avril 2022 : les arrêts bus de la gare de Vaucelles et Saint-Leu la Forêt sont déplacés, pour connaître les nouveaux emplacements cliquez ici :<br>- <a href=""https://www.transilien.com/sites/transilien/files/sentinelle-20220409-h-pointdarretbus-vaucelles.pdf"" target="""">Gare de Vaucelles</a><br>- <a href=""https://www.transilien.com/sites/transilien/files/sentinelle-20220409-h-pointdarretbus-stleulaforet.pdf"" target="""">Gare de Saint-Leu la Forêt</a><br>Les horaires du calculateur d'itinéraire tiennent compte de ces travaux.﻿<br>Motif : travaux.</p>";20220701T173014;Transilien Train Transilien H;b3e5375e-f952-11ec-88d1-005056a47b86;travaux
future;Incidents;30;perturbée;SIGNIFICANT_DELAYS;20220510T200000;20220511T033000;b3e5375e-f952-11ec-88d1-005056a47b86;" / Ligne H : Paris-Persan via Valmondois 27/06 -16/12 / <p>Période : à partir de 22h30<br>Dates : du lundi 27 juin jusqu'au vendredi 16 décembre sauf les week-ends et jours fériés.<br>Le trafic est interrompu entre Paris Gare du Nord et Persan - Beaumont via Valmondois.<br>En conséquence, un service de bus de remplacement est mis en place, avec desserte des gares intermédiaires.<br><a href=""https://www.transilien.com/sites/transilien/files/sentinelle-20220701-hparisermontpersanviavalmondois-jusquau16decembre.pdf"" target="""">Pour plus d'informations sur les horaires du lundi 27 juin au vendredi 16 décembre sauf week-ends et jours fériés, cliquez ici pour télécharger l'affiche PDF.</a><br><a href=""https://www.transilien.com/sites/transilien/files/sentinelle-20220418-h-ermontvalmondoispersan-18avril26maiet6juin.pdf"" target="""">Pour plus d'informations sur les horaires des jours fériés, cliquez ici pour télécharger l'affiche PDF.</a><br>Attention à partir du lundi 11 avril 2022 : les arrêts bus de la gare de Vaucelles et Saint-Leu la Forêt sont déplacés, pour connaître les nouveaux emplacements cliquez ici :<br>- <a href=""https://www.transilien.com/sites/transilien/files/sentinelle-20220409-h-pointdarretbus-vaucelles.pdf"" target="""">Gare de Vaucelles</a><br>- <a href=""https://www.transilien.com/sites/transilien/files/sentinelle-20220409-h-pointdarretbus-stleulaforet.pdf"" target="""">Gare de Saint-Leu la Forêt</a><br>Les horaires du calculateur d'itinéraire tiennent compte de ces travaux.﻿<br>Motif : travaux.</p>";20220701T173014;Transilien Train Transilien H;b3e5375e-f952-11ec-88d1-005056a47b86;travaux
future;Incidents;30;perturbée;SIGNIFICANT_DELAYS;20220509T200000;20220510T033000;b3e5375e-f952-11ec-88d1-005056a47b86;" / Ligne H : Paris-Persan via Valmondois 27/06 -16/12 / <p>Période : à partir de 22h30<br>Dates : du lundi 27 juin jusqu'au vendredi 16 décembre sauf les week-ends et jours fériés.<br>Le trafic est interrompu entre Paris Gare du Nord et Persan - Beaumont via Valmondois.<br>En conséquence, un service de bus de remplacement est mis en place, avec desserte des gares intermédiaires.<br><a href=""https://www.transilien.com/sites/transilien/files/sentinelle-20220701-hparisermontpersanviavalmondois-jusquau16decembre.pdf"" target="""">Pour plus d'informations sur les horaires du lundi 27 juin au vendredi 16 décembre sauf week-ends et jours fériés, cliquez ici pour télécharger l'affiche PDF.</a><br><a href=""https://www.transilien.com/sites/transilien/files/sentinelle-20220418-h-ermontvalmondoispersan-18avril26maiet6juin.pdf"" target="""">Pour plus d'informations sur les horaires des jours fériés, cliquez ici pour télécharger l'affiche PDF.</a><br>Attention à partir du lundi 11 avril 2022 : les arrêts bus de la gare de Vaucelles et Saint-Leu la Forêt sont déplacés, pour connaître les nouveaux emplacements cliquez ici :<br>- <a href=""https://www.transilien.com/sites/transilien/files/sentinelle-20220409-h-pointdarretbus-vaucelles.pdf"" target="""">Gare de Vaucelles</a><br>- <a href=""https://www.transilien.com/sites/transilien/files/sentinelle-20220409-h-pointdarretbus-stleulaforet.pdf"" target="""">Gare de Saint-Leu la Forêt</a><br>Les horaires du calculateur d'itinéraire tiennent compte de ces travaux.﻿<br>Motif : travaux.</p>";20220701T173014;Transilien Train Transilien H;b3e5375e-f952-11ec-88d1-005056a47b86;travaux
future;Incidents;30;perturbée;SIGNIFICANT_DELAYS;20220505T200000;20220506T033000;b3e5375e-f952-11ec-88d1-005056a47b86;" / Ligne H : Paris-Persan via Valmondois 27/06 -16/12 / <p>Période : à partir de 22h30<br>Dates : du lundi 27 juin jusqu'au vendredi 16 décembre sauf les week-ends et jours fériés.<br>Le trafic est interrompu entre Paris Gare du Nord et Persan - Beaumont via Valmondois.<br>En conséquence, un service de bus de remplacement est mis en place, avec desserte des gares intermédiaires.<br><a href=""https://www.transilien.com/sites/transilien/files/sentinelle-20220701-hparisermontpersanviavalmondois-jusquau16decembre.pdf"" target="""">Pour plus d'informations sur les horaires du lundi 27 juin au vendredi 16 décembre sauf week-ends et jours fériés, cliquez ici pour télécharger l'affiche PDF.</a><br><a href=""https://www.transilien.com/sites/transilien/files/sentinelle-20220418-h-ermontvalmondoispersan-18avril26maiet6juin.pdf"" target="""">Pour plus d'informations sur les horaires des jours fériés, cliquez ici pour télécharger l'affiche PDF.</a><br>Attention à partir du lundi 11 avril 2022 : les arrêts bus de la gare de Vaucelles et Saint-Leu la Forêt sont déplacés, pour connaître les nouveaux emplacements cliquez ici :<br>- <a href=""https://www.transilien.com/sites/transilien/files/sentinelle-20220409-h-pointdarretbus-vaucelles.pdf"" target="""">Gare de Vaucelles</a><br>- <a href=""https://www.transilien.com/sites/transilien/files/sentinelle-20220409-h-pointdarretbus-stleulaforet.pdf"" target="""">Gare de Saint-Leu la Forêt</a><br>Les horaires du calculateur d'itinéraire tiennent compte de ces travaux.﻿<br>Motif : travaux.</p>";20220701T173014;Transilien Train Transilien H;b3e5375e-f952-11ec-88d1-005056a47b86;travaux
future;Incidents;30;perturbée;SIGNIFICANT_DELAYS;20220504T200000;20220505T033000;b3e5375e-f952-11ec-88d1-005056a47b86;" / Ligne H : Paris-Persan via Valmondois 27/06 -16/12 / <p>Période : à partir de 22h30<br>Dates : du lundi 27 juin jusqu'au vendredi 16 décembre sauf les week-ends et jours fériés.<br>Le trafic est interrompu entre Paris Gare du Nord et Persan - Beaumont via Valmondois.<br>En conséquence, un service de bus de remplacement est mis en place, avec desserte des gares intermédiaires.<br><a href=""https://www.transilien.com/sites/transilien/files/sentinelle-20220701-hparisermontpersanviavalmondois-jusquau16decembre.pdf"" target="""">Pour plus d'informations sur les horaires du lundi 27 juin au vendredi 16 décembre sauf week-ends et jours fériés, cliquez ici pour télécharger l'affiche PDF.</a><br><a href=""https://www.transilien.com/sites/transilien/files/sentinelle-20220418-h-ermontvalmondoispersan-18avril26maiet6juin.pdf"" target="""">Pour plus d'informations sur les horaires des jours fériés, cliquez ici pour télécharger l'affiche PDF.</a><br>Attention à partir du lundi 11 avril 2022 : les arrêts bus de la gare de Vaucelles et Saint-Leu la Forêt sont déplacés, pour connaître les nouveaux emplacements cliquez ici :<br>- <a href=""https://www.transilien.com/sites/transilien/files/sentinelle-20220409-h-pointdarretbus-vaucelles.pdf"" target="""">Gare de Vaucelles</a><br>- <a href=""https://www.transilien.com/sites/transilien/files/sentinelle-20220409-h-pointdarretbus-stleulaforet.pdf"" target="""">Gare de Saint-Leu la Forêt</a><br>Les horaires du calculateur d'itinéraire tiennent compte de ces travaux.﻿<br>Motif : travaux.</p>";20220701T173014;Transilien Train Transilien H;b3e5375e-f952-11ec-88d1-005056a47b86;travaux
future;Incidents;30;perturbée;SIGNIFICANT_DELAYS;20220503T200000;20220504T033000;b3e5375e-f952-11ec-88d1-005056a47b86;" / Ligne H : Paris-Persan via Valmondois 27/06 -16/12 / <p>Période : à partir de 22h30<br>Dates : du lundi 27 juin jusqu'au vendredi 16 décembre sauf les week-ends et jours fériés.<br>Le trafic est interrompu entre Paris Gare du Nord et Persan - Beaumont via Valmondois.<br>En conséquence, un service de bus de remplacement est mis en place, avec desserte des gares intermédiaires.<br><a href=""https://www.transilien.com/sites/transilien/files/sentinelle-20220701-hparisermontpersanviavalmondois-jusquau16decembre.pdf"" target="""">Pour plus d'informations sur les horaires du lundi 27 juin au vendredi 16 décembre sauf week-ends et jours fériés, cliquez ici pour télécharger l'affiche PDF.</a><br><a href=""https://www.transilien.com/sites/transilien/files/sentinelle-20220418-h-ermontvalmondoispersan-18avril26maiet6juin.pdf"" target="""">Pour plus d'informations sur les horaires des jours fériés, cliquez ici pour télécharger l'affiche PDF.</a><br>Attention à partir du lundi 11 avril 2022 : les arrêts bus de la gare de Vaucelles et Saint-Leu la Forêt sont déplacés, pour connaître les nouveaux emplacements cliquez ici :<br>- <a href=""https://www.transilien.com/sites/transilien/files/sentinelle-20220409-h-pointdarretbus-vaucelles.pdf"" target="""">Gare de Vaucelles</a><br>- <a href=""https://www.transilien.com/sites/transilien/files/sentinelle-20220409-h-pointdarretbus-stleulaforet.pdf"" target="""">Gare de Saint-Leu la Forêt</a><br>Les horaires du calculateur d'itinéraire tiennent compte de ces travaux.﻿<br>Motif : travaux.</p>";20220701T173014;Transilien Train Transilien H;b3e5375e-f952-11ec-88d1-005056a47b86;travaux
future;Incidents;30;perturbée;SIGNIFICANT_DELAYS;20220429T200000;20220430T033000;b3e5375e-f952-11ec-88d1-005056a47b86;" / Ligne H : Paris-Persan via Valmondois 27/06 -16/12 / <p>Période : à partir de 22h30<br>Dates : du lundi 27 juin jusqu'au vendredi 16 décembre sauf les week-ends et jours fériés.<br>Le trafic est interrompu entre Paris Gare du Nord et Persan - Beaumont via Valmondois.<br>En conséquence, un service de bus de remplacement est mis en place, avec desserte des gares intermédiaires.<br><a href=""https://www.transilien.com/sites/transilien/files/sentinelle-20220701-hparisermontpersanviavalmondois-jusquau16decembre.pdf"" target="""">Pour plus d'informations sur les horaires du lundi 27 juin au vendredi 16 décembre sauf week-ends et jours fériés, cliquez ici pour télécharger l'affiche PDF.</a><br><a href=""https://www.transilien.com/sites/transilien/files/sentinelle-20220418-h-ermontvalmondoispersan-18avril26maiet6juin.pdf"" target="""">Pour plus d'informations sur les horaires des jours fériés, cliquez ici pour télécharger l'affiche PDF.</a><br>Attention à partir du lundi 11 avril 2022 : les arrêts bus de la gare de Vaucelles et Saint-Leu la Forêt sont déplacés, pour connaître les nouveaux emplacements cliquez ici :<br>- <a href=""https://www.transilien.com/sites/transilien/files/sentinelle-20220409-h-pointdarretbus-vaucelles.pdf"" target="""">Gare de Vaucelles</a><br>- <a href=""https://www.transilien.com/sites/transilien/files/sentinelle-20220409-h-pointdarretbus-stleulaforet.pdf"" target="""">Gare de Saint-Leu la Forêt</a><br>Les horaires du calculateur d'itinéraire tiennent compte de ces travaux.﻿<br>Motif : travaux.</p>";20220701T173014;Transilien Train Transilien H;b3e5375e-f952-11ec-88d1-005056a47b86;travaux
future;Incidents;30;perturbée;SIGNIFICANT_DELAYS;20220428T200000;20220429T033000;b3e5375e-f952-11ec-88d1-005056a47b86;" / Ligne H : Paris-Persan via Valmondois 27/06 -16/12 / <p>Période : à partir de 22h30<br>Dates : du lundi 27 juin jusqu'au vendredi 16 décembre sauf les week-ends et jours fériés.<br>Le trafic est interrompu entre Paris Gare du Nord et Persan - Beaumont via Valmondois.<br>En conséquence, un service de bus de remplacement est mis en place, avec desserte des gares intermédiaires.<br><a href=""https://www.transilien.com/sites/transilien/files/sentinelle-20220701-hparisermontpersanviavalmondois-jusquau16decembre.pdf"" target="""">Pour plus d'informations sur les horaires du lundi 27 juin au vendredi 16 décembre sauf week-ends et jours fériés, cliquez ici pour télécharger l'affiche PDF.</a><br><a href=""https://www.transilien.com/sites/transilien/files/sentinelle-20220418-h-ermontvalmondoispersan-18avril26maiet6juin.pdf"" target="""">Pour plus d'informations sur les horaires des jours fériés, cliquez ici pour télécharger l'affiche PDF.</a><br>Attention à partir du lundi 11 avril 2022 : les arrêts bus de la gare de Vaucelles et Saint-Leu la Forêt sont déplacés, pour connaître les nouveaux emplacements cliquez ici :<br>- <a href=""https://www.transilien.com/sites/transilien/files/sentinelle-20220409-h-pointdarretbus-vaucelles.pdf"" target="""">Gare de Vaucelles</a><br>- <a href=""https://www.transilien.com/sites/transilien/files/sentinelle-20220409-h-pointdarretbus-stleulaforet.pdf"" target="""">Gare de Saint-Leu la Forêt</a><br>Les horaires du calculateur d'itinéraire tiennent compte de ces travaux.﻿<br>Motif : travaux.</p>";20220701T173014;Transilien Train Transilien H;b3e5375e-f952-11ec-88d1-005056a47b86;travaux
future;Incidents;30;perturbée;SIGNIFICANT_DELAYS;20220427T200000;20220428T033000;b3e5375e-f952-11ec-88d1-005056a47b86;" / Ligne H : Paris-Persan via Valmondois 27/06 -16/12 / <p>Période : à partir de 22h30<br>Dates : du lundi 27 juin jusqu'au vendredi 16 décembre sauf les week-ends et jours fériés.<br>Le trafic est interrompu entre Paris Gare du Nord et Persan - Beaumont via Valmondois.<br>En conséquence, un service de bus de remplacement est mis en place, avec desserte des gares intermédiaires.<br><a href=""https://www.transilien.com/sites/transilien/files/sentinelle-20220701-hparisermontpersanviavalmondois-jusquau16decembre.pdf"" target="""">Pour plus d'informations sur les horaires du lundi 27 juin au vendredi 16 décembre sauf week-ends et jours fériés, cliquez ici pour télécharger l'affiche PDF.</a><br><a href=""https://www.transilien.com/sites/transilien/files/sentinelle-20220418-h-ermontvalmondoispersan-18avril26maiet6juin.pdf"" target="""">Pour plus d'informations sur les horaires des jours fériés, cliquez ici pour télécharger l'affiche PDF.</a><br>Attention à partir du lundi 11 avril 2022 : les arrêts bus de la gare de Vaucelles et Saint-Leu la Forêt sont déplacés, pour connaître les nouveaux emplacements cliquez ici :<br>- <a href=""https://www.transilien.com/sites/transilien/files/sentinelle-20220409-h-pointdarretbus-vaucelles.pdf"" target="""">Gare de Vaucelles</a><br>- <a href=""https://www.transilien.com/sites/transilien/files/sentinelle-20220409-h-pointdarretbus-stleulaforet.pdf"" target="""">Gare de Saint-Leu la Forêt</a><br>Les horaires du calculateur d'itinéraire tiennent compte de ces travaux.﻿<br>Motif : travaux.</p>";20220701T173014;Transilien Train Transilien H;b3e5375e-f952-11ec-88d1-005056a47b86;travaux
future;Incidents;30;perturbée;SIGNIFICANT_DELAYS;20220622T220000;20220623T000000;b3e5375e-f952-11ec-88d1-005056a47b86;" / Ligne H : Paris-Persan via Valmondois 27/06 -16/12 / <p>Période : à partir de 22h30<br>Dates : du lundi 27 juin jusqu'au vendredi 16 décembre sauf les week-ends et jours fériés.<br>Le trafic est interrompu entre Paris Gare du Nord et Persan - Beaumont via Valmondois.<br>En conséquence, un service de bus de remplacement est mis en place, avec desserte des gares intermédiaires.<br><a href=""https://www.transilien.com/sites/transilien/files/sentinelle-20220701-hparisermontpersanviavalmondois-jusquau16decembre.pdf"" target="""">Pour plus d'informations sur les horaires du lundi 27 juin au vendredi 16 décembre sauf week-ends et jours fériés, cliquez ici pour télécharger l'affiche PDF.</a><br><a href=""https://www.transilien.com/sites/transilien/files/sentinelle-20220418-h-ermontvalmondoispersan-18avril26maiet6juin.pdf"" target="""">Pour plus d'informations sur les horaires des jours fériés, cliquez ici pour télécharger l'affiche PDF.</a><br>Attention à partir du lundi 11 avril 2022 : les arrêts bus de la gare de Vaucelles et Saint-Leu la Forêt sont déplacés, pour connaître les nouveaux emplacements cliquez ici :<br>- <a href=""https://www.transilien.com/sites/transilien/files/sentinelle-20220409-h-pointdarretbus-vaucelles.pdf"" target="""">Gare de Vaucelles</a><br>- <a href=""https://www.transilien.com/sites/transilien/files/sentinelle-20220409-h-pointdarretbus-stleulaforet.pdf"" target="""">Gare de Saint-Leu la Forêt</a><br>Les horaires du calculateur d'itinéraire tiennent compte de ces travaux.﻿<br>Motif : travaux.</p>";20220701T173014;Transilien Train Transilien H;b3e5375e-f952-11ec-88d1-005056a47b86;travaux
future;Incidents;30;perturbée;SIGNIFICANT_DELAYS;20220425T200000;20220426T033000;b3e5375e-f952-11ec-88d1-005056a47b86;" / Ligne H : Paris-Persan via Valmondois 27/06 -16/12 / <p>Période : à partir de 22h30<br>Dates : du lundi 27 juin jusqu'au vendredi 16 décembre sauf les week-ends et jours fériés.<br>Le trafic est interrompu entre Paris Gare du Nord et Persan - Beaumont via Valmondois.<br>En conséquence, un service de bus de remplacement est mis en place, avec desserte des gares intermédiaires.<br><a href=""https://www.transilien.com/sites/transilien/files/sentinelle-20220701-hparisermontpersanviavalmondois-jusquau16decembre.pdf"" target="""">Pour plus d'informations sur les horaires du lundi 27 juin au vendredi 16 décembre sauf week-ends et jours fériés, cliquez ici pour télécharger l'affiche PDF.</a><br><a href=""https://www.transilien.com/sites/transilien/files/sentinelle-20220418-h-ermontvalmondoispersan-18avril26maiet6juin.pdf"" target="""">Pour plus d'informations sur les horaires des jours fériés, cliquez ici pour télécharger l'affiche PDF.</a><br>Attention à partir du lundi 11 avril 2022 : les arrêts bus de la gare de Vaucelles et Saint-Leu la Forêt sont déplacés, pour connaître les nouveaux emplacements cliquez ici :<br>- <a href=""https://www.transilien.com/sites/transilien/files/sentinelle-20220409-h-pointdarretbus-vaucelles.pdf"" target="""">Gare de Vaucelles</a><br>- <a href=""https://www.transilien.com/sites/transilien/files/sentinelle-20220409-h-pointdarretbus-stleulaforet.pdf"" target="""">Gare de Saint-Leu la Forêt</a><br>Les horaires du calculateur d'itinéraire tiennent compte de ces travaux.﻿<br>Motif : travaux.</p>";20220701T173014;Transilien Train Transilien H;b3e5375e-f952-11ec-88d1-005056a47b86;travaux
future;Incidents;30;perturbée;SIGNIFICANT_DELAYS;20220422T200000;20220423T033000;b3e5375e-f952-11ec-88d1-005056a47b86;" / Ligne H : Paris-Persan via Valmondois 27/06 -16/12 / <p>Période : à partir de 22h30<br>Dates : du lundi 27 juin jusqu'au vendredi 16 décembre sauf les week-ends et jours fériés.<br>Le trafic est interrompu entre Paris Gare du Nord et Persan - Beaumont via Valmondois.<br>En conséquence, un service de bus de remplacement est mis en place, avec desserte des gares intermédiaires.<br><a href=""https://www.transilien.com/sites/transilien/files/sentinelle-20220701-hparisermontpersanviavalmondois-jusquau16decembre.pdf"" target="""">Pour plus d'informations sur les horaires du lundi 27 juin au vendredi 16 décembre sauf week-ends et jours fériés, cliquez ici pour télécharger l'affiche PDF.</a><br><a href=""https://www.transilien.com/sites/transilien/files/sentinelle-20220418-h-ermontvalmondoispersan-18avril26maiet6juin.pdf"" target="""">Pour plus d'informations sur les horaires des jours fériés, cliquez ici pour télécharger l'affiche PDF.</a><br>Attention à partir du lundi 11 avril 2022 : les arrêts bus de la gare de Vaucelles et Saint-Leu la Forêt sont déplacés, pour connaître les nouveaux emplacements cliquez ici :<br>- <a href=""https://www.transilien.com/sites/transilien/files/sentinelle-20220409-h-pointdarretbus-vaucelles.pdf"" target="""">Gare de Vaucelles</a><br>- <a href=""https://www.transilien.com/sites/transilien/files/sentinelle-20220409-h-pointdarretbus-stleulaforet.pdf"" target="""">Gare de Saint-Leu la Forêt</a><br>Les horaires du calculateur d'itinéraire tiennent compte de ces travaux.﻿<br>Motif : travaux.</p>";20220701T173014;Transilien Train Transilien H;b3e5375e-f952-11ec-88d1-005056a47b86;travaux
future;Incidents;30;perturbée;SIGNIFICANT_DELAYS;20220421T200000;20220422T033000;b3e5375e-f952-11ec-88d1-005056a47b86;" / Ligne H : Paris-Persan via Valmondois 27/06 -16/12 / <p>Période : à partir de 22h30<br>Dates : du lundi 27 juin jusqu'au vendredi 16 décembre sauf les week-ends et jours fériés.<br>Le trafic est interrompu entre Paris Gare du Nord et Persan - Beaumont via Valmondois.<br>En conséquence, un service de bus de remplacement est mis en place, avec desserte des gares intermédiaires.<br><a href=""https://www.transilien.com/sites/transilien/files/sentinelle-20220701-hparisermontpersanviavalmondois-jusquau16decembre.pdf"" target="""">Pour plus d'informations sur les horaires du lundi 27 juin au vendredi 16 décembre sauf week-ends et jours fériés, cliquez ici pour télécharger l'affiche PDF.</a><br><a href=""https://www.transilien.com/sites/transilien/files/sentinelle-20220418-h-ermontvalmondoispersan-18avril26maiet6juin.pdf"" target="""">Pour plus d'informations sur les horaires des jours fériés, cliquez ici pour télécharger l'affiche PDF.</a><br>Attention à partir du lundi 11 avril 2022 : les arrêts bus de la gare de Vaucelles et Saint-Leu la Forêt sont déplacés, pour connaître les nouveaux emplacements cliquez ici :<br>- <a href=""https://www.transilien.com/sites/transilien/files/sentinelle-20220409-h-pointdarretbus-vaucelles.pdf"" target="""">Gare de Vaucelles</a><br>- <a href=""https://www.transilien.com/sites/transilien/files/sentinelle-20220409-h-pointdarretbus-stleulaforet.pdf"" target="""">Gare de Saint-Leu la Forêt</a><br>Les horaires du calculateur d'itinéraire tiennent compte de ces travaux.﻿<br>Motif : travaux.</p>";20220701T173014;Transilien Train Transilien H;b3e5375e-f952-11ec-88d1-005056a47b86;travaux
future;Incidents;30;perturbée;SIGNIFICANT_DELAYS;20220419T200000;20220420T033000;b3e5375e-f952-11ec-88d1-005056a47b86;" / Ligne H : Paris-Persan via Valmondois 27/06 -16/12 / <p>Période : à partir de 22h30<br>Dates : du lundi 27 juin jusqu'au vendredi 16 décembre sauf les week-ends et jours fériés.<br>Le trafic est interrompu entre Paris Gare du Nord et Persan - Beaumont via Valmondois.<br>En conséquence, un service de bus de remplacement est mis en place, avec desserte des gares intermédiaires.<br><a href=""https://www.transilien.com/sites/transilien/files/sentinelle-20220701-hparisermontpersanviavalmondois-jusquau16decembre.pdf"" target="""">Pour plus d'informations sur les horaires du lundi 27 juin au vendredi 16 décembre sauf week-ends et jours fériés, cliquez ici pour télécharger l'affiche PDF.</a><br><a href=""https://www.transilien.com/sites/transilien/files/sentinelle-20220418-h-ermontvalmondoispersan-18avril26maiet6juin.pdf"" target="""">Pour plus d'informations sur les horaires des jours fériés, cliquez ici pour télécharger l'affiche PDF.</a><br>Attention à partir du lundi 11 avril 2022 : les arrêts bus de la gare de Vaucelles et Saint-Leu la Forêt sont déplacés, pour connaître les nouveaux emplacements cliquez ici :<br>- <a href=""https://www.transilien.com/sites/transilien/files/sentinelle-20220409-h-pointdarretbus-vaucelles.pdf"" target="""">Gare de Vaucelles</a><br>- <a href=""https://www.transilien.com/sites/transilien/files/sentinelle-20220409-h-pointdarretbus-stleulaforet.pdf"" target="""">Gare de Saint-Leu la Forêt</a><br>Les horaires du calculateur d'itinéraire tiennent compte de ces travaux.﻿<br>Motif : travaux.</p>";20220701T173014;Transilien Train Transilien H;b3e5375e-f952-11ec-88d1-005056a47b86;travaux
future;Incidents;30;perturbée;SIGNIFICANT_DELAYS;20220418T200000;20220419T033000;b3e5375e-f952-11ec-88d1-005056a47b86;" / Ligne H : Paris-Persan via Valmondois 27/06 -16/12 / <p>Période : à partir de 22h30<br>Dates : du lundi 27 juin jusqu'au vendredi 16 décembre sauf les week-ends et jours fériés.<br>Le trafic est interrompu entre Paris Gare du Nord et Persan - Beaumont via Valmondois.<br>En conséquence, un service de bus de remplacement est mis en place, avec desserte des gares intermédiaires.<br><a href=""https://www.transilien.com/sites/transilien/files/sentinelle-20220701-hparisermontpersanviavalmondois-jusquau16decembre.pdf"" target="""">Pour plus d'informations sur les horaires du lundi 27 juin au vendredi 16 décembre sauf week-ends et jours fériés, cliquez ici pour télécharger l'affiche PDF.</a><br><a href=""https://www.transilien.com/sites/transilien/files/sentinelle-20220418-h-ermontvalmondoispersan-18avril26maiet6juin.pdf"" target="""">Pour plus d'informations sur les horaires des jours fériés, cliquez ici pour télécharger l'affiche PDF.</a><br>Attention à partir du lundi 11 avril 2022 : les arrêts bus de la gare de Vaucelles et Saint-Leu la Forêt sont déplacés, pour connaître les nouveaux emplacements cliquez ici :<br>- <a href=""https://www.transilien.com/sites/transilien/files/sentinelle-20220409-h-pointdarretbus-vaucelles.pdf"" target="""">Gare de Vaucelles</a><br>- <a href=""https://www.transilien.com/sites/transilien/files/sentinelle-20220409-h-pointdarretbus-stleulaforet.pdf"" target="""">Gare de Saint-Leu la Forêt</a><br>Les horaires du calculateur d'itinéraire tiennent compte de ces travaux.﻿<br>Motif : travaux.</p>";20220701T173014;Transilien Train Transilien H;b3e5375e-f952-11ec-88d1-005056a47b86;travaux
future;Incidents;30;perturbée;SIGNIFICANT_DELAYS;20220415T200000;20220416T033000;b3e5375e-f952-11ec-88d1-005056a47b86;" / Ligne H : Paris-Persan via Valmondois 27/06 -16/12 / <p>Période : à partir de 22h30<br>Dates : du lundi 27 juin jusqu'au vendredi 16 décembre sauf les week-ends et jours fériés.<br>Le trafic est interrompu entre Paris Gare du Nord et Persan - Beaumont via Valmondois.<br>En conséquence, un service de bus de remplacement est mis en place, avec desserte des gares intermédiaires.<br><a href=""https://www.transilien.com/sites/transilien/files/sentinelle-20220701-hparisermontpersanviavalmondois-jusquau16decembre.pdf"" target="""">Pour plus d'informations sur les horaires du lundi 27 juin au vendredi 16 décembre sauf week-ends et jours fériés, cliquez ici pour télécharger l'affiche PDF.</a><br><a href=""https://www.transilien.com/sites/transilien/files/sentinelle-20220418-h-ermontvalmondoispersan-18avril26maiet6juin.pdf"" target="""">Pour plus d'informations sur les horaires des jours fériés, cliquez ici pour télécharger l'affiche PDF.</a><br>Attention à partir du lundi 11 avril 2022 : les arrêts bus de la gare de Vaucelles et Saint-Leu la Forêt sont déplacés, pour connaître les nouveaux emplacements cliquez ici :<br>- <a href=""https://www.transilien.com/sites/transilien/files/sentinelle-20220409-h-pointdarretbus-vaucelles.pdf"" target="""">Gare de Vaucelles</a><br>- <a href=""https://www.transilien.com/sites/transilien/files/sentinelle-20220409-h-pointdarretbus-stleulaforet.pdf"" target="""">Gare de Saint-Leu la Forêt</a><br>Les horaires du calculateur d'itinéraire tiennent compte de ces travaux.﻿<br>Motif : travaux.</p>";20220701T173014;Transilien Train Transilien H;b3e5375e-f952-11ec-88d1-005056a47b86;travaux
future;Incidents;30;perturbée;SIGNIFICANT_DELAYS;20220413T200000;20220414T033000;b3e5375e-f952-11ec-88d1-005056a47b86;" / Ligne H : Paris-Persan via Valmondois 27/06 -16/12 / <p>Période : à partir de 22h30<br>Dates : du lundi 27 juin jusqu'au vendredi 16 décembre sauf les week-ends et jours fériés.<br>Le trafic est interrompu entre Paris Gare du Nord et Persan - Beaumont via Valmondois.<br>En conséquence, un service de bus de remplacement est mis en place, avec desserte des gares intermédiaires.<br><a href=""https://www.transilien.com/sites/transilien/files/sentinelle-20220701-hparisermontpersanviavalmondois-jusquau16decembre.pdf"" target="""">Pour plus d'informations sur les horaires du lundi 27 juin au vendredi 16 décembre sauf week-ends et jours fériés, cliquez ici pour télécharger l'affiche PDF.</a><br><a href=""https://www.transilien.com/sites/transilien/files/sentinelle-20220418-h-ermontvalmondoispersan-18avril26maiet6juin.pdf"" target="""">Pour plus d'informations sur les horaires des jours fériés, cliquez ici pour télécharger l'affiche PDF.</a><br>Attention à partir du lundi 11 avril 2022 : les arrêts bus de la gare de Vaucelles et Saint-Leu la Forêt sont déplacés, pour connaître les nouveaux emplacements cliquez ici :<br>- <a href=""https://www.transilien.com/sites/transilien/files/sentinelle-20220409-h-pointdarretbus-vaucelles.pdf"" target="""">Gare de Vaucelles</a><br>- <a href=""https://www.transilien.com/sites/transilien/files/sentinelle-20220409-h-pointdarretbus-stleulaforet.pdf"" target="""">Gare de Saint-Leu la Forêt</a><br>Les horaires du calculateur d'itinéraire tiennent compte de ces travaux.﻿<br>Motif : travaux.</p>";20220701T173014;Transilien Train Transilien H;b3e5375e-f952-11ec-88d1-005056a47b86;travaux
future;Incidents;30;perturbée;SIGNIFICANT_DELAYS;20220412T200000;20220413T033000;b3e5375e-f952-11ec-88d1-005056a47b86;" / Ligne H : Paris-Persan via Valmondois 27/06 -16/12 / <p>Période : à partir de 22h30<br>Dates : du lundi 27 juin jusqu'au vendredi 16 décembre sauf les week-ends et jours fériés.<br>Le trafic est interrompu entre Paris Gare du Nord et Persan - Beaumont via Valmondois.<br>En conséquence, un service de bus de remplacement est mis en place, avec desserte des gares intermédiaires.<br><a href=""https://www.transilien.com/sites/transilien/files/sentinelle-20220701-hparisermontpersanviavalmondois-jusquau16decembre.pdf"" target="""">Pour plus d'informations sur les horaires du lundi 27 juin au vendredi 16 décembre sauf week-ends et jours fériés, cliquez ici pour télécharger l'affiche PDF.</a><br><a href=""https://www.transilien.com/sites/transilien/files/sentinelle-20220418-h-ermontvalmondoispersan-18avril26maiet6juin.pdf"" target="""">Pour plus d'informations sur les horaires des jours fériés, cliquez ici pour télécharger l'affiche PDF.</a><br>Attention à partir du lundi 11 avril 2022 : les arrêts bus de la gare de Vaucelles et Saint-Leu la Forêt sont déplacés, pour connaître les nouveaux emplacements cliquez ici :<br>- <a href=""https://www.transilien.com/sites/transilien/files/sentinelle-20220409-h-pointdarretbus-vaucelles.pdf"" target="""">Gare de Vaucelles</a><br>- <a href=""https://www.transilien.com/sites/transilien/files/sentinelle-20220409-h-pointdarretbus-stleulaforet.pdf"" target="""">Gare de Saint-Leu la Forêt</a><br>Les horaires du calculateur d'itinéraire tiennent compte de ces travaux.﻿<br>Motif : travaux.</p>";20220701T173014;Transilien Train Transilien H;b3e5375e-f952-11ec-88d1-005056a47b86;travaux
future;Incidents;30;perturbée;SIGNIFICANT_DELAYS;20220411T200000;20220412T033000;b3e5375e-f952-11ec-88d1-005056a47b86;" / Ligne H : Paris-Persan via Valmondois 27/06 -16/12 / <p>Période : à partir de 22h30<br>Dates : du lundi 27 juin jusqu'au vendredi 16 décembre sauf les week-ends et jours fériés.<br>Le trafic est interrompu entre Paris Gare du Nord et Persan - Beaumont via Valmondois.<br>En conséquence, un service de bus de remplacement est mis en place, avec desserte des gares intermédiaires.<br><a href=""https://www.transilien.com/sites/transilien/files/sentinelle-20220701-hparisermontpersanviavalmondois-jusquau16decembre.pdf"" target="""">Pour plus d'informations sur les horaires du lundi 27 juin au vendredi 16 décembre sauf week-ends et jours fériés, cliquez ici pour télécharger l'affiche PDF.</a><br><a href=""https://www.transilien.com/sites/transilien/files/sentinelle-20220418-h-ermontvalmondoispersan-18avril26maiet6juin.pdf"" target="""">Pour plus d'informations sur les horaires des jours fériés, cliquez ici pour télécharger l'affiche PDF.</a><br>Attention à partir du lundi 11 avril 2022 : les arrêts bus de la gare de Vaucelles et Saint-Leu la Forêt sont déplacés, pour connaître les nouveaux emplacements cliquez ici :<br>- <a href=""https://www.transilien.com/sites/transilien/files/sentinelle-20220409-h-pointdarretbus-vaucelles.pdf"" target="""">Gare de Vaucelles</a><br>- <a href=""https://www.transilien.com/sites/transilien/files/sentinelle-20220409-h-pointdarretbus-stleulaforet.pdf"" target="""">Gare de Saint-Leu la Forêt</a><br>Les horaires du calculateur d'itinéraire tiennent compte de ces travaux.﻿<br>Motif : travaux.</p>";20220701T173014;Transilien Train Transilien H;b3e5375e-f952-11ec-88d1-005056a47b86;travaux
future;Incidents;30;perturbée;SIGNIFICANT_DELAYS;20220407T200000;20220408T033000;b3e5375e-f952-11ec-88d1-005056a47b86;" / Ligne H : Paris-Persan via Valmondois 27/06 -16/12 / <p>Période : à partir de 22h30<br>Dates : du lundi 27 juin jusqu'au vendredi 16 décembre sauf les week-ends et jours fériés.<br>Le trafic est interrompu entre Paris Gare du Nord et Persan - Beaumont via Valmondois.<br>En conséquence, un service de bus de remplacement est mis en place, avec desserte des gares intermédiaires.<br><a href=""https://www.transilien.com/sites/transilien/files/sentinelle-20220701-hparisermontpersanviavalmondois-jusquau16decembre.pdf"" target="""">Pour plus d'informations sur les horaires du lundi 27 juin au vendredi 16 décembre sauf week-ends et jours fériés, cliquez ici pour télécharger l'affiche PDF.</a><br><a href=""https://www.transilien.com/sites/transilien/files/sentinelle-20220418-h-ermontvalmondoispersan-18avril26maiet6juin.pdf"" target="""">Pour plus d'informations sur les horaires des jours fériés, cliquez ici pour télécharger l'affiche PDF.</a><br>Attention à partir du lundi 11 avril 2022 : les arrêts bus de la gare de Vaucelles et Saint-Leu la Forêt sont déplacés, pour connaître les nouveaux emplacements cliquez ici :<br>- <a href=""https://www.transilien.com/sites/transilien/files/sentinelle-20220409-h-pointdarretbus-vaucelles.pdf"" target="""">Gare de Vaucelles</a><br>- <a href=""https://www.transilien.com/sites/transilien/files/sentinelle-20220409-h-pointdarretbus-stleulaforet.pdf"" target="""">Gare de Saint-Leu la Forêt</a><br>Les horaires du calculateur d'itinéraire tiennent compte de ces travaux.﻿<br>Motif : travaux.</p>";20220701T173014;Transilien Train Transilien H;b3e5375e-f952-11ec-88d1-005056a47b86;travaux
future;Incidents;30;perturbée;SIGNIFICANT_DELAYS;20220406T200000;20220407T033000;b3e5375e-f952-11ec-88d1-005056a47b86;" / Ligne H : Paris-Persan via Valmondois 27/06 -16/12 / <p>Période : à partir de 22h30<br>Dates : du lundi 27 juin jusqu'au vendredi 16 décembre sauf les week-ends et jours fériés.<br>Le trafic est interrompu entre Paris Gare du Nord et Persan - Beaumont via Valmondois.<br>En conséquence, un service de bus de remplacement est mis en place, avec desserte des gares intermédiaires.<br><a href=""https://www.transilien.com/sites/transilien/files/sentinelle-20220701-hparisermontpersanviavalmondois-jusquau16decembre.pdf"" target="""">Pour plus d'informations sur les horaires du lundi 27 juin au vendredi 16 décembre sauf week-ends et jours fériés, cliquez ici pour télécharger l'affiche PDF.</a><br><a href=""https://www.transilien.com/sites/transilien/files/sentinelle-20220418-h-ermontvalmondoispersan-18avril26maiet6juin.pdf"" target="""">Pour plus d'informations sur les horaires des jours fériés, cliquez ici pour télécharger l'affiche PDF.</a><br>Attention à partir du lundi 11 avril 2022 : les arrêts bus de la gare de Vaucelles et Saint-Leu la Forêt sont déplacés, pour connaître les nouveaux emplacements cliquez ici :<br>- <a href=""https://www.transilien.com/sites/transilien/files/sentinelle-20220409-h-pointdarretbus-vaucelles.pdf"" target="""">Gare de Vaucelles</a><br>- <a href=""https://www.transilien.com/sites/transilien/files/sentinelle-20220409-h-pointdarretbus-stleulaforet.pdf"" target="""">Gare de Saint-Leu la Forêt</a><br>Les horaires du calculateur d'itinéraire tiennent compte de ces travaux.﻿<br>Motif : travaux.</p>";20220701T173014;Transilien Train Transilien H;b3e5375e-f952-11ec-88d1-005056a47b86;travaux
future;Incidents;30;perturbée;SIGNIFICANT_DELAYS;20220405T200000;20220406T033000;b3e5375e-f952-11ec-88d1-005056a47b86;" / Ligne H : Paris-Persan via Valmondois 27/06 -16/12 / <p>Période : à partir de 22h30<br>Dates : du lundi 27 juin jusqu'au vendredi 16 décembre sauf les week-ends et jours fériés.<br>Le trafic est interrompu entre Paris Gare du Nord et Persan - Beaumont via Valmondois.<br>En conséquence, un service de bus de remplacement est mis en place, avec desserte des gares intermédiaires.<br><a href=""https://www.transilien.com/sites/transilien/files/sentinelle-20220701-hparisermontpersanviavalmondois-jusquau16decembre.pdf"" target="""">Pour plus d'informations sur les horaires du lundi 27 juin au vendredi 16 décembre sauf week-ends et jours fériés, cliquez ici pour télécharger l'affiche PDF.</a><br><a href=""https://www.transilien.com/sites/transilien/files/sentinelle-20220418-h-ermontvalmondoispersan-18avril26maiet6juin.pdf"" target="""">Pour plus d'informations sur les horaires des jours fériés, cliquez ici pour télécharger l'affiche PDF.</a><br>Attention à partir du lundi 11 avril 2022 : les arrêts bus de la gare de Vaucelles et Saint-Leu la Forêt sont déplacés, pour connaître les nouveaux emplacements cliquez ici :<br>- <a href=""https://www.transilien.com/sites/transilien/files/sentinelle-20220409-h-pointdarretbus-vaucelles.pdf"" target="""">Gare de Vaucelles</a><br>- <a href=""https://www.transilien.com/sites/transilien/files/sentinelle-20220409-h-pointdarretbus-stleulaforet.pdf"" target="""">Gare de Saint-Leu la Forêt</a><br>Les horaires du calculateur d'itinéraire tiennent compte de ces travaux.﻿<br>Motif : travaux.</p>";20220701T173014;Transilien Train Transilien H;b3e5375e-f952-11ec-88d1-005056a47b86;travaux
future;Incidents;30;perturbée;SIGNIFICANT_DELAYS;20220401T200000;20220402T033000;b3e5375e-f952-11ec-88d1-005056a47b86;" / Ligne H : Paris-Persan via Valmondois 27/06 -16/12 / <p>Période : à partir de 22h30<br>Dates : du lundi 27 juin jusqu'au vendredi 16 décembre sauf les week-ends et jours fériés.<br>Le trafic est interrompu entre Paris Gare du Nord et Persan - Beaumont via Valmondois.<br>En conséquence, un service de bus de remplacement est mis en place, avec desserte des gares intermédiaires.<br><a href=""https://www.transilien.com/sites/transilien/files/sentinelle-20220701-hparisermontpersanviavalmondois-jusquau16decembre.pdf"" target="""">Pour plus d'informations sur les horaires du lundi 27 juin au vendredi 16 décembre sauf week-ends et jours fériés, cliquez ici pour télécharger l'affiche PDF.</a><br><a href=""https://www.transilien.com/sites/transilien/files/sentinelle-20220418-h-ermontvalmondoispersan-18avril26maiet6juin.pdf"" target="""">Pour plus d'informations sur les horaires des jours fériés, cliquez ici pour télécharger l'affiche PDF.</a><br>Attention à partir du lundi 11 avril 2022 : les arrêts bus de la gare de Vaucelles et Saint-Leu la Forêt sont déplacés, pour connaître les nouveaux emplacements cliquez ici :<br>- <a href=""https://www.transilien.com/sites/transilien/files/sentinelle-20220409-h-pointdarretbus-vaucelles.pdf"" target="""">Gare de Vaucelles</a><br>- <a href=""https://www.transilien.com/sites/transilien/files/sentinelle-20220409-h-pointdarretbus-stleulaforet.pdf"" target="""">Gare de Saint-Leu la Forêt</a><br>Les horaires du calculateur d'itinéraire tiennent compte de ces travaux.﻿<br>Motif : travaux.</p>";20220701T173014;Transilien Train Transilien H;b3e5375e-f952-11ec-88d1-005056a47b86;travaux
future;Incidents;30;perturbée;SIGNIFICANT_DELAYS;20220331T200000;20220401T033000;b3e5375e-f952-11ec-88d1-005056a47b86;" / Ligne H : Paris-Persan via Valmondois 27/06 -16/12 / <p>Période : à partir de 22h30<br>Dates : du lundi 27 juin jusqu'au vendredi 16 décembre sauf les week-ends et jours fériés.<br>Le trafic est interrompu entre Paris Gare du Nord et Persan - Beaumont via Valmondois.<br>En conséquence, un service de bus de remplacement est mis en place, avec desserte des gares intermédiaires.<br><a href=""https://www.transilien.com/sites/transilien/files/sentinelle-20220701-hparisermontpersanviavalmondois-jusquau16decembre.pdf"" target="""">Pour plus d'informations sur les horaires du lundi 27 juin au vendredi 16 décembre sauf week-ends et jours fériés, cliquez ici pour télécharger l'affiche PDF.</a><br><a href=""https://www.transilien.com/sites/transilien/files/sentinelle-20220418-h-ermontvalmondoispersan-18avril26maiet6juin.pdf"" target="""">Pour plus d'informations sur les horaires des jours fériés, cliquez ici pour télécharger l'affiche PDF.</a><br>Attention à partir du lundi 11 avril 2022 : les arrêts bus de la gare de Vaucelles et Saint-Leu la Forêt sont déplacés, pour connaître les nouveaux emplacements cliquez ici :<br>- <a href=""https://www.transilien.com/sites/transilien/files/sentinelle-20220409-h-pointdarretbus-vaucelles.pdf"" target="""">Gare de Vaucelles</a><br>- <a href=""https://www.transilien.com/sites/transilien/files/sentinelle-20220409-h-pointdarretbus-stleulaforet.pdf"" target="""">Gare de Saint-Leu la Forêt</a><br>Les horaires du calculateur d'itinéraire tiennent compte de ces travaux.﻿<br>Motif : travaux.</p>";20220701T173014;Transilien Train Transilien H;b3e5375e-f952-11ec-88d1-005056a47b86;travaux
future;Incidents;30;perturbée;SIGNIFICANT_DELAYS;20220330T200000;20220331T033000;b3e5375e-f952-11ec-88d1-005056a47b86;" / Ligne H : Paris-Persan via Valmondois 27/06 -16/12 / <p>Période : à partir de 22h30<br>Dates : du lundi 27 juin jusqu'au vendredi 16 décembre sauf les week-ends et jours fériés.<br>Le trafic est interrompu entre Paris Gare du Nord et Persan - Beaumont via Valmondois.<br>En conséquence, un service de bus de remplacement est mis en place, avec desserte des gares intermédiaires.<br><a href=""https://www.transilien.com/sites/transilien/files/sentinelle-20220701-hparisermontpersanviavalmondois-jusquau16decembre.pdf"" target="""">Pour plus d'informations sur les horaires du lundi 27 juin au vendredi 16 décembre sauf week-ends et jours fériés, cliquez ici pour télécharger l'affiche PDF.</a><br><a href=""https://www.transilien.com/sites/transilien/files/sentinelle-20220418-h-ermontvalmondoispersan-18avril26maiet6juin.pdf"" target="""">Pour plus d'informations sur les horaires des jours fériés, cliquez ici pour télécharger l'affiche PDF.</a><br>Attention à partir du lundi 11 avril 2022 : les arrêts bus de la gare de Vaucelles et Saint-Leu la Forêt sont déplacés, pour connaître les nouveaux emplacements cliquez ici :<br>- <a href=""https://www.transilien.com/sites/transilien/files/sentinelle-20220409-h-pointdarretbus-vaucelles.pdf"" target="""">Gare de Vaucelles</a><br>- <a href=""https://www.transilien.com/sites/transilien/files/sentinelle-20220409-h-pointdarretbus-stleulaforet.pdf"" target="""">Gare de Saint-Leu la Forêt</a><br>Les horaires du calculateur d'itinéraire tiennent compte de ces travaux.﻿<br>Motif : travaux.</p>";20220701T173014;Transilien Train Transilien H;b3e5375e-f952-11ec-88d1-005056a47b86;travaux
future;Incidents;30;perturbée;SIGNIFICANT_DELAYS;20220328T200000;20220329T033000;b3e5375e-f952-11ec-88d1-005056a47b86;" / Ligne H : Paris-Persan via Valmondois 27/06 -16/12 / <p>Période : à partir de 22h30<br>Dates : du lundi 27 juin jusqu'au vendredi 16 décembre sauf les week-ends et jours fériés.<br>Le trafic est interrompu entre Paris Gare du Nord et Persan - Beaumont via Valmondois.<br>En conséquence, un service de bus de remplacement est mis en place, avec desserte des gares intermédiaires.<br><a href=""https://www.transilien.com/sites/transilien/files/sentinelle-20220701-hparisermontpersanviavalmondois-jusquau16decembre.pdf"" target="""">Pour plus d'informations sur les horaires du lundi 27 juin au vendredi 16 décembre sauf week-ends et jours fériés, cliquez ici pour télécharger l'affiche PDF.</a><br><a href=""https://www.transilien.com/sites/transilien/files/sentinelle-20220418-h-ermontvalmondoispersan-18avril26maiet6juin.pdf"" target="""">Pour plus d'informations sur les horaires des jours fériés, cliquez ici pour télécharger l'affiche PDF.</a><br>Attention à partir du lundi 11 avril 2022 : les arrêts bus de la gare de Vaucelles et Saint-Leu la Forêt sont déplacés, pour connaître les nouveaux emplacements cliquez ici :<br>- <a href=""https://www.transilien.com/sites/transilien/files/sentinelle-20220409-h-pointdarretbus-vaucelles.pdf"" target="""">Gare de Vaucelles</a><br>- <a href=""https://www.transilien.com/sites/transilien/files/sentinelle-20220409-h-pointdarretbus-stleulaforet.pdf"" target="""">Gare de Saint-Leu la Forêt</a><br>Les horaires du calculateur d'itinéraire tiennent compte de ces travaux.﻿<br>Motif : travaux.</p>";20220701T173014;Transilien Train Transilien H;b3e5375e-f952-11ec-88d1-005056a47b86;travaux
future;Incidents;30;perturbée;SIGNIFICANT_DELAYS;20220325T200000;20220326T033000;b3e5375e-f952-11ec-88d1-005056a47b86;" / Ligne H : Paris-Persan via Valmondois 27/06 -16/12 / <p>Période : à partir de 22h30<br>Dates : du lundi 27 juin jusqu'au vendredi 16 décembre sauf les week-ends et jours fériés.<br>Le trafic est interrompu entre Paris Gare du Nord et Persan - Beaumont via Valmondois.<br>En conséquence, un service de bus de remplacement est mis en place, avec desserte des gares intermédiaires.<br><a href=""https://www.transilien.com/sites/transilien/files/sentinelle-20220701-hparisermontpersanviavalmondois-jusquau16decembre.pdf"" target="""">Pour plus d'informations sur les horaires du lundi 27 juin au vendredi 16 décembre sauf week-ends et jours fériés, cliquez ici pour télécharger l'affiche PDF.</a><br><a href=""https://www.transilien.com/sites/transilien/files/sentinelle-20220418-h-ermontvalmondoispersan-18avril26maiet6juin.pdf"" target="""">Pour plus d'informations sur les horaires des jours fériés, cliquez ici pour télécharger l'affiche PDF.</a><br>Attention à partir du lundi 11 avril 2022 : les arrêts bus de la gare de Vaucelles et Saint-Leu la Forêt sont déplacés, pour connaître les nouveaux emplacements cliquez ici :<br>- <a href=""https://www.transilien.com/sites/transilien/files/sentinelle-20220409-h-pointdarretbus-vaucelles.pdf"" target="""">Gare de Vaucelles</a><br>- <a href=""https://www.transilien.com/sites/transilien/files/sentinelle-20220409-h-pointdarretbus-stleulaforet.pdf"" target="""">Gare de Saint-Leu la Forêt</a><br>Les horaires du calculateur d'itinéraire tiennent compte de ces travaux.﻿<br>Motif : travaux.</p>";20220701T173014;Transilien Train Transilien H;b3e5375e-f952-11ec-88d1-005056a47b86;travaux
future;Incidents;30;perturbée;SIGNIFICANT_DELAYS;20220324T200000;20220325T033000;b3e5375e-f952-11ec-88d1-005056a47b86;" / Ligne H : Paris-Persan via Valmondois 27/06 -16/12 / <p>Période : à partir de 22h30<br>Dates : du lundi 27 juin jusqu'au vendredi 16 décembre sauf les week-ends et jours fériés.<br>Le trafic est interrompu entre Paris Gare du Nord et Persan - Beaumont via Valmondois.<br>En conséquence, un service de bus de remplacement est mis en place, avec desserte des gares intermédiaires.<br><a href=""https://www.transilien.com/sites/transilien/files/sentinelle-20220701-hparisermontpersanviavalmondois-jusquau16decembre.pdf"" target="""">Pour plus d'informations sur les horaires du lundi 27 juin au vendredi 16 décembre sauf week-ends et jours fériés, cliquez ici pour télécharger l'affiche PDF.</a><br><a href=""https://www.transilien.com/sites/transilien/files/sentinelle-20220418-h-ermontvalmondoispersan-18avril26maiet6juin.pdf"" target="""">Pour plus d'informations sur les horaires des jours fériés, cliquez ici pour télécharger l'affiche PDF.</a><br>Attention à partir du lundi 11 avril 2022 : les arrêts bus de la gare de Vaucelles et Saint-Leu la Forêt sont déplacés, pour connaître les nouveaux emplacements cliquez ici :<br>- <a href=""https://www.transilien.com/sites/transilien/files/sentinelle-20220409-h-pointdarretbus-vaucelles.pdf"" target="""">Gare de Vaucelles</a><br>- <a href=""https://www.transilien.com/sites/transilien/files/sentinelle-20220409-h-pointdarretbus-stleulaforet.pdf"" target="""">Gare de Saint-Leu la Forêt</a><br>Les horaires du calculateur d'itinéraire tiennent compte de ces travaux.﻿<br>Motif : travaux.</p>";20220701T173014;Transilien Train Transilien H;b3e5375e-f952-11ec-88d1-005056a47b86;travaux
future;Incidents;30;perturbée;SIGNIFICANT_DELAYS;20220322T200000;20220323T033000;b3e5375e-f952-11ec-88d1-005056a47b86;" / Ligne H : Paris-Persan via Valmondois 27/06 -16/12 / <p>Période : à partir de 22h30<br>Dates : du lundi 27 juin jusqu'au vendredi 16 décembre sauf les week-ends et jours fériés.<br>Le trafic est interrompu entre Paris Gare du Nord et Persan - Beaumont via Valmondois.<br>En conséquence, un service de bus de remplacement est mis en place, avec desserte des gares intermédiaires.<br><a href=""https://www.transilien.com/sites/transilien/files/sentinelle-20220701-hparisermontpersanviavalmondois-jusquau16decembre.pdf"" target="""">Pour plus d'informations sur les horaires du lundi 27 juin au vendredi 16 décembre sauf week-ends et jours fériés, cliquez ici pour télécharger l'affiche PDF.</a><br><a href=""https://www.transilien.com/sites/transilien/files/sentinelle-20220418-h-ermontvalmondoispersan-18avril26maiet6juin.pdf"" target="""">Pour plus d'informations sur les horaires des jours fériés, cliquez ici pour télécharger l'affiche PDF.</a><br>Attention à partir du lundi 11 avril 2022 : les arrêts bus de la gare de Vaucelles et Saint-Leu la Forêt sont déplacés, pour connaître les nouveaux emplacements cliquez ici :<br>- <a href=""https://www.transilien.com/sites/transilien/files/sentinelle-20220409-h-pointdarretbus-vaucelles.pdf"" target="""">Gare de Vaucelles</a><br>- <a href=""https://www.transilien.com/sites/transilien/files/sentinelle-20220409-h-pointdarretbus-stleulaforet.pdf"" target="""">Gare de Saint-Leu la Forêt</a><br>Les horaires du calculateur d'itinéraire tiennent compte de ces travaux.﻿<br>Motif : travaux.</p>";20220701T173014;Transilien Train Transilien H;b3e5375e-f952-11ec-88d1-005056a47b86;travaux
future;Incidents;30;perturbée;SIGNIFICANT_DELAYS;20220321T200000;20220322T033000;b3e5375e-f952-11ec-88d1-005056a47b86;" / Ligne H : Paris-Persan via Valmondois 27/06 -16/12 / <p>Période : à partir de 22h30<br>Dates : du lundi 27 juin jusqu'au vendredi 16 décembre sauf les week-ends et jours fériés.<br>Le trafic est interrompu entre Paris Gare du Nord et Persan - Beaumont via Valmondois.<br>En conséquence, un service de bus de remplacement est mis en place, avec desserte des gares intermédiaires.<br><a href=""https://www.transilien.com/sites/transilien/files/sentinelle-20220701-hparisermontpersanviavalmondois-jusquau16decembre.pdf"" target="""">Pour plus d'informations sur les horaires du lundi 27 juin au vendredi 16 décembre sauf week-ends et jours fériés, cliquez ici pour télécharger l'affiche PDF.</a><br><a href=""https://www.transilien.com/sites/transilien/files/sentinelle-20220418-h-ermontvalmondoispersan-18avril26maiet6juin.pdf"" target="""">Pour plus d'informations sur les horaires des jours fériés, cliquez ici pour télécharger l'affiche PDF.</a><br>Attention à partir du lundi 11 avril 2022 : les arrêts bus de la gare de Vaucelles et Saint-Leu la Forêt sont déplacés, pour connaître les nouveaux emplacements cliquez ici :<br>- <a href=""https://www.transilien.com/sites/transilien/files/sentinelle-20220409-h-pointdarretbus-vaucelles.pdf"" target="""">Gare de Vaucelles</a><br>- <a href=""https://www.transilien.com/sites/transilien/files/sentinelle-20220409-h-pointdarretbus-stleulaforet.pdf"" target="""">Gare de Saint-Leu la Forêt</a><br>Les horaires du calculateur d'itinéraire tiennent compte de ces travaux.﻿<br>Motif : travaux.</p>";20220701T173014;Transilien Train Transilien H;b3e5375e-f952-11ec-88d1-005056a47b86;travaux
future;Incidents;30;perturbée;SIGNIFICANT_DELAYS;20220318T200000;20220319T033000;b3e5375e-f952-11ec-88d1-005056a47b86;" / Ligne H : Paris-Persan via Valmondois 27/06 -16/12 / <p>Période : à partir de 22h30<br>Dates : du lundi 27 juin jusqu'au vendredi 16 décembre sauf les week-ends et jours fériés.<br>Le trafic est interrompu entre Paris Gare du Nord et Persan - Beaumont via Valmondois.<br>En conséquence, un service de bus de remplacement est mis en place, avec desserte des gares intermédiaires.<br><a href=""https://www.transilien.com/sites/transilien/files/sentinelle-20220701-hparisermontpersanviavalmondois-jusquau16decembre.pdf"" target="""">Pour plus d'informations sur les horaires du lundi 27 juin au vendredi 16 décembre sauf week-ends et jours fériés, cliquez ici pour télécharger l'affiche PDF.</a><br><a href=""https://www.transilien.com/sites/transilien/files/sentinelle-20220418-h-ermontvalmondoispersan-18avril26maiet6juin.pdf"" target="""">Pour plus d'informations sur les horaires des jours fériés, cliquez ici pour télécharger l'affiche PDF.</a><br>Attention à partir du lundi 11 avril 2022 : les arrêts bus de la gare de Vaucelles et Saint-Leu la Forêt sont déplacés, pour connaître les nouveaux emplacements cliquez ici :<br>- <a href=""https://www.transilien.com/sites/transilien/files/sentinelle-20220409-h-pointdarretbus-vaucelles.pdf"" target="""">Gare de Vaucelles</a><br>- <a href=""https://www.transilien.com/sites/transilien/files/sentinelle-20220409-h-pointdarretbus-stleulaforet.pdf"" target="""">Gare de Saint-Leu la Forêt</a><br>Les horaires du calculateur d'itinéraire tiennent compte de ces travaux.﻿<br>Motif : travaux.</p>";20220701T173014;Transilien Train Transilien H;b3e5375e-f952-11ec-88d1-005056a47b86;travaux
future;Incidents;30;perturbée;SIGNIFICANT_DELAYS;20220316T200000;20220317T033000;b3e5375e-f952-11ec-88d1-005056a47b86;" / Ligne H : Paris-Persan via Valmondois 27/06 -16/12 / <p>Période : à partir de 22h30<br>Dates : du lundi 27 juin jusqu'au vendredi 16 décembre sauf les week-ends et jours fériés.<br>Le trafic est interrompu entre Paris Gare du Nord et Persan - Beaumont via Valmondois.<br>En conséquence, un service de bus de remplacement est mis en place, avec desserte des gares intermédiaires.<br><a href=""https://www.transilien.com/sites/transilien/files/sentinelle-20220701-hparisermontpersanviavalmondois-jusquau16decembre.pdf"" target="""">Pour plus d'informations sur les horaires du lundi 27 juin au vendredi 16 décembre sauf week-ends et jours fériés, cliquez ici pour télécharger l'affiche PDF.</a><br><a href=""https://www.transilien.com/sites/transilien/files/sentinelle-20220418-h-ermontvalmondoispersan-18avril26maiet6juin.pdf"" target="""">Pour plus d'informations sur les horaires des jours fériés, cliquez ici pour télécharger l'affiche PDF.</a><br>Attention à partir du lundi 11 avril 2022 : les arrêts bus de la gare de Vaucelles et Saint-Leu la Forêt sont déplacés, pour connaître les nouveaux emplacements cliquez ici :<br>- <a href=""https://www.transilien.com/sites/transilien/files/sentinelle-20220409-h-pointdarretbus-vaucelles.pdf"" target="""">Gare de Vaucelles</a><br>- <a href=""https://www.transilien.com/sites/transilien/files/sentinelle-20220409-h-pointdarretbus-stleulaforet.pdf"" target="""">Gare de Saint-Leu la Forêt</a><br>Les horaires du calculateur d'itinéraire tiennent compte de ces travaux.﻿<br>Motif : travaux.</p>";20220701T173014;Transilien Train Transilien H;b3e5375e-f952-11ec-88d1-005056a47b86;travaux
future;Incidents;30;perturbée;SIGNIFICANT_DELAYS;20220315T200000;20220316T033000;b3e5375e-f952-11ec-88d1-005056a47b86;" / Ligne H : Paris-Persan via Valmondois 27/06 -16/12 / <p>Période : à partir de 22h30<br>Dates : du lundi 27 juin jusqu'au vendredi 16 décembre sauf les week-ends et jours fériés.<br>Le trafic est interrompu entre Paris Gare du Nord et Persan - Beaumont via Valmondois.<br>En conséquence, un service de bus de remplacement est mis en place, avec desserte des gares intermédiaires.<br><a href=""https://www.transilien.com/sites/transilien/files/sentinelle-20220701-hparisermontpersanviavalmondois-jusquau16decembre.pdf"" target="""">Pour plus d'informations sur les horaires du lundi 27 juin au vendredi 16 décembre sauf week-ends et jours fériés, cliquez ici pour télécharger l'affiche PDF.</a><br><a href=""https://www.transilien.com/sites/transilien/files/sentinelle-20220418-h-ermontvalmondoispersan-18avril26maiet6juin.pdf"" target="""">Pour plus d'informations sur les horaires des jours fériés, cliquez ici pour télécharger l'affiche PDF.</a><br>Attention à partir du lundi 11 avril 2022 : les arrêts bus de la gare de Vaucelles et Saint-Leu la Forêt sont déplacés, pour connaître les nouveaux emplacements cliquez ici :<br>- <a href=""https://www.transilien.com/sites/transilien/files/sentinelle-20220409-h-pointdarretbus-vaucelles.pdf"" target="""">Gare de Vaucelles</a><br>- <a href=""https://www.transilien.com/sites/transilien/files/sentinelle-20220409-h-pointdarretbus-stleulaforet.pdf"" target="""">Gare de Saint-Leu la Forêt</a><br>Les horaires du calculateur d'itinéraire tiennent compte de ces travaux.﻿<br>Motif : travaux.</p>";20220701T173014;Transilien Train Transilien H;b3e5375e-f952-11ec-88d1-005056a47b86;travaux
future;Incidents;30;perturbée;SIGNIFICANT_DELAYS;20220314T200000;20220315T033000;b3e5375e-f952-11ec-88d1-005056a47b86;" / Ligne H : Paris-Persan via Valmondois 27/06 -16/12 / <p>Période : à partir de 22h30<br>Dates : du lundi 27 juin jusqu'au vendredi 16 décembre sauf les week-ends et jours fériés.<br>Le trafic est interrompu entre Paris Gare du Nord et Persan - Beaumont via Valmondois.<br>En conséquence, un service de bus de remplacement est mis en place, avec desserte des gares intermédiaires.<br><a href=""https://www.transilien.com/sites/transilien/files/sentinelle-20220701-hparisermontpersanviavalmondois-jusquau16decembre.pdf"" target="""">Pour plus d'informations sur les horaires du lundi 27 juin au vendredi 16 décembre sauf week-ends et jours fériés, cliquez ici pour télécharger l'affiche PDF.</a><br><a href=""https://www.transilien.com/sites/transilien/files/sentinelle-20220418-h-ermontvalmondoispersan-18avril26maiet6juin.pdf"" target="""">Pour plus d'informations sur les horaires des jours fériés, cliquez ici pour télécharger l'affiche PDF.</a><br>Attention à partir du lundi 11 avril 2022 : les arrêts bus de la gare de Vaucelles et Saint-Leu la Forêt sont déplacés, pour connaître les nouveaux emplacements cliquez ici :<br>- <a href=""https://www.transilien.com/sites/transilien/files/sentinelle-20220409-h-pointdarretbus-vaucelles.pdf"" target="""">Gare de Vaucelles</a><br>- <a href=""https://www.transilien.com/sites/transilien/files/sentinelle-20220409-h-pointdarretbus-stleulaforet.pdf"" target="""">Gare de Saint-Leu la Forêt</a><br>Les horaires du calculateur d'itinéraire tiennent compte de ces travaux.﻿<br>Motif : travaux.</p>";20220701T173014;Transilien Train Transilien H;b3e5375e-f952-11ec-88d1-005056a47b86;travaux
future;Incidents;30;perturbée;SIGNIFICANT_DELAYS;20220310T200000;20220311T033000;b3e5375e-f952-11ec-88d1-005056a47b86;" / Ligne H : Paris-Persan via Valmondois 27/06 -16/12 / <p>Période : à partir de 22h30<br>Dates : du lundi 27 juin jusqu'au vendredi 16 décembre sauf les week-ends et jours fériés.<br>Le trafic est interrompu entre Paris Gare du Nord et Persan - Beaumont via Valmondois.<br>En conséquence, un service de bus de remplacement est mis en place, avec desserte des gares intermédiaires.<br><a href=""https://www.transilien.com/sites/transilien/files/sentinelle-20220701-hparisermontpersanviavalmondois-jusquau16decembre.pdf"" target="""">Pour plus d'informations sur les horaires du lundi 27 juin au vendredi 16 décembre sauf week-ends et jours fériés, cliquez ici pour télécharger l'affiche PDF.</a><br><a href=""https://www.transilien.com/sites/transilien/files/sentinelle-20220418-h-ermontvalmondoispersan-18avril26maiet6juin.pdf"" target="""">Pour plus d'informations sur les horaires des jours fériés, cliquez ici pour télécharger l'affiche PDF.</a><br>Attention à partir du lundi 11 avril 2022 : les arrêts bus de la gare de Vaucelles et Saint-Leu la Forêt sont déplacés, pour connaître les nouveaux emplacements cliquez ici :<br>- <a href=""https://www.transilien.com/sites/transilien/files/sentinelle-20220409-h-pointdarretbus-vaucelles.pdf"" target="""">Gare de Vaucelles</a><br>- <a href=""https://www.transilien.com/sites/transilien/files/sentinelle-20220409-h-pointdarretbus-stleulaforet.pdf"" target="""">Gare de Saint-Leu la Forêt</a><br>Les horaires du calculateur d'itinéraire tiennent compte de ces travaux.﻿<br>Motif : travaux.</p>";20220701T173014;Transilien Train Transilien H;b3e5375e-f952-11ec-88d1-005056a47b86;travaux
future;Incidents;30;perturbée;SIGNIFICANT_DELAYS;20220309T200000;20220310T033000;b3e5375e-f952-11ec-88d1-005056a47b86;" / Ligne H : Paris-Persan via Valmondois 27/06 -16/12 / <p>Période : à partir de 22h30<br>Dates : du lundi 27 juin jusqu'au vendredi 16 décembre sauf les week-ends et jours fériés.<br>Le trafic est interrompu entre Paris Gare du Nord et Persan - Beaumont via Valmondois.<br>En conséquence, un service de bus de remplacement est mis en place, avec desserte des gares intermédiaires.<br><a href=""https://www.transilien.com/sites/transilien/files/sentinelle-20220701-hparisermontpersanviavalmondois-jusquau16decembre.pdf"" target="""">Pour plus d'informations sur les horaires du lundi 27 juin au vendredi 16 décembre sauf week-ends et jours fériés, cliquez ici pour télécharger l'affiche PDF.</a><br><a href=""https://www.transilien.com/sites/transilien/files/sentinelle-20220418-h-ermontvalmondoispersan-18avril26maiet6juin.pdf"" target="""">Pour plus d'informations sur les horaires des jours fériés, cliquez ici pour télécharger l'affiche PDF.</a><br>Attention à partir du lundi 11 avril 2022 : les arrêts bus de la gare de Vaucelles et Saint-Leu la Forêt sont déplacés, pour connaître les nouveaux emplacements cliquez ici :<br>- <a href=""https://www.transilien.com/sites/transilien/files/sentinelle-20220409-h-pointdarretbus-vaucelles.pdf"" target="""">Gare de Vaucelles</a><br>- <a href=""https://www.transilien.com/sites/transilien/files/sentinelle-20220409-h-pointdarretbus-stleulaforet.pdf"" target="""">Gare de Saint-Leu la Forêt</a><br>Les horaires du calculateur d'itinéraire tiennent compte de ces travaux.﻿<br>Motif : travaux.</p>";20220701T173014;Transilien Train Transilien H;b3e5375e-f952-11ec-88d1-005056a47b86;travaux
future;Incidents;30;perturbée;SIGNIFICANT_DELAYS;20220308T200000;20220309T033000;b3e5375e-f952-11ec-88d1-005056a47b86;" / Ligne H : Paris-Persan via Valmondois 27/06 -16/12 / <p>Période : à partir de 22h30<br>Dates : du lundi 27 juin jusqu'au vendredi 16 décembre sauf les week-ends et jours fériés.<br>Le trafic est interrompu entre Paris Gare du Nord et Persan - Beaumont via Valmondois.<br>En conséquence, un service de bus de remplacement est mis en place, avec desserte des gares intermédiaires.<br><a href=""https://www.transilien.com/sites/transilien/files/sentinelle-20220701-hparisermontpersanviavalmondois-jusquau16decembre.pdf"" target="""">Pour plus d'informations sur les horaires du lundi 27 juin au vendredi 16 décembre sauf week-ends et jours fériés, cliquez ici pour télécharger l'affiche PDF.</a><br><a href=""https://www.transilien.com/sites/transilien/files/sentinelle-20220418-h-ermontvalmondoispersan-18avril26maiet6juin.pdf"" target="""">Pour plus d'informations sur les horaires des jours fériés, cliquez ici pour télécharger l'affiche PDF.</a><br>Attention à partir du lundi 11 avril 2022 : les arrêts bus de la gare de Vaucelles et Saint-Leu la Forêt sont déplacés, pour connaître les nouveaux emplacements cliquez ici :<br>- <a href=""https://www.transilien.com/sites/transilien/files/sentinelle-20220409-h-pointdarretbus-vaucelles.pdf"" target="""">Gare de Vaucelles</a><br>- <a href=""https://www.transilien.com/sites/transilien/files/sentinelle-20220409-h-pointdarretbus-stleulaforet.pdf"" target="""">Gare de Saint-Leu la Forêt</a><br>Les horaires du calculateur d'itinéraire tiennent compte de ces travaux.﻿<br>Motif : travaux.</p>";20220701T173014;Transilien Train Transilien H;b3e5375e-f952-11ec-88d1-005056a47b86;travaux
future;Incidents;30;perturbée;SIGNIFICANT_DELAYS;20220304T200000;20220305T033000;b3e5375e-f952-11ec-88d1-005056a47b86;" / Ligne H : Paris-Persan via Valmondois 27/06 -16/12 / <p>Période : à partir de 22h30<br>Dates : du lundi 27 juin jusqu'au vendredi 16 décembre sauf les week-ends et jours fériés.<br>Le trafic est interrompu entre Paris Gare du Nord et Persan - Beaumont via Valmondois.<br>En conséquence, un service de bus de remplacement est mis en place, avec desserte des gares intermédiaires.<br><a href=""https://www.transilien.com/sites/transilien/files/sentinelle-20220701-hparisermontpersanviavalmondois-jusquau16decembre.pdf"" target="""">Pour plus d'informations sur les horaires du lundi 27 juin au vendredi 16 décembre sauf week-ends et jours fériés, cliquez ici pour télécharger l'affiche PDF.</a><br><a href=""https://www.transilien.com/sites/transilien/files/sentinelle-20220418-h-ermontvalmondoispersan-18avril26maiet6juin.pdf"" target="""">Pour plus d'informations sur les horaires des jours fériés, cliquez ici pour télécharger l'affiche PDF.</a><br>Attention à partir du lundi 11 avril 2022 : les arrêts bus de la gare de Vaucelles et Saint-Leu la Forêt sont déplacés, pour connaître les nouveaux emplacements cliquez ici :<br>- <a href=""https://www.transilien.com/sites/transilien/files/sentinelle-20220409-h-pointdarretbus-vaucelles.pdf"" target="""">Gare de Vaucelles</a><br>- <a href=""https://www.transilien.com/sites/transilien/files/sentinelle-20220409-h-pointdarretbus-stleulaforet.pdf"" target="""">Gare de Saint-Leu la Forêt</a><br>Les horaires du calculateur d'itinéraire tiennent compte de ces travaux.﻿<br>Motif : travaux.</p>";20220701T173014;Transilien Train Transilien H;b3e5375e-f952-11ec-88d1-005056a47b86;travaux
future;Incidents;30;perturbée;SIGNIFICANT_DELAYS;20220303T200000;20220304T033000;b3e5375e-f952-11ec-88d1-005056a47b86;" / Ligne H : Paris-Persan via Valmondois 27/06 -16/12 / <p>Période : à partir de 22h30<br>Dates : du lundi 27 juin jusqu'au vendredi 16 décembre sauf les week-ends et jours fériés.<br>Le trafic est interrompu entre Paris Gare du Nord et Persan - Beaumont via Valmondois.<br>En conséquence, un service de bus de remplacement est mis en place, avec desserte des gares intermédiaires.<br><a href=""https://www.transilien.com/sites/transilien/files/sentinelle-20220701-hparisermontpersanviavalmondois-jusquau16decembre.pdf"" target="""">Pour plus d'informations sur les horaires du lundi 27 juin au vendredi 16 décembre sauf week-ends et jours fériés, cliquez ici pour télécharger l'affiche PDF.</a><br><a href=""https://www.transilien.com/sites/transilien/files/sentinelle-20220418-h-ermontvalmondoispersan-18avril26maiet6juin.pdf"" target="""">Pour plus d'informations sur les horaires des jours fériés, cliquez ici pour télécharger l'affiche PDF.</a><br>Attention à partir du lundi 11 avril 2022 : les arrêts bus de la gare de Vaucelles et Saint-Leu la Forêt sont déplacés, pour connaître les nouveaux emplacements cliquez ici :<br>- <a href=""https://www.transilien.com/sites/transilien/files/sentinelle-20220409-h-pointdarretbus-vaucelles.pdf"" target="""">Gare de Vaucelles</a><br>- <a href=""https://www.transilien.com/sites/transilien/files/sentinelle-20220409-h-pointdarretbus-stleulaforet.pdf"" target="""">Gare de Saint-Leu la Forêt</a><br>Les horaires du calculateur d'itinéraire tiennent compte de ces travaux.﻿<br>Motif : travaux.</p>";20220701T173014;Transilien Train Transilien H;b3e5375e-f952-11ec-88d1-005056a47b86;travaux
future;Incidents;30;perturbée;SIGNIFICANT_DELAYS;20220302T200000;20220303T033000;b3e5375e-f952-11ec-88d1-005056a47b86;" / Ligne H : Paris-Persan via Valmondois 27/06 -16/12 / <p>Période : à partir de 22h30<br>Dates : du lundi 27 juin jusqu'au vendredi 16 décembre sauf les week-ends et jours fériés.<br>Le trafic est interrompu entre Paris Gare du Nord et Persan - Beaumont via Valmondois.<br>En conséquence, un service de bus de remplacement est mis en place, avec desserte des gares intermédiaires.<br><a href=""https://www.transilien.com/sites/transilien/files/sentinelle-20220701-hparisermontpersanviavalmondois-jusquau16decembre.pdf"" target="""">Pour plus d'informations sur les horaires du lundi 27 juin au vendredi 16 décembre sauf week-ends et jours fériés, cliquez ici pour télécharger l'affiche PDF.</a><br><a href=""https://www.transilien.com/sites/transilien/files/sentinelle-20220418-h-ermontvalmondoispersan-18avril26maiet6juin.pdf"" target="""">Pour plus d'informations sur les horaires des jours fériés, cliquez ici pour télécharger l'affiche PDF.</a><br>Attention à partir du lundi 11 avril 2022 : les arrêts bus de la gare de Vaucelles et Saint-Leu la Forêt sont déplacés, pour connaître les nouveaux emplacements cliquez ici :<br>- <a href=""https://www.transilien.com/sites/transilien/files/sentinelle-20220409-h-pointdarretbus-vaucelles.pdf"" target="""">Gare de Vaucelles</a><br>- <a href=""https://www.transilien.com/sites/transilien/files/sentinelle-20220409-h-pointdarretbus-stleulaforet.pdf"" target="""">Gare de Saint-Leu la Forêt</a><br>Les horaires du calculateur d'itinéraire tiennent compte de ces travaux.﻿<br>Motif : travaux.</p>";20220701T173014;Transilien Train Transilien H;b3e5375e-f952-11ec-88d1-005056a47b86;travaux
future;Incidents;30;perturbée;SIGNIFICANT_DELAYS;20220228T200000;20220301T033000;b3e5375e-f952-11ec-88d1-005056a47b86;" / Ligne H : Paris-Persan via Valmondois 27/06 -16/12 / <p>Période : à partir de 22h30<br>Dates : du lundi 27 juin jusqu'au vendredi 16 décembre sauf les week-ends et jours fériés.<br>Le trafic est interrompu entre Paris Gare du Nord et Persan - Beaumont via Valmondois.<br>En conséquence, un service de bus de remplacement est mis en place, avec desserte des gares intermédiaires.<br><a href=""https://www.transilien.com/sites/transilien/files/sentinelle-20220701-hparisermontpersanviavalmondois-jusquau16decembre.pdf"" target="""">Pour plus d'informations sur les horaires du lundi 27 juin au vendredi 16 décembre sauf week-ends et jours fériés, cliquez ici pour télécharger l'affiche PDF.</a><br><a href=""https://www.transilien.com/sites/transilien/files/sentinelle-20220418-h-ermontvalmondoispersan-18avril26maiet6juin.pdf"" target="""">Pour plus d'informations sur les horaires des jours fériés, cliquez ici pour télécharger l'affiche PDF.</a><br>Attention à partir du lundi 11 avril 2022 : les arrêts bus de la gare de Vaucelles et Saint-Leu la Forêt sont déplacés, pour connaître les nouveaux emplacements cliquez ici :<br>- <a href=""https://www.transilien.com/sites/transilien/files/sentinelle-20220409-h-pointdarretbus-vaucelles.pdf"" target="""">Gare de Vaucelles</a><br>- <a href=""https://www.transilien.com/sites/transilien/files/sentinelle-20220409-h-pointdarretbus-stleulaforet.pdf"" target="""">Gare de Saint-Leu la Forêt</a><br>Les horaires du calculateur d'itinéraire tiennent compte de ces travaux.﻿<br>Motif : travaux.</p>";20220701T173014;Transilien Train Transilien H;b3e5375e-f952-11ec-88d1-005056a47b86;travaux
future;Incidents;30;perturbée;SIGNIFICANT_DELAYS;20220225T200000;20220226T033000;b3e5375e-f952-11ec-88d1-005056a47b86;" / Ligne H : Paris-Persan via Valmondois 27/06 -16/12 / <p>Période : à partir de 22h30<br>Dates : du lundi 27 juin jusqu'au vendredi 16 décembre sauf les week-ends et jours fériés.<br>Le trafic est interrompu entre Paris Gare du Nord et Persan - Beaumont via Valmondois.<br>En conséquence, un service de bus de remplacement est mis en place, avec desserte des gares intermédiaires.<br><a href=""https://www.transilien.com/sites/transilien/files/sentinelle-20220701-hparisermontpersanviavalmondois-jusquau16decembre.pdf"" target="""">Pour plus d'informations sur les horaires du lundi 27 juin au vendredi 16 décembre sauf week-ends et jours fériés, cliquez ici pour télécharger l'affiche PDF.</a><br><a href=""https://www.transilien.com/sites/transilien/files/sentinelle-20220418-h-ermontvalmondoispersan-18avril26maiet6juin.pdf"" target="""">Pour plus d'informations sur les horaires des jours fériés, cliquez ici pour télécharger l'affiche PDF.</a><br>Attention à partir du lundi 11 avril 2022 : les arrêts bus de la gare de Vaucelles et Saint-Leu la Forêt sont déplacés, pour connaître les nouveaux emplacements cliquez ici :<br>- <a href=""https://www.transilien.com/sites/transilien/files/sentinelle-20220409-h-pointdarretbus-vaucelles.pdf"" target="""">Gare de Vaucelles</a><br>- <a href=""https://www.transilien.com/sites/transilien/files/sentinelle-20220409-h-pointdarretbus-stleulaforet.pdf"" target="""">Gare de Saint-Leu la Forêt</a><br>Les horaires du calculateur d'itinéraire tiennent compte de ces travaux.﻿<br>Motif : travaux.</p>";20220701T173014;Transilien Train Transilien H;b3e5375e-f952-11ec-88d1-005056a47b86;travaux
future;Incidents;30;perturbée;SIGNIFICANT_DELAYS;20220224T200000;20220225T033000;b3e5375e-f952-11ec-88d1-005056a47b86;" / Ligne H : Paris-Persan via Valmondois 27/06 -16/12 / <p>Période : à partir de 22h30<br>Dates : du lundi 27 juin jusqu'au vendredi 16 décembre sauf les week-ends et jours fériés.<br>Le trafic est interrompu entre Paris Gare du Nord et Persan - Beaumont via Valmondois.<br>En conséquence, un service de bus de remplacement est mis en place, avec desserte des gares intermédiaires.<br><a href=""https://www.transilien.com/sites/transilien/files/sentinelle-20220701-hparisermontpersanviavalmondois-jusquau16decembre.pdf"" target="""">Pour plus d'informations sur les horaires du lundi 27 juin au vendredi 16 décembre sauf week-ends et jours fériés, cliquez ici pour télécharger l'affiche PDF.</a><br><a href=""https://www.transilien.com/sites/transilien/files/sentinelle-20220418-h-ermontvalmondoispersan-18avril26maiet6juin.pdf"" target="""">Pour plus d'informations sur les horaires des jours fériés, cliquez ici pour télécharger l'affiche PDF.</a><br>Attention à partir du lundi 11 avril 2022 : les arrêts bus de la gare de Vaucelles et Saint-Leu la Forêt sont déplacés, pour connaître les nouveaux emplacements cliquez ici :<br>- <a href=""https://www.transilien.com/sites/transilien/files/sentinelle-20220409-h-pointdarretbus-vaucelles.pdf"" target="""">Gare de Vaucelles</a><br>- <a href=""https://www.transilien.com/sites/transilien/files/sentinelle-20220409-h-pointdarretbus-stleulaforet.pdf"" target="""">Gare de Saint-Leu la Forêt</a><br>Les horaires du calculateur d'itinéraire tiennent compte de ces travaux.﻿<br>Motif : travaux.</p>";20220701T173014;Transilien Train Transilien H;b3e5375e-f952-11ec-88d1-005056a47b86;travaux
future;Incidents;30;perturbée;SIGNIFICANT_DELAYS;20220222T200000;20220223T033000;b3e5375e-f952-11ec-88d1-005056a47b86;" / Ligne H : Paris-Persan via Valmondois 27/06 -16/12 / <p>Période : à partir de 22h30<br>Dates : du lundi 27 juin jusqu'au vendredi 16 décembre sauf les week-ends et jours fériés.<br>Le trafic est interrompu entre Paris Gare du Nord et Persan - Beaumont via Valmondois.<br>En conséquence, un service de bus de remplacement est mis en place, avec desserte des gares intermédiaires.<br><a href=""https://www.transilien.com/sites/transilien/files/sentinelle-20220701-hparisermontpersanviavalmondois-jusquau16decembre.pdf"" target="""">Pour plus d'informations sur les horaires du lundi 27 juin au vendredi 16 décembre sauf week-ends et jours fériés, cliquez ici pour télécharger l'affiche PDF.</a><br><a href=""https://www.transilien.com/sites/transilien/files/sentinelle-20220418-h-ermontvalmondoispersan-18avril26maiet6juin.pdf"" target="""">Pour plus d'informations sur les horaires des jours fériés, cliquez ici pour télécharger l'affiche PDF.</a><br>Attention à partir du lundi 11 avril 2022 : les arrêts bus de la gare de Vaucelles et Saint-Leu la Forêt sont déplacés, pour connaître les nouveaux emplacements cliquez ici :<br>- <a href=""https://www.transilien.com/sites/transilien/files/sentinelle-20220409-h-pointdarretbus-vaucelles.pdf"" target="""">Gare de Vaucelles</a><br>- <a href=""https://www.transilien.com/sites/transilien/files/sentinelle-20220409-h-pointdarretbus-stleulaforet.pdf"" target="""">Gare de Saint-Leu la Forêt</a><br>Les horaires du calculateur d'itinéraire tiennent compte de ces travaux.﻿<br>Motif : travaux.</p>";20220701T173014;Transilien Train Transilien H;b3e5375e-f952-11ec-88d1-005056a47b86;travaux
future;Incidents;30;perturbée;SIGNIFICANT_DELAYS;20220221T200000;20220222T033000;b3e5375e-f952-11ec-88d1-005056a47b86;" / Ligne H : Paris-Persan via Valmondois 27/06 -16/12 / <p>Période : à partir de 22h30<br>Dates : du lundi 27 juin jusqu'au vendredi 16 décembre sauf les week-ends et jours fériés.<br>Le trafic est interrompu entre Paris Gare du Nord et Persan - Beaumont via Valmondois.<br>En conséquence, un service de bus de remplacement est mis en place, avec desserte des gares intermédiaires.<br><a href=""https://www.transilien.com/sites/transilien/files/sentinelle-20220701-hparisermontpersanviavalmondois-jusquau16decembre.pdf"" target="""">Pour plus d'informations sur les horaires du lundi 27 juin au vendredi 16 décembre sauf week-ends et jours fériés, cliquez ici pour télécharger l'affiche PDF.</a><br><a href=""https://www.transilien.com/sites/transilien/files/sentinelle-20220418-h-ermontvalmondoispersan-18avril26maiet6juin.pdf"" target="""">Pour plus d'informations sur les horaires des jours fériés, cliquez ici pour télécharger l'affiche PDF.</a><br>Attention à partir du lundi 11 avril 2022 : les arrêts bus de la gare de Vaucelles et Saint-Leu la Forêt sont déplacés, pour connaître les nouveaux emplacements cliquez ici :<br>- <a href=""https://www.transilien.com/sites/transilien/files/sentinelle-20220409-h-pointdarretbus-vaucelles.pdf"" target="""">Gare de Vaucelles</a><br>- <a href=""https://www.transilien.com/sites/transilien/files/sentinelle-20220409-h-pointdarretbus-stleulaforet.pdf"" target="""">Gare de Saint-Leu la Forêt</a><br>Les horaires du calculateur d'itinéraire tiennent compte de ces travaux.﻿<br>Motif : travaux.</p>";20220701T173014;Transilien Train Transilien H;b3e5375e-f952-11ec-88d1-005056a47b86;travaux
future;Incidents;30;perturbée;SIGNIFICANT_DELAYS;20220218T200000;20220219T033000;b3e5375e-f952-11ec-88d1-005056a47b86;" / Ligne H : Paris-Persan via Valmondois 27/06 -16/12 / <p>Période : à partir de 22h30<br>Dates : du lundi 27 juin jusqu'au vendredi 16 décembre sauf les week-ends et jours fériés.<br>Le trafic est interrompu entre Paris Gare du Nord et Persan - Beaumont via Valmondois.<br>En conséquence, un service de bus de remplacement est mis en place, avec desserte des gares intermédiaires.<br><a href=""https://www.transilien.com/sites/transilien/files/sentinelle-20220701-hparisermontpersanviavalmondois-jusquau16decembre.pdf"" target="""">Pour plus d'informations sur les horaires du lundi 27 juin au vendredi 16 décembre sauf week-ends et jours fériés, cliquez ici pour télécharger l'affiche PDF.</a><br><a href=""https://www.transilien.com/sites/transilien/files/sentinelle-20220418-h-ermontvalmondoispersan-18avril26maiet6juin.pdf"" target="""">Pour plus d'informations sur les horaires des jours fériés, cliquez ici pour télécharger l'affiche PDF.</a><br>Attention à partir du lundi 11 avril 2022 : les arrêts bus de la gare de Vaucelles et Saint-Leu la Forêt sont déplacés, pour connaître les nouveaux emplacements cliquez ici :<br>- <a href=""https://www.transilien.com/sites/transilien/files/sentinelle-20220409-h-pointdarretbus-vaucelles.pdf"" target="""">Gare de Vaucelles</a><br>- <a href=""https://www.transilien.com/sites/transilien/files/sentinelle-20220409-h-pointdarretbus-stleulaforet.pdf"" target="""">Gare de Saint-Leu la Forêt</a><br>Les horaires du calculateur d'itinéraire tiennent compte de ces travaux.﻿<br>Motif : travaux.</p>";20220701T173014;Transilien Train Transilien H;b3e5375e-f952-11ec-88d1-005056a47b86;travaux
future;Incidents;30;perturbée;SIGNIFICANT_DELAYS;20220216T200000;20220217T033000;b3e5375e-f952-11ec-88d1-005056a47b86;" / Ligne H : Paris-Persan via Valmondois 27/06 -16/12 / <p>Période : à partir de 22h30<br>Dates : du lundi 27 juin jusqu'au vendredi 16 décembre sauf les week-ends et jours fériés.<br>Le trafic est interrompu entre Paris Gare du Nord et Persan - Beaumont via Valmondois.<br>En conséquence, un service de bus de remplacement est mis en place, avec desserte des gares intermédiaires.<br><a href=""https://www.transilien.com/sites/transilien/files/sentinelle-20220701-hparisermontpersanviavalmondois-jusquau16decembre.pdf"" target="""">Pour plus d'informations sur les horaires du lundi 27 juin au vendredi 16 décembre sauf week-ends et jours fériés, cliquez ici pour télécharger l'affiche PDF.</a><br><a href=""https://www.transilien.com/sites/transilien/files/sentinelle-20220418-h-ermontvalmondoispersan-18avril26maiet6juin.pdf"" target="""">Pour plus d'informations sur les horaires des jours fériés, cliquez ici pour télécharger l'affiche PDF.</a><br>Attention à partir du lundi 11 avril 2022 : les arrêts bus de la gare de Vaucelles et Saint-Leu la Forêt sont déplacés, pour connaître les nouveaux emplacements cliquez ici :<br>- <a href=""https://www.transilien.com/sites/transilien/files/sentinelle-20220409-h-pointdarretbus-vaucelles.pdf"" target="""">Gare de Vaucelles</a><br>- <a href=""https://www.transilien.com/sites/transilien/files/sentinelle-20220409-h-pointdarretbus-stleulaforet.pdf"" target="""">Gare de Saint-Leu la Forêt</a><br>Les horaires du calculateur d'itinéraire tiennent compte de ces travaux.﻿<br>Motif : travaux.</p>";20220701T173014;Transilien Train Transilien H;b3e5375e-f952-11ec-88d1-005056a47b86;travaux
future;Incidents;30;perturbée;SIGNIFICANT_DELAYS;20220215T200000;20220216T033000;b3e5375e-f952-11ec-88d1-005056a47b86;" / Ligne H : Paris-Persan via Valmondois 27/06 -16/12 / <p>Période : à partir de 22h30<br>Dates : du lundi 27 juin jusqu'au vendredi 16 décembre sauf les week-ends et jours fériés.<br>Le trafic est interrompu entre Paris Gare du Nord et Persan - Beaumont via Valmondois.<br>En conséquence, un service de bus de remplacement est mis en place, avec desserte des gares intermédiaires.<br><a href=""https://www.transilien.com/sites/transilien/files/sentinelle-20220701-hparisermontpersanviavalmondois-jusquau16decembre.pdf"" target="""">Pour plus d'informations sur les horaires du lundi 27 juin au vendredi 16 décembre sauf week-ends et jours fériés, cliquez ici pour télécharger l'affiche PDF.</a><br><a href=""https://www.transilien.com/sites/transilien/files/sentinelle-20220418-h-ermontvalmondoispersan-18avril26maiet6juin.pdf"" target="""">Pour plus d'informations sur les horaires des jours fériés, cliquez ici pour télécharger l'affiche PDF.</a><br>Attention à partir du lundi 11 avril 2022 : les arrêts bus de la gare de Vaucelles et Saint-Leu la Forêt sont déplacés, pour connaître les nouveaux emplacements cliquez ici :<br>- <a href=""https://www.transilien.com/sites/transilien/files/sentinelle-20220409-h-pointdarretbus-vaucelles.pdf"" target="""">Gare de Vaucelles</a><br>- <a href=""https://www.transilien.com/sites/transilien/files/sentinelle-20220409-h-pointdarretbus-stleulaforet.pdf"" target="""">Gare de Saint-Leu la Forêt</a><br>Les horaires du calculateur d'itinéraire tiennent compte de ces travaux.﻿<br>Motif : travaux.</p>";20220701T173014;Transilien Train Transilien H;b3e5375e-f952-11ec-88d1-005056a47b86;travaux
future;Incidents;30;perturbée;SIGNIFICANT_DELAYS;20220214T200000;20220215T033000;b3e5375e-f952-11ec-88d1-005056a47b86;" / Ligne H : Paris-Persan via Valmondois 27/06 -16/12 / <p>Période : à partir de 22h30<br>Dates : du lundi 27 juin jusqu'au vendredi 16 décembre sauf les week-ends et jours fériés.<br>Le trafic est interrompu entre Paris Gare du Nord et Persan - Beaumont via Valmondois.<br>En conséquence, un service de bus de remplacement est mis en place, avec desserte des gares intermédiaires.<br><a href=""https://www.transilien.com/sites/transilien/files/sentinelle-20220701-hparisermontpersanviavalmondois-jusquau16decembre.pdf"" target="""">Pour plus d'informations sur les horaires du lundi 27 juin au vendredi 16 décembre sauf week-ends et jours fériés, cliquez ici pour télécharger l'affiche PDF.</a><br><a href=""https://www.transilien.com/sites/transilien/files/sentinelle-20220418-h-ermontvalmondoispersan-18avril26maiet6juin.pdf"" target="""">Pour plus d'informations sur les horaires des jours fériés, cliquez ici pour télécharger l'affiche PDF.</a><br>Attention à partir du lundi 11 avril 2022 : les arrêts bus de la gare de Vaucelles et Saint-Leu la Forêt sont déplacés, pour connaître les nouveaux emplacements cliquez ici :<br>- <a href=""https://www.transilien.com/sites/transilien/files/sentinelle-20220409-h-pointdarretbus-vaucelles.pdf"" target="""">Gare de Vaucelles</a><br>- <a href=""https://www.transilien.com/sites/transilien/files/sentinelle-20220409-h-pointdarretbus-stleulaforet.pdf"" target="""">Gare de Saint-Leu la Forêt</a><br>Les horaires du calculateur d'itinéraire tiennent compte de ces travaux.﻿<br>Motif : travaux.</p>";20220701T173014;Transilien Train Transilien H;b3e5375e-f952-11ec-88d1-005056a47b86;travaux
future;Incidents;30;perturbée;SIGNIFICANT_DELAYS;20220211T200000;20220212T033000;b3e5375e-f952-11ec-88d1-005056a47b86;" / Ligne H : Paris-Persan via Valmondois 27/06 -16/12 / <p>Période : à partir de 22h30<br>Dates : du lundi 27 juin jusqu'au vendredi 16 décembre sauf les week-ends et jours fériés.<br>Le trafic est interrompu entre Paris Gare du Nord et Persan - Beaumont via Valmondois.<br>En conséquence, un service de bus de remplacement est mis en place, avec desserte des gares intermédiaires.<br><a href=""https://www.transilien.com/sites/transilien/files/sentinelle-20220701-hparisermontpersanviavalmondois-jusquau16decembre.pdf"" target="""">Pour plus d'informations sur les horaires du lundi 27 juin au vendredi 16 décembre sauf week-ends et jours fériés, cliquez ici pour télécharger l'affiche PDF.</a><br><a href=""https://www.transilien.com/sites/transilien/files/sentinelle-20220418-h-ermontvalmondoispersan-18avril26maiet6juin.pdf"" target="""">Pour plus d'informations sur les horaires des jours fériés, cliquez ici pour télécharger l'affiche PDF.</a><br>Attention à partir du lundi 11 avril 2022 : les arrêts bus de la gare de Vaucelles et Saint-Leu la Forêt sont déplacés, pour connaître les nouveaux emplacements cliquez ici :<br>- <a href=""https://www.transilien.com/sites/transilien/files/sentinelle-20220409-h-pointdarretbus-vaucelles.pdf"" target="""">Gare de Vaucelles</a><br>- <a href=""https://www.transilien.com/sites/transilien/files/sentinelle-20220409-h-pointdarretbus-stleulaforet.pdf"" target="""">Gare de Saint-Leu la Forêt</a><br>Les horaires du calculateur d'itinéraire tiennent compte de ces travaux.﻿<br>Motif : travaux.</p>";20220701T173014;Transilien Train Transilien H;b3e5375e-f952-11ec-88d1-005056a47b86;travaux
future;Incidents;30;perturbée;SIGNIFICANT_DELAYS;20220210T200000;20220211T033000;b3e5375e-f952-11ec-88d1-005056a47b86;" / Ligne H : Paris-Persan via Valmondois 27/06 -16/12 / <p>Période : à partir de 22h30<br>Dates : du lundi 27 juin jusqu'au vendredi 16 décembre sauf les week-ends et jours fériés.<br>Le trafic est interrompu entre Paris Gare du Nord et Persan - Beaumont via Valmondois.<br>En conséquence, un service de bus de remplacement est mis en place, avec desserte des gares intermédiaires.<br><a href=""https://www.transilien.com/sites/transilien/files/sentinelle-20220701-hparisermontpersanviavalmondois-jusquau16decembre.pdf"" target="""">Pour plus d'informations sur les horaires du lundi 27 juin au vendredi 16 décembre sauf week-ends et jours fériés, cliquez ici pour télécharger l'affiche PDF.</a><br><a href=""https://www.transilien.com/sites/transilien/files/sentinelle-20220418-h-ermontvalmondoispersan-18avril26maiet6juin.pdf"" target="""">Pour plus d'informations sur les horaires des jours fériés, cliquez ici pour télécharger l'affiche PDF.</a><br>Attention à partir du lundi 11 avril 2022 : les arrêts bus de la gare de Vaucelles et Saint-Leu la Forêt sont déplacés, pour connaître les nouveaux emplacements cliquez ici :<br>- <a href=""https://www.transilien.com/sites/transilien/files/sentinelle-20220409-h-pointdarretbus-vaucelles.pdf"" target="""">Gare de Vaucelles</a><br>- <a href=""https://www.transilien.com/sites/transilien/files/sentinelle-20220409-h-pointdarretbus-stleulaforet.pdf"" target="""">Gare de Saint-Leu la Forêt</a><br>Les horaires du calculateur d'itinéraire tiennent compte de ces travaux.﻿<br>Motif : travaux.</p>";20220701T173014;Transilien Train Transilien H;b3e5375e-f952-11ec-88d1-005056a47b86;travaux
future;Incidents;30;perturbée;SIGNIFICANT_DELAYS;20220209T200000;20220210T033000;b3e5375e-f952-11ec-88d1-005056a47b86;" / Ligne H : Paris-Persan via Valmondois 27/06 -16/12 / <p>Période : à partir de 22h30<br>Dates : du lundi 27 juin jusqu'au vendredi 16 décembre sauf les week-ends et jours fériés.<br>Le trafic est interrompu entre Paris Gare du Nord et Persan - Beaumont via Valmondois.<br>En conséquence, un service de bus de remplacement est mis en place, avec desserte des gares intermédiaires.<br><a href=""https://www.transilien.com/sites/transilien/files/sentinelle-20220701-hparisermontpersanviavalmondois-jusquau16decembre.pdf"" target="""">Pour plus d'informations sur les horaires du lundi 27 juin au vendredi 16 décembre sauf week-ends et jours fériés, cliquez ici pour télécharger l'affiche PDF.</a><br><a href=""https://www.transilien.com/sites/transilien/files/sentinelle-20220418-h-ermontvalmondoispersan-18avril26maiet6juin.pdf"" target="""">Pour plus d'informations sur les horaires des jours fériés, cliquez ici pour télécharger l'affiche PDF.</a><br>Attention à partir du lundi 11 avril 2022 : les arrêts bus de la gare de Vaucelles et Saint-Leu la Forêt sont déplacés, pour connaître les nouveaux emplacements cliquez ici :<br>- <a href=""https://www.transilien.com/sites/transilien/files/sentinelle-20220409-h-pointdarretbus-vaucelles.pdf"" target="""">Gare de Vaucelles</a><br>- <a href=""https://www.transilien.com/sites/transilien/files/sentinelle-20220409-h-pointdarretbus-stleulaforet.pdf"" target="""">Gare de Saint-Leu la Forêt</a><br>Les horaires du calculateur d'itinéraire tiennent compte de ces travaux.﻿<br>Motif : travaux.</p>";20220701T173014;Transilien Train Transilien H;b3e5375e-f952-11ec-88d1-005056a47b86;travaux
future;Incidents;30;perturbée;SIGNIFICANT_DELAYS;20221116T132200;20221117T023000;b3e5375e-f952-11ec-88d1-005056a47b86;" / Ligne H : Paris-Persan via Valmondois 27/06 -16/12 / <p>Période : à partir de 22h30<br>Dates : du lundi 27 juin jusqu'au vendredi 16 décembre sauf les week-ends et jours fériés.<br>Le trafic est interrompu entre Paris Gare du Nord et Persan - Beaumont via Valmondois.<br>En conséquence, un service de bus de remplacement est mis en place, avec desserte des gares intermédiaires.<br><a href=""https://www.transilien.com/sites/transilien/files/sentinelle-20220701-hparisermontpersanviavalmondois-jusquau16decembre.pdf"" target="""">Pour plus d'informations sur les horaires du lundi 27 juin au vendredi 16 décembre sauf week-ends et jours fériés, cliquez ici pour télécharger l'affiche PDF.</a><br><a href=""https://www.transilien.com/sites/transilien/files/sentinelle-20220418-h-ermontvalmondoispersan-18avril26maiet6juin.pdf"" target="""">Pour plus d'informations sur les horaires des jours fériés, cliquez ici pour télécharger l'affiche PDF.</a><br>Attention à partir du lundi 11 avril 2022 : les arrêts bus de la gare de Vaucelles et Saint-Leu la Forêt sont déplacés, pour connaître les nouveaux emplacements cliquez ici :<br>- <a href=""https://www.transilien.com/sites/transilien/files/sentinelle-20220409-h-pointdarretbus-vaucelles.pdf"" target="""">Gare de Vaucelles</a><br>- <a href=""https://www.transilien.com/sites/transilien/files/sentinelle-20220409-h-pointdarretbus-stleulaforet.pdf"" target="""">Gare de Saint-Leu la Forêt</a><br>Les horaires du calculateur d'itinéraire tiennent compte de ces travaux.﻿<br>Motif : travaux.</p>";20220701T173014;Transilien Train Transilien H;b3e5375e-f952-11ec-88d1-005056a47b86;travaux
future;Incidents;30;perturbée;SIGNIFICANT_DELAYS;20221114T132200;20221115T023000;b3e5375e-f952-11ec-88d1-005056a47b86;" / Ligne H : Paris-Persan via Valmondois 27/06 -16/12 / <p>Période : à partir de 22h30<br>Dates : du lundi 27 juin jusqu'au vendredi 16 décembre sauf les week-ends et jours fériés.<br>Le trafic est interrompu entre Paris Gare du Nord et Persan - Beaumont via Valmondois.<br>En conséquence, un service de bus de remplacement est mis en place, avec desserte des gares intermédiaires.<br><a href=""https://www.transilien.com/sites/transilien/files/sentinelle-20220701-hparisermontpersanviavalmondois-jusquau16decembre.pdf"" target="""">Pour plus d'informations sur les horaires du lundi 27 juin au vendredi 16 décembre sauf week-ends et jours fériés, cliquez ici pour télécharger l'affiche PDF.</a><br><a href=""https://www.transilien.com/sites/transilien/files/sentinelle-20220418-h-ermontvalmondoispersan-18avril26maiet6juin.pdf"" target="""">Pour plus d'informations sur les horaires des jours fériés, cliquez ici pour télécharger l'affiche PDF.</a><br>Attention à partir du lundi 11 avril 2022 : les arrêts bus de la gare de Vaucelles et Saint-Leu la Forêt sont déplacés, pour connaître les nouveaux emplacements cliquez ici :<br>- <a href=""https://www.transilien.com/sites/transilien/files/sentinelle-20220409-h-pointdarretbus-vaucelles.pdf"" target="""">Gare de Vaucelles</a><br>- <a href=""https://www.transilien.com/sites/transilien/files/sentinelle-20220409-h-pointdarretbus-stleulaforet.pdf"" target="""">Gare de Saint-Leu la Forêt</a><br>Les horaires du calculateur d'itinéraire tiennent compte de ces travaux.﻿<br>Motif : travaux.</p>";20220701T173014;Transilien Train Transilien H;b3e5375e-f952-11ec-88d1-005056a47b86;travaux
future;Incidents;30;perturbée;SIGNIFICANT_DELAYS;20221111T132200;20221112T023000;b3e5375e-f952-11ec-88d1-005056a47b86;" / Ligne H : Paris-Persan via Valmondois 27/06 -16/12 / <p>Période : à partir de 22h30<br>Dates : du lundi 27 juin jusqu'au vendredi 16 décembre sauf les week-ends et jours fériés.<br>Le trafic est interrompu entre Paris Gare du Nord et Persan - Beaumont via Valmondois.<br>En conséquence, un service de bus de remplacement est mis en place, avec desserte des gares intermédiaires.<br><a href=""https://www.transilien.com/sites/transilien/files/sentinelle-20220701-hparisermontpersanviavalmondois-jusquau16decembre.pdf"" target="""">Pour plus d'informations sur les horaires du lundi 27 juin au vendredi 16 décembre sauf week-ends et jours fériés, cliquez ici pour télécharger l'affiche PDF.</a><br><a href=""https://www.transilien.com/sites/transilien/files/sentinelle-20220418-h-ermontvalmondoispersan-18avril26maiet6juin.pdf"" target="""">Pour plus d'informations sur les horaires des jours fériés, cliquez ici pour télécharger l'affiche PDF.</a><br>Attention à partir du lundi 11 avril 2022 : les arrêts bus de la gare de Vaucelles et Saint-Leu la Forêt sont déplacés, pour connaître les nouveaux emplacements cliquez ici :<br>- <a href=""https://www.transilien.com/sites/transilien/files/sentinelle-20220409-h-pointdarretbus-vaucelles.pdf"" target="""">Gare de Vaucelles</a><br>- <a href=""https://www.transilien.com/sites/transilien/files/sentinelle-20220409-h-pointdarretbus-stleulaforet.pdf"" target="""">Gare de Saint-Leu la Forêt</a><br>Les horaires du calculateur d'itinéraire tiennent compte de ces travaux.﻿<br>Motif : travaux.</p>";20220701T173014;Transilien Train Transilien H;b3e5375e-f952-11ec-88d1-005056a47b86;travaux
future;Incidents;30;perturbée;SIGNIFICANT_DELAYS;20221110T132200;20221111T023000;b3e5375e-f952-11ec-88d1-005056a47b86;" / Ligne H : Paris-Persan via Valmondois 27/06 -16/12 / <p>Période : à partir de 22h30<br>Dates : du lundi 27 juin jusqu'au vendredi 16 décembre sauf les week-ends et jours fériés.<br>Le trafic est interrompu entre Paris Gare du Nord et Persan - Beaumont via Valmondois.<br>En conséquence, un service de bus de remplacement est mis en place, avec desserte des gares intermédiaires.<br><a href=""https://www.transilien.com/sites/transilien/files/sentinelle-20220701-hparisermontpersanviavalmondois-jusquau16decembre.pdf"" target="""">Pour plus d'informations sur les horaires du lundi 27 juin au vendredi 16 décembre sauf week-ends et jours fériés, cliquez ici pour télécharger l'affiche PDF.</a><br><a href=""https://www.transilien.com/sites/transilien/files/sentinelle-20220418-h-ermontvalmondoispersan-18avril26maiet6juin.pdf"" target="""">Pour plus d'informations sur les horaires des jours fériés, cliquez ici pour télécharger l'affiche PDF.</a><br>Attention à partir du lundi 11 avril 2022 : les arrêts bus de la gare de Vaucelles et Saint-Leu la Forêt sont déplacés, pour connaître les nouveaux emplacements cliquez ici :<br>- <a href=""https://www.transilien.com/sites/transilien/files/sentinelle-20220409-h-pointdarretbus-vaucelles.pdf"" target="""">Gare de Vaucelles</a><br>- <a href=""https://www.transilien.com/sites/transilien/files/sentinelle-20220409-h-pointdarretbus-stleulaforet.pdf"" target="""">Gare de Saint-Leu la Forêt</a><br>Les horaires du calculateur d'itinéraire tiennent compte de ces travaux.﻿<br>Motif : travaux.</p>";20220701T173014;Transilien Train Transilien H;b3e5375e-f952-11ec-88d1-005056a47b86;travaux
future;Incidents;30;perturbée;SIGNIFICANT_DELAYS;20221108T132200;20221109T023000;b3e5375e-f952-11ec-88d1-005056a47b86;" / Ligne H : Paris-Persan via Valmondois 27/06 -16/12 / <p>Période : à partir de 22h30<br>Dates : du lundi 27 juin jusqu'au vendredi 16 décembre sauf les week-ends et jours fériés.<br>Le trafic est interrompu entre Paris Gare du Nord et Persan - Beaumont via Valmondois.<br>En conséquence, un service de bus de remplacement est mis en place, avec desserte des gares intermédiaires.<br><a href=""https://www.transilien.com/sites/transilien/files/sentinelle-20220701-hparisermontpersanviavalmondois-jusquau16decembre.pdf"" target="""">Pour plus d'informations sur les horaires du lundi 27 juin au vendredi 16 décembre sauf week-ends et jours fériés, cliquez ici pour télécharger l'affiche PDF.</a><br><a href=""https://www.transilien.com/sites/transilien/files/sentinelle-20220418-h-ermontvalmondoispersan-18avril26maiet6juin.pdf"" target="""">Pour plus d'informations sur les horaires des jours fériés, cliquez ici pour télécharger l'affiche PDF.</a><br>Attention à partir du lundi 11 avril 2022 : les arrêts bus de la gare de Vaucelles et Saint-Leu la Forêt sont déplacés, pour connaître les nouveaux emplacements cliquez ici :<br>- <a href=""https://www.transilien.com/sites/transilien/files/sentinelle-20220409-h-pointdarretbus-vaucelles.pdf"" target="""">Gare de Vaucelles</a><br>- <a href=""https://www.transilien.com/sites/transilien/files/sentinelle-20220409-h-pointdarretbus-stleulaforet.pdf"" target="""">Gare de Saint-Leu la Forêt</a><br>Les horaires du calculateur d'itinéraire tiennent compte de ces travaux.﻿<br>Motif : travaux.</p>";20220701T173014;Transilien Train Transilien H;b3e5375e-f952-11ec-88d1-005056a47b86;travaux
future;Incidents;30;perturbée;SIGNIFICANT_DELAYS;20221107T132200;20221108T023000;b3e5375e-f952-11ec-88d1-005056a47b86;" / Ligne H : Paris-Persan via Valmondois 27/06 -16/12 / <p>Période : à partir de 22h30<br>Dates : du lundi 27 juin jusqu'au vendredi 16 décembre sauf les week-ends et jours fériés.<br>Le trafic est interrompu entre Paris Gare du Nord et Persan - Beaumont via Valmondois.<br>En conséquence, un service de bus de remplacement est mis en place, avec desserte des gares intermédiaires.<br><a href=""https://www.transilien.com/sites/transilien/files/sentinelle-20220701-hparisermontpersanviavalmondois-jusquau16decembre.pdf"" target="""">Pour plus d'informations sur les horaires du lundi 27 juin au vendredi 16 décembre sauf week-ends et jours fériés, cliquez ici pour télécharger l'affiche PDF.</a><br><a href=""https://www.transilien.com/sites/transilien/files/sentinelle-20220418-h-ermontvalmondoispersan-18avril26maiet6juin.pdf"" target="""">Pour plus d'informations sur les horaires des jours fériés, cliquez ici pour télécharger l'affiche PDF.</a><br>Attention à partir du lundi 11 avril 2022 : les arrêts bus de la gare de Vaucelles et Saint-Leu la Forêt sont déplacés, pour connaître les nouveaux emplacements cliquez ici :<br>- <a href=""https://www.transilien.com/sites/transilien/files/sentinelle-20220409-h-pointdarretbus-vaucelles.pdf"" target="""">Gare de Vaucelles</a><br>- <a href=""https://www.transilien.com/sites/transilien/files/sentinelle-20220409-h-pointdarretbus-stleulaforet.pdf"" target="""">Gare de Saint-Leu la Forêt</a><br>Les horaires du calculateur d'itinéraire tiennent compte de ces travaux.﻿<br>Motif : travaux.</p>";20220701T173014;Transilien Train Transilien H;b3e5375e-f952-11ec-88d1-005056a47b86;travaux
future;Incidents;30;perturbée;SIGNIFICANT_DELAYS;20221104T132200;20221105T023000;b3e5375e-f952-11ec-88d1-005056a47b86;" / Ligne H : Paris-Persan via Valmondois 27/06 -16/12 / <p>Période : à partir de 22h30<br>Dates : du lundi 27 juin jusqu'au vendredi 16 décembre sauf les week-ends et jours fériés.<br>Le trafic est interrompu entre Paris Gare du Nord et Persan - Beaumont via Valmondois.<br>En conséquence, un service de bus de remplacement est mis en place, avec desserte des gares intermédiaires.<br><a href=""https://www.transilien.com/sites/transilien/files/sentinelle-20220701-hparisermontpersanviavalmondois-jusquau16decembre.pdf"" target="""">Pour plus d'informations sur les horaires du lundi 27 juin au vendredi 16 décembre sauf week-ends et jours fériés, cliquez ici pour télécharger l'affiche PDF.</a><br><a href=""https://www.transilien.com/sites/transilien/files/sentinelle-20220418-h-ermontvalmondoispersan-18avril26maiet6juin.pdf"" target="""">Pour plus d'informations sur les horaires des jours fériés, cliquez ici pour télécharger l'affiche PDF.</a><br>Attention à partir du lundi 11 avril 2022 : les arrêts bus de la gare de Vaucelles et Saint-Leu la Forêt sont déplacés, pour connaître les nouveaux emplacements cliquez ici :<br>- <a href=""https://www.transilien.com/sites/transilien/files/sentinelle-20220409-h-pointdarretbus-vaucelles.pdf"" target="""">Gare de Vaucelles</a><br>- <a href=""https://www.transilien.com/sites/transilien/files/sentinelle-20220409-h-pointdarretbus-stleulaforet.pdf"" target="""">Gare de Saint-Leu la Forêt</a><br>Les horaires du calculateur d'itinéraire tiennent compte de ces travaux.﻿<br>Motif : travaux.</p>";20220701T173014;Transilien Train Transilien H;b3e5375e-f952-11ec-88d1-005056a47b86;travaux
future;Incidents;30;perturbée;SIGNIFICANT_DELAYS;20221102T132200;20221103T023000;b3e5375e-f952-11ec-88d1-005056a47b86;" / Ligne H : Paris-Persan via Valmondois 27/06 -16/12 / <p>Période : à partir de 22h30<br>Dates : du lundi 27 juin jusqu'au vendredi 16 décembre sauf les week-ends et jours fériés.<br>Le trafic est interrompu entre Paris Gare du Nord et Persan - Beaumont via Valmondois.<br>En conséquence, un service de bus de remplacement est mis en place, avec desserte des gares intermédiaires.<br><a href=""https://www.transilien.com/sites/transilien/files/sentinelle-20220701-hparisermontpersanviavalmondois-jusquau16decembre.pdf"" target="""">Pour plus d'informations sur les horaires du lundi 27 juin au vendredi 16 décembre sauf week-ends et jours fériés, cliquez ici pour télécharger l'affiche PDF.</a><br><a href=""https://www.transilien.com/sites/transilien/files/sentinelle-20220418-h-ermontvalmondoispersan-18avril26maiet6juin.pdf"" target="""">Pour plus d'informations sur les horaires des jours fériés, cliquez ici pour télécharger l'affiche PDF.</a><br>Attention à partir du lundi 11 avril 2022 : les arrêts bus de la gare de Vaucelles et Saint-Leu la Forêt sont déplacés, pour connaître les nouveaux emplacements cliquez ici :<br>- <a href=""https://www.transilien.com/sites/transilien/files/sentinelle-20220409-h-pointdarretbus-vaucelles.pdf"" target="""">Gare de Vaucelles</a><br>- <a href=""https://www.transilien.com/sites/transilien/files/sentinelle-20220409-h-pointdarretbus-stleulaforet.pdf"" target="""">Gare de Saint-Leu la Forêt</a><br>Les horaires du calculateur d'itinéraire tiennent compte de ces travaux.﻿<br>Motif : travaux.</p>";20220701T173014;Transilien Train Transilien H;b3e5375e-f952-11ec-88d1-005056a47b86;travaux
future;Incidents;30;perturbée;SIGNIFICANT_DELAYS;20221101T132200;20221102T023000;b3e5375e-f952-11ec-88d1-005056a47b86;" / Ligne H : Paris-Persan via Valmondois 27/06 -16/12 / <p>Période : à partir de 22h30<br>Dates : du lundi 27 juin jusqu'au vendredi 16 décembre sauf les week-ends et jours fériés.<br>Le trafic est interrompu entre Paris Gare du Nord et Persan - Beaumont via Valmondois.<br>En conséquence, un service de bus de remplacement est mis en place, avec desserte des gares intermédiaires.<br><a href=""https://www.transilien.com/sites/transilien/files/sentinelle-20220701-hparisermontpersanviavalmondois-jusquau16decembre.pdf"" target="""">Pour plus d'informations sur les horaires du lundi 27 juin au vendredi 16 décembre sauf week-ends et jours fériés, cliquez ici pour télécharger l'affiche PDF.</a><br><a href=""https://www.transilien.com/sites/transilien/files/sentinelle-20220418-h-ermontvalmondoispersan-18avril26maiet6juin.pdf"" target="""">Pour plus d'informations sur les horaires des jours fériés, cliquez ici pour télécharger l'affiche PDF.</a><br>Attention à partir du lundi 11 avril 2022 : les arrêts bus de la gare de Vaucelles et Saint-Leu la Forêt sont déplacés, pour connaître les nouveaux emplacements cliquez ici :<br>- <a href=""https://www.transilien.com/sites/transilien/files/sentinelle-20220409-h-pointdarretbus-vaucelles.pdf"" target="""">Gare de Vaucelles</a><br>- <a href=""https://www.transilien.com/sites/transilien/files/sentinelle-20220409-h-pointdarretbus-stleulaforet.pdf"" target="""">Gare de Saint-Leu la Forêt</a><br>Les horaires du calculateur d'itinéraire tiennent compte de ces travaux.﻿<br>Motif : travaux.</p>";20220701T173014;Transilien Train Transilien H;b3e5375e-f952-11ec-88d1-005056a47b86;travaux
future;Incidents;30;perturbée;SIGNIFICANT_DELAYS;20221031T132200;20221101T023000;b3e5375e-f952-11ec-88d1-005056a47b86;" / Ligne H : Paris-Persan via Valmondois 27/06 -16/12 / <p>Période : à partir de 22h30<br>Dates : du lundi 27 juin jusqu'au vendredi 16 décembre sauf les week-ends et jours fériés.<br>Le trafic est interrompu entre Paris Gare du Nord et Persan - Beaumont via Valmondois.<br>En conséquence, un service de bus de remplacement est mis en place, avec desserte des gares intermédiaires.<br><a href=""https://www.transilien.com/sites/transilien/files/sentinelle-20220701-hparisermontpersanviavalmondois-jusquau16decembre.pdf"" target="""">Pour plus d'informations sur les horaires du lundi 27 juin au vendredi 16 décembre sauf week-ends et jours fériés, cliquez ici pour télécharger l'affiche PDF.</a><br><a href=""https://www.transilien.com/sites/transilien/files/sentinelle-20220418-h-ermontvalmondoispersan-18avril26maiet6juin.pdf"" target="""">Pour plus d'informations sur les horaires des jours fériés, cliquez ici pour télécharger l'affiche PDF.</a><br>Attention à partir du lundi 11 avril 2022 : les arrêts bus de la gare de Vaucelles et Saint-Leu la Forêt sont déplacés, pour connaître les nouveaux emplacements cliquez ici :<br>- <a href=""https://www.transilien.com/sites/transilien/files/sentinelle-20220409-h-pointdarretbus-vaucelles.pdf"" target="""">Gare de Vaucelles</a><br>- <a href=""https://www.transilien.com/sites/transilien/files/sentinelle-20220409-h-pointdarretbus-stleulaforet.pdf"" target="""">Gare de Saint-Leu la Forêt</a><br>Les horaires du calculateur d'itinéraire tiennent compte de ces travaux.﻿<br>Motif : travaux.</p>";20220701T173014;Transilien Train Transilien H;b3e5375e-f952-11ec-88d1-005056a47b86;travaux
future;Incidents;30;perturbée;SIGNIFICANT_DELAYS;20221027T132200;20221028T023000;b3e5375e-f952-11ec-88d1-005056a47b86;" / Ligne H : Paris-Persan via Valmondois 27/06 -16/12 / <p>Période : à partir de 22h30<br>Dates : du lundi 27 juin jusqu'au vendredi 16 décembre sauf les week-ends et jours fériés.<br>Le trafic est interrompu entre Paris Gare du Nord et Persan - Beaumont via Valmondois.<br>En conséquence, un service de bus de remplacement est mis en place, avec desserte des gares intermédiaires.<br><a href=""https://www.transilien.com/sites/transilien/files/sentinelle-20220701-hparisermontpersanviavalmondois-jusquau16decembre.pdf"" target="""">Pour plus d'informations sur les horaires du lundi 27 juin au vendredi 16 décembre sauf week-ends et jours fériés, cliquez ici pour télécharger l'affiche PDF.</a><br><a href=""https://www.transilien.com/sites/transilien/files/sentinelle-20220418-h-ermontvalmondoispersan-18avril26maiet6juin.pdf"" target="""">Pour plus d'informations sur les horaires des jours fériés, cliquez ici pour télécharger l'affiche PDF.</a><br>Attention à partir du lundi 11 avril 2022 : les arrêts bus de la gare de Vaucelles et Saint-Leu la Forêt sont déplacés, pour connaître les nouveaux emplacements cliquez ici :<br>- <a href=""https://www.transilien.com/sites/transilien/files/sentinelle-20220409-h-pointdarretbus-vaucelles.pdf"" target="""">Gare de Vaucelles</a><br>- <a href=""https://www.transilien.com/sites/transilien/files/sentinelle-20220409-h-pointdarretbus-stleulaforet.pdf"" target="""">Gare de Saint-Leu la Forêt</a><br>Les horaires du calculateur d'itinéraire tiennent compte de ces travaux.﻿<br>Motif : travaux.</p>";20220701T173014;Transilien Train Transilien H;b3e5375e-f952-11ec-88d1-005056a47b86;travaux
future;Incidents;30;perturbée;SIGNIFICANT_DELAYS;20221026T132200;20221027T023000;b3e5375e-f952-11ec-88d1-005056a47b86;" / Ligne H : Paris-Persan via Valmondois 27/06 -16/12 / <p>Période : à partir de 22h30<br>Dates : du lundi 27 juin jusqu'au vendredi 16 décembre sauf les week-ends et jours fériés.<br>Le trafic est interrompu entre Paris Gare du Nord et Persan - Beaumont via Valmondois.<br>En conséquence, un service de bus de remplacement est mis en place, avec desserte des gares intermédiaires.<br><a href=""https://www.transilien.com/sites/transilien/files/sentinelle-20220701-hparisermontpersanviavalmondois-jusquau16decembre.pdf"" target="""">Pour plus d'informations sur les horaires du lundi 27 juin au vendredi 16 décembre sauf week-ends et jours fériés, cliquez ici pour télécharger l'affiche PDF.</a><br><a href=""https://www.transilien.com/sites/transilien/files/sentinelle-20220418-h-ermontvalmondoispersan-18avril26maiet6juin.pdf"" target="""">Pour plus d'informations sur les horaires des jours fériés, cliquez ici pour télécharger l'affiche PDF.</a><br>Attention à partir du lundi 11 avril 2022 : les arrêts bus de la gare de Vaucelles et Saint-Leu la Forêt sont déplacés, pour connaître les nouveaux emplacements cliquez ici :<br>- <a href=""https://www.transilien.com/sites/transilien/files/sentinelle-20220409-h-pointdarretbus-vaucelles.pdf"" target="""">Gare de Vaucelles</a><br>- <a href=""https://www.transilien.com/sites/transilien/files/sentinelle-20220409-h-pointdarretbus-stleulaforet.pdf"" target="""">Gare de Saint-Leu la Forêt</a><br>Les horaires du calculateur d'itinéraire tiennent compte de ces travaux.﻿<br>Motif : travaux.</p>";20220701T173014;Transilien Train Transilien H;b3e5375e-f952-11ec-88d1-005056a47b86;travaux
future;Incidents;30;perturbée;SIGNIFICANT_DELAYS;20221025T132200;20221026T023000;b3e5375e-f952-11ec-88d1-005056a47b86;" / Ligne H : Paris-Persan via Valmondois 27/06 -16/12 / <p>Période : à partir de 22h30<br>Dates : du lundi 27 juin jusqu'au vendredi 16 décembre sauf les week-ends et jours fériés.<br>Le trafic est interrompu entre Paris Gare du Nord et Persan - Beaumont via Valmondois.<br>En conséquence, un service de bus de remplacement est mis en place, avec desserte des gares intermédiaires.<br><a href=""https://www.transilien.com/sites/transilien/files/sentinelle-20220701-hparisermontpersanviavalmondois-jusquau16decembre.pdf"" target="""">Pour plus d'informations sur les horaires du lundi 27 juin au vendredi 16 décembre sauf week-ends et jours fériés, cliquez ici pour télécharger l'affiche PDF.</a><br><a href=""https://www.transilien.com/sites/transilien/files/sentinelle-20220418-h-ermontvalmondoispersan-18avril26maiet6juin.pdf"" target="""">Pour plus d'informations sur les horaires des jours fériés, cliquez ici pour télécharger l'affiche PDF.</a><br>Attention à partir du lundi 11 avril 2022 : les arrêts bus de la gare de Vaucelles et Saint-Leu la Forêt sont déplacés, pour connaître les nouveaux emplacements cliquez ici :<br>- <a href=""https://www.transilien.com/sites/transilien/files/sentinelle-20220409-h-pointdarretbus-vaucelles.pdf"" target="""">Gare de Vaucelles</a><br>- <a href=""https://www.transilien.com/sites/transilien/files/sentinelle-20220409-h-pointdarretbus-stleulaforet.pdf"" target="""">Gare de Saint-Leu la Forêt</a><br>Les horaires du calculateur d'itinéraire tiennent compte de ces travaux.﻿<br>Motif : travaux.</p>";20220701T173014;Transilien Train Transilien H;b3e5375e-f952-11ec-88d1-005056a47b86;travaux
future;Incidents;30;perturbée;SIGNIFICANT_DELAYS;20221021T132200;20221022T023000;b3e5375e-f952-11ec-88d1-005056a47b86;" / Ligne H : Paris-Persan via Valmondois 27/06 -16/12 / <p>Période : à partir de 22h30<br>Dates : du lundi 27 juin jusqu'au vendredi 16 décembre sauf les week-ends et jours fériés.<br>Le trafic est interrompu entre Paris Gare du Nord et Persan - Beaumont via Valmondois.<br>En conséquence, un service de bus de remplacement est mis en place, avec desserte des gares intermédiaires.<br><a href=""https://www.transilien.com/sites/transilien/files/sentinelle-20220701-hparisermontpersanviavalmondois-jusquau16decembre.pdf"" target="""">Pour plus d'informations sur les horaires du lundi 27 juin au vendredi 16 décembre sauf week-ends et jours fériés, cliquez ici pour télécharger l'affiche PDF.</a><br><a href=""https://www.transilien.com/sites/transilien/files/sentinelle-20220418-h-ermontvalmondoispersan-18avril26maiet6juin.pdf"" target="""">Pour plus d'informations sur les horaires des jours fériés, cliquez ici pour télécharger l'affiche PDF.</a><br>Attention à partir du lundi 11 avril 2022 : les arrêts bus de la gare de Vaucelles et Saint-Leu la Forêt sont déplacés, pour connaître les nouveaux emplacements cliquez ici :<br>- <a href=""https://www.transilien.com/sites/transilien/files/sentinelle-20220409-h-pointdarretbus-vaucelles.pdf"" target="""">Gare de Vaucelles</a><br>- <a href=""https://www.transilien.com/sites/transilien/files/sentinelle-20220409-h-pointdarretbus-stleulaforet.pdf"" target="""">Gare de Saint-Leu la Forêt</a><br>Les horaires du calculateur d'itinéraire tiennent compte de ces travaux.﻿<br>Motif : travaux.</p>";20220701T173014;Transilien Train Transilien H;b3e5375e-f952-11ec-88d1-005056a47b86;travaux
future;Incidents;30;perturbée;SIGNIFICANT_DELAYS;20221020T132200;20221021T023000;b3e5375e-f952-11ec-88d1-005056a47b86;" / Ligne H : Paris-Persan via Valmondois 27/06 -16/12 / <p>Période : à partir de 22h30<br>Dates : du lundi 27 juin jusqu'au vendredi 16 décembre sauf les week-ends et jours fériés.<br>Le trafic est interrompu entre Paris Gare du Nord et Persan - Beaumont via Valmondois.<br>En conséquence, un service de bus de remplacement est mis en place, avec desserte des gares intermédiaires.<br><a href=""https://www.transilien.com/sites/transilien/files/sentinelle-20220701-hparisermontpersanviavalmondois-jusquau16decembre.pdf"" target="""">Pour plus d'informations sur les horaires du lundi 27 juin au vendredi 16 décembre sauf week-ends et jours fériés, cliquez ici pour télécharger l'affiche PDF.</a><br><a href=""https://www.transilien.com/sites/transilien/files/sentinelle-20220418-h-ermontvalmondoispersan-18avril26maiet6juin.pdf"" target="""">Pour plus d'informations sur les horaires des jours fériés, cliquez ici pour télécharger l'affiche PDF.</a><br>Attention à partir du lundi 11 avril 2022 : les arrêts bus de la gare de Vaucelles et Saint-Leu la Forêt sont déplacés, pour connaître les nouveaux emplacements cliquez ici :<br>- <a href=""https://www.transilien.com/sites/transilien/files/sentinelle-20220409-h-pointdarretbus-vaucelles.pdf"" target="""">Gare de Vaucelles</a><br>- <a href=""https://www.transilien.com/sites/transilien/files/sentinelle-20220409-h-pointdarretbus-stleulaforet.pdf"" target="""">Gare de Saint-Leu la Forêt</a><br>Les horaires du calculateur d'itinéraire tiennent compte de ces travaux.﻿<br>Motif : travaux.</p>";20220701T173014;Transilien Train Transilien H;b3e5375e-f952-11ec-88d1-005056a47b86;travaux
future;Incidents;30;perturbée;SIGNIFICANT_DELAYS;20221019T132200;20221020T023000;b3e5375e-f952-11ec-88d1-005056a47b86;" / Ligne H : Paris-Persan via Valmondois 27/06 -16/12 / <p>Période : à partir de 22h30<br>Dates : du lundi 27 juin jusqu'au vendredi 16 décembre sauf les week-ends et jours fériés.<br>Le trafic est interrompu entre Paris Gare du Nord et Persan - Beaumont via Valmondois.<br>En conséquence, un service de bus de remplacement est mis en place, avec desserte des gares intermédiaires.<br><a href=""https://www.transilien.com/sites/transilien/files/sentinelle-20220701-hparisermontpersanviavalmondois-jusquau16decembre.pdf"" target="""">Pour plus d'informations sur les horaires du lundi 27 juin au vendredi 16 décembre sauf week-ends et jours fériés, cliquez ici pour télécharger l'affiche PDF.</a><br><a href=""https://www.transilien.com/sites/transilien/files/sentinelle-20220418-h-ermontvalmondoispersan-18avril26maiet6juin.pdf"" target="""">Pour plus d'informations sur les horaires des jours fériés, cliquez ici pour télécharger l'affiche PDF.</a><br>Attention à partir du lundi 11 avril 2022 : les arrêts bus de la gare de Vaucelles et Saint-Leu la Forêt sont déplacés, pour connaître les nouveaux emplacements cliquez ici :<br>- <a href=""https://www.transilien.com/sites/transilien/files/sentinelle-20220409-h-pointdarretbus-vaucelles.pdf"" target="""">Gare de Vaucelles</a><br>- <a href=""https://www.transilien.com/sites/transilien/files/sentinelle-20220409-h-pointdarretbus-stleulaforet.pdf"" target="""">Gare de Saint-Leu la Forêt</a><br>Les horaires du calculateur d'itinéraire tiennent compte de ces travaux.﻿<br>Motif : travaux.</p>";20220701T173014;Transilien Train Transilien H;b3e5375e-f952-11ec-88d1-005056a47b86;travaux
future;Incidents;30;perturbée;SIGNIFICANT_DELAYS;20221017T220000;20221018T000000;b3e5375e-f952-11ec-88d1-005056a47b86;" / Ligne H : Paris-Persan via Valmondois 27/06 -16/12 / <p>Période : à partir de 22h30<br>Dates : du lundi 27 juin jusqu'au vendredi 16 décembre sauf les week-ends et jours fériés.<br>Le trafic est interrompu entre Paris Gare du Nord et Persan - Beaumont via Valmondois.<br>En conséquence, un service de bus de remplacement est mis en place, avec desserte des gares intermédiaires.<br><a href=""https://www.transilien.com/sites/transilien/files/sentinelle-20220701-hparisermontpersanviavalmondois-jusquau16decembre.pdf"" target="""">Pour plus d'informations sur les horaires du lundi 27 juin au vendredi 16 décembre sauf week-ends et jours fériés, cliquez ici pour télécharger l'affiche PDF.</a><br><a href=""https://www.transilien.com/sites/transilien/files/sentinelle-20220418-h-ermontvalmondoispersan-18avril26maiet6juin.pdf"" target="""">Pour plus d'informations sur les horaires des jours fériés, cliquez ici pour télécharger l'affiche PDF.</a><br>Attention à partir du lundi 11 avril 2022 : les arrêts bus de la gare de Vaucelles et Saint-Leu la Forêt sont déplacés, pour connaître les nouveaux emplacements cliquez ici :<br>- <a href=""https://www.transilien.com/sites/transilien/files/sentinelle-20220409-h-pointdarretbus-vaucelles.pdf"" target="""">Gare de Vaucelles</a><br>- <a href=""https://www.transilien.com/sites/transilien/files/sentinelle-20220409-h-pointdarretbus-stleulaforet.pdf"" target="""">Gare de Saint-Leu la Forêt</a><br>Les horaires du calculateur d'itinéraire tiennent compte de ces travaux.﻿<br>Motif : travaux.</p>";20220701T173014;Transilien Train Transilien H;b3e5375e-f952-11ec-88d1-005056a47b86;travaux
future;Incidents;30;perturbée;SIGNIFICANT_DELAYS;20220506T200000;20220507T033000;b3e5375e-f952-11ec-88d1-005056a47b86;" / Ligne H : Paris-Persan via Valmondois 27/06 -16/12 / <p>Période : à partir de 22h30<br>Dates : du lundi 27 juin jusqu'au vendredi 16 décembre sauf les week-ends et jours fériés.<br>Le trafic est interrompu entre Paris Gare du Nord et Persan - Beaumont via Valmondois.<br>En conséquence, un service de bus de remplacement est mis en place, avec desserte des gares intermédiaires.<br><a href=""https://www.transilien.com/sites/transilien/files/sentinelle-20220701-hparisermontpersanviavalmondois-jusquau16decembre.pdf"" target="""">Pour plus d'informations sur les horaires du lundi 27 juin au vendredi 16 décembre sauf week-ends et jours fériés, cliquez ici pour télécharger l'affiche PDF.</a><br><a href=""https://www.transilien.com/sites/transilien/files/sentinelle-20220418-h-ermontvalmondoispersan-18avril26maiet6juin.pdf"" target="""">Pour plus d'informations sur les horaires des jours fériés, cliquez ici pour télécharger l'affiche PDF.</a><br>Attention à partir du lundi 11 avril 2022 : les arrêts bus de la gare de Vaucelles et Saint-Leu la Forêt sont déplacés, pour connaître les nouveaux emplacements cliquez ici :<br>- <a href=""https://www.transilien.com/sites/transilien/files/sentinelle-20220409-h-pointdarretbus-vaucelles.pdf"" target="""">Gare de Vaucelles</a><br>- <a href=""https://www.transilien.com/sites/transilien/files/sentinelle-20220409-h-pointdarretbus-stleulaforet.pdf"" target="""">Gare de Saint-Leu la Forêt</a><br>Les horaires du calculateur d'itinéraire tiennent compte de ces travaux.﻿<br>Motif : travaux.</p>";20220701T173014;Transilien Train Transilien H;b3e5375e-f952-11ec-88d1-005056a47b86;travaux
future;Incidents;30;perturbée;SIGNIFICANT_DELAYS;20220518T200000;20220519T033000;b3e5375e-f952-11ec-88d1-005056a47b86;" / Ligne H : Paris-Persan via Valmondois 27/06 -16/12 / <p>Période : à partir de 22h30<br>Dates : du lundi 27 juin jusqu'au vendredi 16 décembre sauf les week-ends et jours fériés.<br>Le trafic est interrompu entre Paris Gare du Nord et Persan - Beaumont via Valmondois.<br>En conséquence, un service de bus de remplacement est mis en place, avec desserte des gares intermédiaires.<br><a href=""https://www.transilien.com/sites/transilien/files/sentinelle-20220701-hparisermontpersanviavalmondois-jusquau16decembre.pdf"" target="""">Pour plus d'informations sur les horaires du lundi 27 juin au vendredi 16 décembre sauf week-ends et jours fériés, cliquez ici pour télécharger l'affiche PDF.</a><br><a href=""https://www.transilien.com/sites/transilien/files/sentinelle-20220418-h-ermontvalmondoispersan-18avril26maiet6juin.pdf"" target="""">Pour plus d'informations sur les horaires des jours fériés, cliquez ici pour télécharger l'affiche PDF.</a><br>Attention à partir du lundi 11 avril 2022 : les arrêts bus de la gare de Vaucelles et Saint-Leu la Forêt sont déplacés, pour connaître les nouveaux emplacements cliquez ici :<br>- <a href=""https://www.transilien.com/sites/transilien/files/sentinelle-20220409-h-pointdarretbus-vaucelles.pdf"" target="""">Gare de Vaucelles</a><br>- <a href=""https://www.transilien.com/sites/transilien/files/sentinelle-20220409-h-pointdarretbus-stleulaforet.pdf"" target="""">Gare de Saint-Leu la Forêt</a><br>Les horaires du calculateur d'itinéraire tiennent compte de ces travaux.﻿<br>Motif : travaux.</p>";20220701T173014;Transilien Train Transilien H;b3e5375e-f952-11ec-88d1-005056a47b86;travaux
future;Incidents;30;perturbée;SIGNIFICANT_DELAYS;20220530T200000;20220531T033000;b3e5375e-f952-11ec-88d1-005056a47b86;" / Ligne H : Paris-Persan via Valmondois 27/06 -16/12 / <p>Période : à partir de 22h30<br>Dates : du lundi 27 juin jusqu'au vendredi 16 décembre sauf les week-ends et jours fériés.<br>Le trafic est interrompu entre Paris Gare du Nord et Persan - Beaumont via Valmondois.<br>En conséquence, un service de bus de remplacement est mis en place, avec desserte des gares intermédiaires.<br><a href=""https://www.transilien.com/sites/transilien/files/sentinelle-20220701-hparisermontpersanviavalmondois-jusquau16decembre.pdf"" target="""">Pour plus d'informations sur les horaires du lundi 27 juin au vendredi 16 décembre sauf week-ends et jours fériés, cliquez ici pour télécharger l'affiche PDF.</a><br><a href=""https://www.transilien.com/sites/transilien/files/sentinelle-20220418-h-ermontvalmondoispersan-18avril26maiet6juin.pdf"" target="""">Pour plus d'informations sur les horaires des jours fériés, cliquez ici pour télécharger l'affiche PDF.</a><br>Attention à partir du lundi 11 avril 2022 : les arrêts bus de la gare de Vaucelles et Saint-Leu la Forêt sont déplacés, pour connaître les nouveaux emplacements cliquez ici :<br>- <a href=""https://www.transilien.com/sites/transilien/files/sentinelle-20220409-h-pointdarretbus-vaucelles.pdf"" target="""">Gare de Vaucelles</a><br>- <a href=""https://www.transilien.com/sites/transilien/files/sentinelle-20220409-h-pointdarretbus-stleulaforet.pdf"" target="""">Gare de Saint-Leu la Forêt</a><br>Les horaires du calculateur d'itinéraire tiennent compte de ces travaux.﻿<br>Motif : travaux.</p>";20220701T173014;Transilien Train Transilien H;b3e5375e-f952-11ec-88d1-005056a47b86;travaux
future;Incidents;30;perturbée;SIGNIFICANT_DELAYS;20220524T200000;20220525T033000;b3e5375e-f952-11ec-88d1-005056a47b86;" / Ligne H : Paris-Persan via Valmondois 27/06 -16/12 / <p>Période : à partir de 22h30<br>Dates : du lundi 27 juin jusqu'au vendredi 16 décembre sauf les week-ends et jours fériés.<br>Le trafic est interrompu entre Paris Gare du Nord et Persan - Beaumont via Valmondois.<br>En conséquence, un service de bus de remplacement est mis en place, avec desserte des gares intermédiaires.<br><a href=""https://www.transilien.com/sites/transilien/files/sentinelle-20220701-hparisermontpersanviavalmondois-jusquau16decembre.pdf"" target="""">Pour plus d'informations sur les horaires du lundi 27 juin au vendredi 16 décembre sauf week-ends et jours fériés, cliquez ici pour télécharger l'affiche PDF.</a><br><a href=""https://www.transilien.com/sites/transilien/files/sentinelle-20220418-h-ermontvalmondoispersan-18avril26maiet6juin.pdf"" target="""">Pour plus d'informations sur les horaires des jours fériés, cliquez ici pour télécharger l'affiche PDF.</a><br>Attention à partir du lundi 11 avril 2022 : les arrêts bus de la gare de Vaucelles et Saint-Leu la Forêt sont déplacés, pour connaître les nouveaux emplacements cliquez ici :<br>- <a href=""https://www.transilien.com/sites/transilien/files/sentinelle-20220409-h-pointdarretbus-vaucelles.pdf"" target="""">Gare de Vaucelles</a><br>- <a href=""https://www.transilien.com/sites/transilien/files/sentinelle-20220409-h-pointdarretbus-stleulaforet.pdf"" target="""">Gare de Saint-Leu la Forêt</a><br>Les horaires du calculateur d'itinéraire tiennent compte de ces travaux.﻿<br>Motif : travaux.</p>";20220701T173014;Transilien Train Transilien H;b3e5375e-f952-11ec-88d1-005056a47b86;travaux
future;Incidents;30;perturbée;SIGNIFICANT_DELAYS;20220609T200000;20220610T033000;b3e5375e-f952-11ec-88d1-005056a47b86;" / Ligne H : Paris-Persan via Valmondois 27/06 -16/12 / <p>Période : à partir de 22h30<br>Dates : du lundi 27 juin jusqu'au vendredi 16 décembre sauf les week-ends et jours fériés.<br>Le trafic est interrompu entre Paris Gare du Nord et Persan - Beaumont via Valmondois.<br>En conséquence, un service de bus de remplacement est mis en place, avec desserte des gares intermédiaires.<br><a href=""https://www.transilien.com/sites/transilien/files/sentinelle-20220701-hparisermontpersanviavalmondois-jusquau16decembre.pdf"" target="""">Pour plus d'informations sur les horaires du lundi 27 juin au vendredi 16 décembre sauf week-ends et jours fériés, cliquez ici pour télécharger l'affiche PDF.</a><br><a href=""https://www.transilien.com/sites/transilien/files/sentinelle-20220418-h-ermontvalmondoispersan-18avril26maiet6juin.pdf"" target="""">Pour plus d'informations sur les horaires des jours fériés, cliquez ici pour télécharger l'affiche PDF.</a><br>Attention à partir du lundi 11 avril 2022 : les arrêts bus de la gare de Vaucelles et Saint-Leu la Forêt sont déplacés, pour connaître les nouveaux emplacements cliquez ici :<br>- <a href=""https://www.transilien.com/sites/transilien/files/sentinelle-20220409-h-pointdarretbus-vaucelles.pdf"" target="""">Gare de Vaucelles</a><br>- <a href=""https://www.transilien.com/sites/transilien/files/sentinelle-20220409-h-pointdarretbus-stleulaforet.pdf"" target="""">Gare de Saint-Leu la Forêt</a><br>Les horaires du calculateur d'itinéraire tiennent compte de ces travaux.﻿<br>Motif : travaux.</p>";20220701T173014;Transilien Train Transilien H;b3e5375e-f952-11ec-88d1-005056a47b86;travaux
future;Incidents;30;perturbée;SIGNIFICANT_DELAYS;20221103T132200;20221104T023000;b3e5375e-f952-11ec-88d1-005056a47b86;" / Ligne H : Paris-Persan via Valmondois 27/06 -16/12 / <p>Période : à partir de 22h30<br>Dates : du lundi 27 juin jusqu'au vendredi 16 décembre sauf les week-ends et jours fériés.<br>Le trafic est interrompu entre Paris Gare du Nord et Persan - Beaumont via Valmondois.<br>En conséquence, un service de bus de remplacement est mis en place, avec desserte des gares intermédiaires.<br><a href=""https://www.transilien.com/sites/transilien/files/sentinelle-20220701-hparisermontpersanviavalmondois-jusquau16decembre.pdf"" target="""">Pour plus d'informations sur les horaires du lundi 27 juin au vendredi 16 décembre sauf week-ends et jours fériés, cliquez ici pour télécharger l'affiche PDF.</a><br><a href=""https://www.transilien.com/sites/transilien/files/sentinelle-20220418-h-ermontvalmondoispersan-18avril26maiet6juin.pdf"" target="""">Pour plus d'informations sur les horaires des jours fériés, cliquez ici pour télécharger l'affiche PDF.</a><br>Attention à partir du lundi 11 avril 2022 : les arrêts bus de la gare de Vaucelles et Saint-Leu la Forêt sont déplacés, pour connaître les nouveaux emplacements cliquez ici :<br>- <a href=""https://www.transilien.com/sites/transilien/files/sentinelle-20220409-h-pointdarretbus-vaucelles.pdf"" target="""">Gare de Vaucelles</a><br>- <a href=""https://www.transilien.com/sites/transilien/files/sentinelle-20220409-h-pointdarretbus-stleulaforet.pdf"" target="""">Gare de Saint-Leu la Forêt</a><br>Les horaires du calculateur d'itinéraire tiennent compte de ces travaux.﻿<br>Motif : travaux.</p>";20220701T173014;Transilien Train Transilien H;b3e5375e-f952-11ec-88d1-005056a47b86;travaux
future;Incidents;30;perturbée;SIGNIFICANT_DELAYS;20220615T200000;20220616T033000;b3e5375e-f952-11ec-88d1-005056a47b86;" / Ligne H : Paris-Persan via Valmondois 27/06 -16/12 / <p>Période : à partir de 22h30<br>Dates : du lundi 27 juin jusqu'au vendredi 16 décembre sauf les week-ends et jours fériés.<br>Le trafic est interrompu entre Paris Gare du Nord et Persan - Beaumont via Valmondois.<br>En conséquence, un service de bus de remplacement est mis en place, avec desserte des gares intermédiaires.<br><a href=""https://www.transilien.com/sites/transilien/files/sentinelle-20220701-hparisermontpersanviavalmondois-jusquau16decembre.pdf"" target="""">Pour plus d'informations sur les horaires du lundi 27 juin au vendredi 16 décembre sauf week-ends et jours fériés, cliquez ici pour télécharger l'affiche PDF.</a><br><a href=""https://www.transilien.com/sites/transilien/files/sentinelle-20220418-h-ermontvalmondoispersan-18avril26maiet6juin.pdf"" target="""">Pour plus d'informations sur les horaires des jours fériés, cliquez ici pour télécharger l'affiche PDF.</a><br>Attention à partir du lundi 11 avril 2022 : les arrêts bus de la gare de Vaucelles et Saint-Leu la Forêt sont déplacés, pour connaître les nouveaux emplacements cliquez ici :<br>- <a href=""https://www.transilien.com/sites/transilien/files/sentinelle-20220409-h-pointdarretbus-vaucelles.pdf"" target="""">Gare de Vaucelles</a><br>- <a href=""https://www.transilien.com/sites/transilien/files/sentinelle-20220409-h-pointdarretbus-stleulaforet.pdf"" target="""">Gare de Saint-Leu la Forêt</a><br>Les horaires du calculateur d'itinéraire tiennent compte de ces travaux.﻿<br>Motif : travaux.</p>";20220701T173014;Transilien Train Transilien H;b3e5375e-f952-11ec-88d1-005056a47b86;travaux
future;Incidents;30;perturbée;SIGNIFICANT_DELAYS;20220414T200000;20220415T033000;b3e5375e-f952-11ec-88d1-005056a47b86;" / Ligne H : Paris-Persan via Valmondois 27/06 -16/12 / <p>Période : à partir de 22h30<br>Dates : du lundi 27 juin jusqu'au vendredi 16 décembre sauf les week-ends et jours fériés.<br>Le trafic est interrompu entre Paris Gare du Nord et Persan - Beaumont via Valmondois.<br>En conséquence, un service de bus de remplacement est mis en place, avec desserte des gares intermédiaires.<br><a href=""https://www.transilien.com/sites/transilien/files/sentinelle-20220701-hparisermontpersanviavalmondois-jusquau16decembre.pdf"" target="""">Pour plus d'informations sur les horaires du lundi 27 juin au vendredi 16 décembre sauf week-ends et jours fériés, cliquez ici pour télécharger l'affiche PDF.</a><br><a href=""https://www.transilien.com/sites/transilien/files/sentinelle-20220418-h-ermontvalmondoispersan-18avril26maiet6juin.pdf"" target="""">Pour plus d'informations sur les horaires des jours fériés, cliquez ici pour télécharger l'affiche PDF.</a><br>Attention à partir du lundi 11 avril 2022 : les arrêts bus de la gare de Vaucelles et Saint-Leu la Forêt sont déplacés, pour connaître les nouveaux emplacements cliquez ici :<br>- <a href=""https://www.transilien.com/sites/transilien/files/sentinelle-20220409-h-pointdarretbus-vaucelles.pdf"" target="""">Gare de Vaucelles</a><br>- <a href=""https://www.transilien.com/sites/transilien/files/sentinelle-20220409-h-pointdarretbus-stleulaforet.pdf"" target="""">Gare de Saint-Leu la Forêt</a><br>Les horaires du calculateur d'itinéraire tiennent compte de ces travaux.﻿<br>Motif : travaux.</p>";20220701T173014;Transilien Train Transilien H;b3e5375e-f952-11ec-88d1-005056a47b86;travaux
future;Incidents;30;perturbée;SIGNIFICANT_DELAYS;20221115T132200;20221116T023000;b3e5375e-f952-11ec-88d1-005056a47b86;" / Ligne H : Paris-Persan via Valmondois 27/06 -16/12 / <p>Période : à partir de 22h30<br>Dates : du lundi 27 juin jusqu'au vendredi 16 décembre sauf les week-ends et jours fériés.<br>Le trafic est interrompu entre Paris Gare du Nord et Persan - Beaumont via Valmondois.<br>En conséquence, un service de bus de remplacement est mis en place, avec desserte des gares intermédiaires.<br><a href=""https://www.transilien.com/sites/transilien/files/sentinelle-20220701-hparisermontpersanviavalmondois-jusquau16decembre.pdf"" target="""">Pour plus d'informations sur les horaires du lundi 27 juin au vendredi 16 décembre sauf week-ends et jours fériés, cliquez ici pour télécharger l'affiche PDF.</a><br><a href=""https://www.transilien.com/sites/transilien/files/sentinelle-20220418-h-ermontvalmondoispersan-18avril26maiet6juin.pdf"" target="""">Pour plus d'informations sur les horaires des jours fériés, cliquez ici pour télécharger l'affiche PDF.</a><br>Attention à partir du lundi 11 avril 2022 : les arrêts bus de la gare de Vaucelles et Saint-Leu la Forêt sont déplacés, pour connaître les nouveaux emplacements cliquez ici :<br>- <a href=""https://www.transilien.com/sites/transilien/files/sentinelle-20220409-h-pointdarretbus-vaucelles.pdf"" target="""">Gare de Vaucelles</a><br>- <a href=""https://www.transilien.com/sites/transilien/files/sentinelle-20220409-h-pointdarretbus-stleulaforet.pdf"" target="""">Gare de Saint-Leu la Forêt</a><br>Les horaires du calculateur d'itinéraire tiennent compte de ces travaux.﻿<br>Motif : travaux.</p>";20220701T173014;Transilien Train Transilien H;b3e5375e-f952-11ec-88d1-005056a47b86;travaux
future;Incidents;30;perturbée;SIGNIFICANT_DELAYS;20221024T132200;20221025T023000;b3e5375e-f952-11ec-88d1-005056a47b86;" / Ligne H : Paris-Persan via Valmondois 27/06 -16/12 / <p>Période : à partir de 22h30<br>Dates : du lundi 27 juin jusqu'au vendredi 16 décembre sauf les week-ends et jours fériés.<br>Le trafic est interrompu entre Paris Gare du Nord et Persan - Beaumont via Valmondois.<br>En conséquence, un service de bus de remplacement est mis en place, avec desserte des gares intermédiaires.<br><a href=""https://www.transilien.com/sites/transilien/files/sentinelle-20220701-hparisermontpersanviavalmondois-jusquau16decembre.pdf"" target="""">Pour plus d'informations sur les horaires du lundi 27 juin au vendredi 16 décembre sauf week-ends et jours fériés, cliquez ici pour télécharger l'affiche PDF.</a><br><a href=""https://www.transilien.com/sites/transilien/files/sentinelle-20220418-h-ermontvalmondoispersan-18avril26maiet6juin.pdf"" target="""">Pour plus d'informations sur les horaires des jours fériés, cliquez ici pour télécharger l'affiche PDF.</a><br>Attention à partir du lundi 11 avril 2022 : les arrêts bus de la gare de Vaucelles et Saint-Leu la Forêt sont déplacés, pour connaître les nouveaux emplacements cliquez ici :<br>- <a href=""https://www.transilien.com/sites/transilien/files/sentinelle-20220409-h-pointdarretbus-vaucelles.pdf"" target="""">Gare de Vaucelles</a><br>- <a href=""https://www.transilien.com/sites/transilien/files/sentinelle-20220409-h-pointdarretbus-stleulaforet.pdf"" target="""">Gare de Saint-Leu la Forêt</a><br>Les horaires du calculateur d'itinéraire tiennent compte de ces travaux.﻿<br>Motif : travaux.</p>";20220701T173014;Transilien Train Transilien H;b3e5375e-f952-11ec-88d1-005056a47b86;travaux
future;Incidents;30;perturbée;SIGNIFICANT_DELAYS;20220420T200000;20220421T033000;b3e5375e-f952-11ec-88d1-005056a47b86;" / Ligne H : Paris-Persan via Valmondois 27/06 -16/12 / <p>Période : à partir de 22h30<br>Dates : du lundi 27 juin jusqu'au vendredi 16 décembre sauf les week-ends et jours fériés.<br>Le trafic est interrompu entre Paris Gare du Nord et Persan - Beaumont via Valmondois.<br>En conséquence, un service de bus de remplacement est mis en place, avec desserte des gares intermédiaires.<br><a href=""https://www.transilien.com/sites/transilien/files/sentinelle-20220701-hparisermontpersanviavalmondois-jusquau16decembre.pdf"" target="""">Pour plus d'informations sur les horaires du lundi 27 juin au vendredi 16 décembre sauf week-ends et jours fériés, cliquez ici pour télécharger l'affiche PDF.</a><br><a href=""https://www.transilien.com/sites/transilien/files/sentinelle-20220418-h-ermontvalmondoispersan-18avril26maiet6juin.pdf"" target="""">Pour plus d'informations sur les horaires des jours fériés, cliquez ici pour télécharger l'affiche PDF.</a><br>Attention à partir du lundi 11 avril 2022 : les arrêts bus de la gare de Vaucelles et Saint-Leu la Forêt sont déplacés, pour connaître les nouveaux emplacements cliquez ici :<br>- <a href=""https://www.transilien.com/sites/transilien/files/sentinelle-20220409-h-pointdarretbus-vaucelles.pdf"" target="""">Gare de Vaucelles</a><br>- <a href=""https://www.transilien.com/sites/transilien/files/sentinelle-20220409-h-pointdarretbus-stleulaforet.pdf"" target="""">Gare de Saint-Leu la Forêt</a><br>Les horaires du calculateur d'itinéraire tiennent compte de ces travaux.﻿<br>Motif : travaux.</p>";20220701T173014;Transilien Train Transilien H;b3e5375e-f952-11ec-88d1-005056a47b86;travaux
future;Incidents;30;perturbée;SIGNIFICANT_DELAYS;20221018T132200;20221019T023000;b3e5375e-f952-11ec-88d1-005056a47b86;" / Ligne H : Paris-Persan via Valmondois 27/06 -16/12 / <p>Période : à partir de 22h30<br>Dates : du lundi 27 juin jusqu'au vendredi 16 décembre sauf les week-ends et jours fériés.<br>Le trafic est interrompu entre Paris Gare du Nord et Persan - Beaumont via Valmondois.<br>En conséquence, un service de bus de remplacement est mis en place, avec desserte des gares intermédiaires.<br><a href=""https://www.transilien.com/sites/transilien/files/sentinelle-20220701-hparisermontpersanviavalmondois-jusquau16decembre.pdf"" target="""">Pour plus d'informations sur les horaires du lundi 27 juin au vendredi 16 décembre sauf week-ends et jours fériés, cliquez ici pour télécharger l'affiche PDF.</a><br><a href=""https://www.transilien.com/sites/transilien/files/sentinelle-20220418-h-ermontvalmondoispersan-18avril26maiet6juin.pdf"" target="""">Pour plus d'informations sur les horaires des jours fériés, cliquez ici pour télécharger l'affiche PDF.</a><br>Attention à partir du lundi 11 avril 2022 : les arrêts bus de la gare de Vaucelles et Saint-Leu la Forêt sont déplacés, pour connaître les nouveaux emplacements cliquez ici :<br>- <a href=""https://www.transilien.com/sites/transilien/files/sentinelle-20220409-h-pointdarretbus-vaucelles.pdf"" target="""">Gare de Vaucelles</a><br>- <a href=""https://www.transilien.com/sites/transilien/files/sentinelle-20220409-h-pointdarretbus-stleulaforet.pdf"" target="""">Gare de Saint-Leu la Forêt</a><br>Les horaires du calculateur d'itinéraire tiennent compte de ces travaux.﻿<br>Motif : travaux.</p>";20220701T173014;Transilien Train Transilien H;b3e5375e-f952-11ec-88d1-005056a47b86;travaux
future;Incidents;30;perturbée;SIGNIFICANT_DELAYS;20221028T132200;20221029T023000;b3e5375e-f952-11ec-88d1-005056a47b86;" / Ligne H : Paris-Persan via Valmondois 27/06 -16/12 / <p>Période : à partir de 22h30<br>Dates : du lundi 27 juin jusqu'au vendredi 16 décembre sauf les week-ends et jours fériés.<br>Le trafic est interrompu entre Paris Gare du Nord et Persan - Beaumont via Valmondois.<br>En conséquence, un service de bus de remplacement est mis en place, avec desserte des gares intermédiaires.<br><a href=""https://www.transilien.com/sites/transilien/files/sentinelle-20220701-hparisermontpersanviavalmondois-jusquau16decembre.pdf"" target="""">Pour plus d'informations sur les horaires du lundi 27 juin au vendredi 16 décembre sauf week-ends et jours fériés, cliquez ici pour télécharger l'affiche PDF.</a><br><a href=""https://www.transilien.com/sites/transilien/files/sentinelle-20220418-h-ermontvalmondoispersan-18avril26maiet6juin.pdf"" target="""">Pour plus d'informations sur les horaires des jours fériés, cliquez ici pour télécharger l'affiche PDF.</a><br>Attention à partir du lundi 11 avril 2022 : les arrêts bus de la gare de Vaucelles et Saint-Leu la Forêt sont déplacés, pour connaître les nouveaux emplacements cliquez ici :<br>- <a href=""https://www.transilien.com/sites/transilien/files/sentinelle-20220409-h-pointdarretbus-vaucelles.pdf"" target="""">Gare de Vaucelles</a><br>- <a href=""https://www.transilien.com/sites/transilien/files/sentinelle-20220409-h-pointdarretbus-stleulaforet.pdf"" target="""">Gare de Saint-Leu la Forêt</a><br>Les horaires du calculateur d'itinéraire tiennent compte de ces travaux.﻿<br>Motif : travaux.</p>";20220701T173014;Transilien Train Transilien H;b3e5375e-f952-11ec-88d1-005056a47b86;travaux
future;Incidents;30;perturbée;SIGNIFICANT_DELAYS;20221109T132200;20221110T023000;b3e5375e-f952-11ec-88d1-005056a47b86;" / Ligne H : Paris-Persan via Valmondois 27/06 -16/12 / <p>Période : à partir de 22h30<br>Dates : du lundi 27 juin jusqu'au vendredi 16 décembre sauf les week-ends et jours fériés.<br>Le trafic est interrompu entre Paris Gare du Nord et Persan - Beaumont via Valmondois.<br>En conséquence, un service de bus de remplacement est mis en place, avec desserte des gares intermédiaires.<br><a href=""https://www.transilien.com/sites/transilien/files/sentinelle-20220701-hparisermontpersanviavalmondois-jusquau16decembre.pdf"" target="""">Pour plus d'informations sur les horaires du lundi 27 juin au vendredi 16 décembre sauf week-ends et jours fériés, cliquez ici pour télécharger l'affiche PDF.</a><br><a href=""https://www.transilien.com/sites/transilien/files/sentinelle-20220418-h-ermontvalmondoispersan-18avril26maiet6juin.pdf"" target="""">Pour plus d'informations sur les horaires des jours fériés, cliquez ici pour télécharger l'affiche PDF.</a><br>Attention à partir du lundi 11 avril 2022 : les arrêts bus de la gare de Vaucelles et Saint-Leu la Forêt sont déplacés, pour connaître les nouveaux emplacements cliquez ici :<br>- <a href=""https://www.transilien.com/sites/transilien/files/sentinelle-20220409-h-pointdarretbus-vaucelles.pdf"" target="""">Gare de Vaucelles</a><br>- <a href=""https://www.transilien.com/sites/transilien/files/sentinelle-20220409-h-pointdarretbus-stleulaforet.pdf"" target="""">Gare de Saint-Leu la Forêt</a><br>Les horaires du calculateur d'itinéraire tiennent compte de ces travaux.﻿<br>Motif : travaux.</p>";20220701T173014;Transilien Train Transilien H;b3e5375e-f952-11ec-88d1-005056a47b86;travaux
active;Incidents;30;perturbée;SIGNIFICANT_DELAYS;20221216T223000;20221217T033000;27d5550e-f95d-11ec-8609-005056a47b86;" / Ligne H : Paris-Persan via Valmondois 27/06-16/12 / <p>Période : à partir de 22h30<br>Dates : du lundi 27 juin jusqu'au vendredi 16 décembre sauf les week-ends et jours fériés.<br>Le trafic est interrompu entre Paris Gare du Nord et Persan - Beaumont via Valmondois.<br>En conséquence, un service de bus de remplacement est mis en place, avec desserte des gares intermédiaires.<br><a href=""https://www.transilien.com/sites/transilien/files/sentinelle-20220701-hparisermontpersanviavalmondois-jusquau16decembre.pdf"" target="""">Pour plus d'informations sur les horaires du lundi 27 juin au vendredi 16 décembre sauf week-ends et jours fériés, cliquez ici pour télécharger l'affiche PDF.</a><br><a href=""https://www.transilien.com/sites/transilien/files/sentinelle-20220418-h-ermontvalmondoispersan-18avril26maiet6juin.pdf"" target="""">Pour plus d'informations sur les horaires des jours fériés, cliquez ici pour télécharger l'affiche PDF.</a><br>Attention à partir du lundi 11 avril 2022 : les arrêts bus de la gare de Vaucelles et Saint-Leu la Forêt sont déplacés, pour connaître les nouveaux emplacements cliquez ici :<br>- <a href=""https://www.transilien.com/sites/transilien/files/sentinelle-20220409-h-pointdarretbus-vaucelles.pdf"" target="""">Gare de Vaucelles</a><br>- <a href=""https://www.transilien.com/sites/transilien/files/sentinelle-20220409-h-pointdarretbus-stleulaforet.pdf"" target="""">Gare de Saint-Leu la Forêt</a><br>Les horaires du calculateur d'itinéraire tiennent compte de ces travaux.﻿<br>Motif : travaux.</p>";20220701T184503;Transilien Train Transilien H;27d5550e-f95d-11ec-8609-005056a47b86;travaux
active;Incidents;30;perturbée;SIGNIFICANT_DELAYS;20221215T223000;20221216T033000;27d5550e-f95d-11ec-8609-005056a47b86;" / Ligne H : Paris-Persan via Valmondois 27/06-16/12 / <p>Période : à partir de 22h30<br>Dates : du lundi 27 juin jusqu'au vendredi 16 décembre sauf les week-ends et jours fériés.<br>Le trafic est interrompu entre Paris Gare du Nord et Persan - Beaumont via Valmondois.<br>En conséquence, un service de bus de remplacement est mis en place, avec desserte des gares intermédiaires.<br><a href=""https://www.transilien.com/sites/transilien/files/sentinelle-20220701-hparisermontpersanviavalmondois-jusquau16decembre.pdf"" target="""">Pour plus d'informations sur les horaires du lundi 27 juin au vendredi 16 décembre sauf week-ends et jours fériés, cliquez ici pour télécharger l'affiche PDF.</a><br><a href=""https://www.transilien.com/sites/transilien/files/sentinelle-20220418-h-ermontvalmondoispersan-18avril26maiet6juin.pdf"" target="""">Pour plus d'informations sur les horaires des jours fériés, cliquez ici pour télécharger l'affiche PDF.</a><br>Attention à partir du lundi 11 avril 2022 : les arrêts bus de la gare de Vaucelles et Saint-Leu la Forêt sont déplacés, pour connaître les nouveaux emplacements cliquez ici :<br>- <a href=""https://www.transilien.com/sites/transilien/files/sentinelle-20220409-h-pointdarretbus-vaucelles.pdf"" target="""">Gare de Vaucelles</a><br>- <a href=""https://www.transilien.com/sites/transilien/files/sentinelle-20220409-h-pointdarretbus-stleulaforet.pdf"" target="""">Gare de Saint-Leu la Forêt</a><br>Les horaires du calculateur d'itinéraire tiennent compte de ces travaux.﻿<br>Motif : travaux.</p>";20220701T184503;Transilien Train Transilien H;27d5550e-f95d-11ec-8609-005056a47b86;travaux
active;Incidents;30;perturbée;SIGNIFICANT_DELAYS;20221214T223000;20221215T033000;27d5550e-f95d-11ec-8609-005056a47b86;" / Ligne H : Paris-Persan via Valmondois 27/06-16/12 / <p>Période : à partir de 22h30<br>Dates : du lundi 27 juin jusqu'au vendredi 16 décembre sauf les week-ends et jours fériés.<br>Le trafic est interrompu entre Paris Gare du Nord et Persan - Beaumont via Valmondois.<br>En conséquence, un service de bus de remplacement est mis en place, avec desserte des gares intermédiaires.<br><a href=""https://www.transilien.com/sites/transilien/files/sentinelle-20220701-hparisermontpersanviavalmondois-jusquau16decembre.pdf"" target="""">Pour plus d'informations sur les horaires du lundi 27 juin au vendredi 16 décembre sauf week-ends et jours fériés, cliquez ici pour télécharger l'affiche PDF.</a><br><a href=""https://www.transilien.com/sites/transilien/files/sentinelle-20220418-h-ermontvalmondoispersan-18avril26maiet6juin.pdf"" target="""">Pour plus d'informations sur les horaires des jours fériés, cliquez ici pour télécharger l'affiche PDF.</a><br>Attention à partir du lundi 11 avril 2022 : les arrêts bus de la gare de Vaucelles et Saint-Leu la Forêt sont déplacés, pour connaître les nouveaux emplacements cliquez ici :<br>- <a href=""https://www.transilien.com/sites/transilien/files/sentinelle-20220409-h-pointdarretbus-vaucelles.pdf"" target="""">Gare de Vaucelles</a><br>- <a href=""https://www.transilien.com/sites/transilien/files/sentinelle-20220409-h-pointdarretbus-stleulaforet.pdf"" target="""">Gare de Saint-Leu la Forêt</a><br>Les horaires du calculateur d'itinéraire tiennent compte de ces travaux.﻿<br>Motif : travaux.</p>";20220701T184503;Transilien Train Transilien H;27d5550e-f95d-11ec-8609-005056a47b86;travaux
active;Incidents;30;perturbée;SIGNIFICANT_DELAYS;20221213T223000;20221214T033000;27d5550e-f95d-11ec-8609-005056a47b86;" / Ligne H : Paris-Persan via Valmondois 27/06-16/12 / <p>Période : à partir de 22h30<br>Dates : du lundi 27 juin jusqu'au vendredi 16 décembre sauf les week-ends et jours fériés.<br>Le trafic est interrompu entre Paris Gare du Nord et Persan - Beaumont via Valmondois.<br>En conséquence, un service de bus de remplacement est mis en place, avec desserte des gares intermédiaires.<br><a href=""https://www.transilien.com/sites/transilien/files/sentinelle-20220701-hparisermontpersanviavalmondois-jusquau16decembre.pdf"" target="""">Pour plus d'informations sur les horaires du lundi 27 juin au vendredi 16 décembre sauf week-ends et jours fériés, cliquez ici pour télécharger l'affiche PDF.</a><br><a href=""https://www.transilien.com/sites/transilien/files/sentinelle-20220418-h-ermontvalmondoispersan-18avril26maiet6juin.pdf"" target="""">Pour plus d'informations sur les horaires des jours fériés, cliquez ici pour télécharger l'affiche PDF.</a><br>Attention à partir du lundi 11 avril 2022 : les arrêts bus de la gare de Vaucelles et Saint-Leu la Forêt sont déplacés, pour connaître les nouveaux emplacements cliquez ici :<br>- <a href=""https://www.transilien.com/sites/transilien/files/sentinelle-20220409-h-pointdarretbus-vaucelles.pdf"" target="""">Gare de Vaucelles</a><br>- <a href=""https://www.transilien.com/sites/transilien/files/sentinelle-20220409-h-pointdarretbus-stleulaforet.pdf"" target="""">Gare de Saint-Leu la Forêt</a><br>Les horaires du calculateur d'itinéraire tiennent compte de ces travaux.﻿<br>Motif : travaux.</p>";20220701T184503;Transilien Train Transilien H;27d5550e-f95d-11ec-8609-005056a47b86;travaux
active;Incidents;30;perturbée;SIGNIFICANT_DELAYS;20221212T223000;20221213T033000;27d5550e-f95d-11ec-8609-005056a47b86;" / Ligne H : Paris-Persan via Valmondois 27/06-16/12 / <p>Période : à partir de 22h30<br>Dates : du lundi 27 juin jusqu'au vendredi 16 décembre sauf les week-ends et jours fériés.<br>Le trafic est interrompu entre Paris Gare du Nord et Persan - Beaumont via Valmondois.<br>En conséquence, un service de bus de remplacement est mis en place, avec desserte des gares intermédiaires.<br><a href=""https://www.transilien.com/sites/transilien/files/sentinelle-20220701-hparisermontpersanviavalmondois-jusquau16decembre.pdf"" target="""">Pour plus d'informations sur les horaires du lundi 27 juin au vendredi 16 décembre sauf week-ends et jours fériés, cliquez ici pour télécharger l'affiche PDF.</a><br><a href=""https://www.transilien.com/sites/transilien/files/sentinelle-20220418-h-ermontvalmondoispersan-18avril26maiet6juin.pdf"" target="""">Pour plus d'informations sur les horaires des jours fériés, cliquez ici pour télécharger l'affiche PDF.</a><br>Attention à partir du lundi 11 avril 2022 : les arrêts bus de la gare de Vaucelles et Saint-Leu la Forêt sont déplacés, pour connaître les nouveaux emplacements cliquez ici :<br>- <a href=""https://www.transilien.com/sites/transilien/files/sentinelle-20220409-h-pointdarretbus-vaucelles.pdf"" target="""">Gare de Vaucelles</a><br>- <a href=""https://www.transilien.com/sites/transilien/files/sentinelle-20220409-h-pointdarretbus-stleulaforet.pdf"" target="""">Gare de Saint-Leu la Forêt</a><br>Les horaires du calculateur d'itinéraire tiennent compte de ces travaux.﻿<br>Motif : travaux.</p>";20220701T184503;Transilien Train Transilien H;27d5550e-f95d-11ec-8609-005056a47b86;travaux
active;Incidents;30;perturbée;SIGNIFICANT_DELAYS;20221209T223000;20221210T033000;27d5550e-f95d-11ec-8609-005056a47b86;" / Ligne H : Paris-Persan via Valmondois 27/06-16/12 / <p>Période : à partir de 22h30<br>Dates : du lundi 27 juin jusqu'au vendredi 16 décembre sauf les week-ends et jours fériés.<br>Le trafic est interrompu entre Paris Gare du Nord et Persan - Beaumont via Valmondois.<br>En conséquence, un service de bus de remplacement est mis en place, avec desserte des gares intermédiaires.<br><a href=""https://www.transilien.com/sites/transilien/files/sentinelle-20220701-hparisermontpersanviavalmondois-jusquau16decembre.pdf"" target="""">Pour plus d'informations sur les horaires du lundi 27 juin au vendredi 16 décembre sauf week-ends et jours fériés, cliquez ici pour télécharger l'affiche PDF.</a><br><a href=""https://www.transilien.com/sites/transilien/files/sentinelle-20220418-h-ermontvalmondoispersan-18avril26maiet6juin.pdf"" target="""">Pour plus d'informations sur les horaires des jours fériés, cliquez ici pour télécharger l'affiche PDF.</a><br>Attention à partir du lundi 11 avril 2022 : les arrêts bus de la gare de Vaucelles et Saint-Leu la Forêt sont déplacés, pour connaître les nouveaux emplacements cliquez ici :<br>- <a href=""https://www.transilien.com/sites/transilien/files/sentinelle-20220409-h-pointdarretbus-vaucelles.pdf"" target="""">Gare de Vaucelles</a><br>- <a href=""https://www.transilien.com/sites/transilien/files/sentinelle-20220409-h-pointdarretbus-stleulaforet.pdf"" target="""">Gare de Saint-Leu la Forêt</a><br>Les horaires du calculateur d'itinéraire tiennent compte de ces travaux.﻿<br>Motif : travaux.</p>";20220701T184503;Transilien Train Transilien H;27d5550e-f95d-11ec-8609-005056a47b86;travaux
active;Incidents;30;perturbée;SIGNIFICANT_DELAYS;20221208T223000;20221209T033000;27d5550e-f95d-11ec-8609-005056a47b86;" / Ligne H : Paris-Persan via Valmondois 27/06-16/12 / <p>Période : à partir de 22h30<br>Dates : du lundi 27 juin jusqu'au vendredi 16 décembre sauf les week-ends et jours fériés.<br>Le trafic est interrompu entre Paris Gare du Nord et Persan - Beaumont via Valmondois.<br>En conséquence, un service de bus de remplacement est mis en place, avec desserte des gares intermédiaires.<br><a href=""https://www.transilien.com/sites/transilien/files/sentinelle-20220701-hparisermontpersanviavalmondois-jusquau16decembre.pdf"" target="""">Pour plus d'informations sur les horaires du lundi 27 juin au vendredi 16 décembre sauf week-ends et jours fériés, cliquez ici pour télécharger l'affiche PDF.</a><br><a href=""https://www.transilien.com/sites/transilien/files/sentinelle-20220418-h-ermontvalmondoispersan-18avril26maiet6juin.pdf"" target="""">Pour plus d'informations sur les horaires des jours fériés, cliquez ici pour télécharger l'affiche PDF.</a><br>Attention à partir du lundi 11 avril 2022 : les arrêts bus de la gare de Vaucelles et Saint-Leu la Forêt sont déplacés, pour connaître les nouveaux emplacements cliquez ici :<br>- <a href=""https://www.transilien.com/sites/transilien/files/sentinelle-20220409-h-pointdarretbus-vaucelles.pdf"" target="""">Gare de Vaucelles</a><br>- <a href=""https://www.transilien.com/sites/transilien/files/sentinelle-20220409-h-pointdarretbus-stleulaforet.pdf"" target="""">Gare de Saint-Leu la Forêt</a><br>Les horaires du calculateur d'itinéraire tiennent compte de ces travaux.﻿<br>Motif : travaux.</p>";20220701T184503;Transilien Train Transilien H;27d5550e-f95d-11ec-8609-005056a47b86;travaux
active;Incidents;30;perturbée;SIGNIFICANT_DELAYS;20221207T223000;20221208T033000;27d5550e-f95d-11ec-8609-005056a47b86;" / Ligne H : Paris-Persan via Valmondois 27/06-16/12 / <p>Période : à partir de 22h30<br>Dates : du lundi 27 juin jusqu'au vendredi 16 décembre sauf les week-ends et jours fériés.<br>Le trafic est interrompu entre Paris Gare du Nord et Persan - Beaumont via Valmondois.<br>En conséquence, un service de bus de remplacement est mis en place, avec desserte des gares intermédiaires.<br><a href=""https://www.transilien.com/sites/transilien/files/sentinelle-20220701-hparisermontpersanviavalmondois-jusquau16decembre.pdf"" target="""">Pour plus d'informations sur les horaires du lundi 27 juin au vendredi 16 décembre sauf week-ends et jours fériés, cliquez ici pour télécharger l'affiche PDF.</a><br><a href=""https://www.transilien.com/sites/transilien/files/sentinelle-20220418-h-ermontvalmondoispersan-18avril26maiet6juin.pdf"" target="""">Pour plus d'informations sur les horaires des jours fériés, cliquez ici pour télécharger l'affiche PDF.</a><br>Attention à partir du lundi 11 avril 2022 : les arrêts bus de la gare de Vaucelles et Saint-Leu la Forêt sont déplacés, pour connaître les nouveaux emplacements cliquez ici :<br>- <a href=""https://www.transilien.com/sites/transilien/files/sentinelle-20220409-h-pointdarretbus-vaucelles.pdf"" target="""">Gare de Vaucelles</a><br>- <a href=""https://www.transilien.com/sites/transilien/files/sentinelle-20220409-h-pointdarretbus-stleulaforet.pdf"" target="""">Gare de Saint-Leu la Forêt</a><br>Les horaires du calculateur d'itinéraire tiennent compte de ces travaux.﻿<br>Motif : travaux.</p>";20220701T184503;Transilien Train Transilien H;27d5550e-f95d-11ec-8609-005056a47b86;travaux
active;Incidents;30;perturbée;SIGNIFICANT_DELAYS;20221206T223000;20221207T033000;27d5550e-f95d-11ec-8609-005056a47b86;" / Ligne H : Paris-Persan via Valmondois 27/06-16/12 / <p>Période : à partir de 22h30<br>Dates : du lundi 27 juin jusqu'au vendredi 16 décembre sauf les week-ends et jours fériés.<br>Le trafic est interrompu entre Paris Gare du Nord et Persan - Beaumont via Valmondois.<br>En conséquence, un service de bus de remplacement est mis en place, avec desserte des gares intermédiaires.<br><a href=""https://www.transilien.com/sites/transilien/files/sentinelle-20220701-hparisermontpersanviavalmondois-jusquau16decembre.pdf"" target="""">Pour plus d'informations sur les horaires du lundi 27 juin au vendredi 16 décembre sauf week-ends et jours fériés, cliquez ici pour télécharger l'affiche PDF.</a><br><a href=""https://www.transilien.com/sites/transilien/files/sentinelle-20220418-h-ermontvalmondoispersan-18avril26maiet6juin.pdf"" target="""">Pour plus d'informations sur les horaires des jours fériés, cliquez ici pour télécharger l'affiche PDF.</a><br>Attention à partir du lundi 11 avril 2022 : les arrêts bus de la gare de Vaucelles et Saint-Leu la Forêt sont déplacés, pour connaître les nouveaux emplacements cliquez ici :<br>- <a href=""https://www.transilien.com/sites/transilien/files/sentinelle-20220409-h-pointdarretbus-vaucelles.pdf"" target="""">Gare de Vaucelles</a><br>- <a href=""https://www.transilien.com/sites/transilien/files/sentinelle-20220409-h-pointdarretbus-stleulaforet.pdf"" target="""">Gare de Saint-Leu la Forêt</a><br>Les horaires du calculateur d'itinéraire tiennent compte de ces travaux.﻿<br>Motif : travaux.</p>";20220701T184503;Transilien Train Transilien H;27d5550e-f95d-11ec-8609-005056a47b86;travaux
active;Incidents;30;perturbée;SIGNIFICANT_DELAYS;20221205T223000;20221206T033000;27d5550e-f95d-11ec-8609-005056a47b86;" / Ligne H : Paris-Persan via Valmondois 27/06-16/12 / <p>Période : à partir de 22h30<br>Dates : du lundi 27 juin jusqu'au vendredi 16 décembre sauf les week-ends et jours fériés.<br>Le trafic est interrompu entre Paris Gare du Nord et Persan - Beaumont via Valmondois.<br>En conséquence, un service de bus de remplacement est mis en place, avec desserte des gares intermédiaires.<br><a href=""https://www.transilien.com/sites/transilien/files/sentinelle-20220701-hparisermontpersanviavalmondois-jusquau16decembre.pdf"" target="""">Pour plus d'informations sur les horaires du lundi 27 juin au vendredi 16 décembre sauf week-ends et jours fériés, cliquez ici pour télécharger l'affiche PDF.</a><br><a href=""https://www.transilien.com/sites/transilien/files/sentinelle-20220418-h-ermontvalmondoispersan-18avril26maiet6juin.pdf"" target="""">Pour plus d'informations sur les horaires des jours fériés, cliquez ici pour télécharger l'affiche PDF.</a><br>Attention à partir du lundi 11 avril 2022 : les arrêts bus de la gare de Vaucelles et Saint-Leu la Forêt sont déplacés, pour connaître les nouveaux emplacements cliquez ici :<br>- <a href=""https://www.transilien.com/sites/transilien/files/sentinelle-20220409-h-pointdarretbus-vaucelles.pdf"" target="""">Gare de Vaucelles</a><br>- <a href=""https://www.transilien.com/sites/transilien/files/sentinelle-20220409-h-pointdarretbus-stleulaforet.pdf"" target="""">Gare de Saint-Leu la Forêt</a><br>Les horaires du calculateur d'itinéraire tiennent compte de ces travaux.﻿<br>Motif : travaux.</p>";20220701T184503;Transilien Train Transilien H;27d5550e-f95d-11ec-8609-005056a47b86;travaux
active;Incidents;30;perturbée;SIGNIFICANT_DELAYS;20221202T223000;20221203T033000;27d5550e-f95d-11ec-8609-005056a47b86;" / Ligne H : Paris-Persan via Valmondois 27/06-16/12 / <p>Période : à partir de 22h30<br>Dates : du lundi 27 juin jusqu'au vendredi 16 décembre sauf les week-ends et jours fériés.<br>Le trafic est interrompu entre Paris Gare du Nord et Persan - Beaumont via Valmondois.<br>En conséquence, un service de bus de remplacement est mis en place, avec desserte des gares intermédiaires.<br><a href=""https://www.transilien.com/sites/transilien/files/sentinelle-20220701-hparisermontpersanviavalmondois-jusquau16decembre.pdf"" target="""">Pour plus d'informations sur les horaires du lundi 27 juin au vendredi 16 décembre sauf week-ends et jours fériés, cliquez ici pour télécharger l'affiche PDF.</a><br><a href=""https://www.transilien.com/sites/transilien/files/sentinelle-20220418-h-ermontvalmondoispersan-18avril26maiet6juin.pdf"" target="""">Pour plus d'informations sur les horaires des jours fériés, cliquez ici pour télécharger l'affiche PDF.</a><br>Attention à partir du lundi 11 avril 2022 : les arrêts bus de la gare de Vaucelles et Saint-Leu la Forêt sont déplacés, pour connaître les nouveaux emplacements cliquez ici :<br>- <a href=""https://www.transilien.com/sites/transilien/files/sentinelle-20220409-h-pointdarretbus-vaucelles.pdf"" target="""">Gare de Vaucelles</a><br>- <a href=""https://www.transilien.com/sites/transilien/files/sentinelle-20220409-h-pointdarretbus-stleulaforet.pdf"" target="""">Gare de Saint-Leu la Forêt</a><br>Les horaires du calculateur d'itinéraire tiennent compte de ces travaux.﻿<br>Motif : travaux.</p>";20220701T184503;Transilien Train Transilien H;27d5550e-f95d-11ec-8609-005056a47b86;travaux
active;Incidents;30;perturbée;SIGNIFICANT_DELAYS;20221201T223000;20221202T033000;27d5550e-f95d-11ec-8609-005056a47b86;" / Ligne H : Paris-Persan via Valmondois 27/06-16/12 / <p>Période : à partir de 22h30<br>Dates : du lundi 27 juin jusqu'au vendredi 16 décembre sauf les week-ends et jours fériés.<br>Le trafic est interrompu entre Paris Gare du Nord et Persan - Beaumont via Valmondois.<br>En conséquence, un service de bus de remplacement est mis en place, avec desserte des gares intermédiaires.<br><a href=""https://www.transilien.com/sites/transilien/files/sentinelle-20220701-hparisermontpersanviavalmondois-jusquau16decembre.pdf"" target="""">Pour plus d'informations sur les horaires du lundi 27 juin au vendredi 16 décembre sauf week-ends et jours fériés, cliquez ici pour télécharger l'affiche PDF.</a><br><a href=""https://www.transilien.com/sites/transilien/files/sentinelle-20220418-h-ermontvalmondoispersan-18avril26maiet6juin.pdf"" target="""">Pour plus d'informations sur les horaires des jours fériés, cliquez ici pour télécharger l'affiche PDF.</a><br>Attention à partir du lundi 11 avril 2022 : les arrêts bus de la gare de Vaucelles et Saint-Leu la Forêt sont déplacés, pour connaître les nouveaux emplacements cliquez ici :<br>- <a href=""https://www.transilien.com/sites/transilien/files/sentinelle-20220409-h-pointdarretbus-vaucelles.pdf"" target="""">Gare de Vaucelles</a><br>- <a href=""https://www.transilien.com/sites/transilien/files/sentinelle-20220409-h-pointdarretbus-stleulaforet.pdf"" target="""">Gare de Saint-Leu la Forêt</a><br>Les horaires du calculateur d'itinéraire tiennent compte de ces travaux.﻿<br>Motif : travaux.</p>";20220701T184503;Transilien Train Transilien H;27d5550e-f95d-11ec-8609-005056a47b86;travaux
active;Incidents;30;perturbée;SIGNIFICANT_DELAYS;20221130T223000;20221201T033000;27d5550e-f95d-11ec-8609-005056a47b86;" / Ligne H : Paris-Persan via Valmondois 27/06-16/12 / <p>Période : à partir de 22h30<br>Dates : du lundi 27 juin jusqu'au vendredi 16 décembre sauf les week-ends et jours fériés.<br>Le trafic est interrompu entre Paris Gare du Nord et Persan - Beaumont via Valmondois.<br>En conséquence, un service de bus de remplacement est mis en place, avec desserte des gares intermédiaires.<br><a href=""https://www.transilien.com/sites/transilien/files/sentinelle-20220701-hparisermontpersanviavalmondois-jusquau16decembre.pdf"" target="""">Pour plus d'informations sur les horaires du lundi 27 juin au vendredi 16 décembre sauf week-ends et jours fériés, cliquez ici pour télécharger l'affiche PDF.</a><br><a href=""https://www.transilien.com/sites/transilien/files/sentinelle-20220418-h-ermontvalmondoispersan-18avril26maiet6juin.pdf"" target="""">Pour plus d'informations sur les horaires des jours fériés, cliquez ici pour télécharger l'affiche PDF.</a><br>Attention à partir du lundi 11 avril 2022 : les arrêts bus de la gare de Vaucelles et Saint-Leu la Forêt sont déplacés, pour connaître les nouveaux emplacements cliquez ici :<br>- <a href=""https://www.transilien.com/sites/transilien/files/sentinelle-20220409-h-pointdarretbus-vaucelles.pdf"" target="""">Gare de Vaucelles</a><br>- <a href=""https://www.transilien.com/sites/transilien/files/sentinelle-20220409-h-pointdarretbus-stleulaforet.pdf"" target="""">Gare de Saint-Leu la Forêt</a><br>Les horaires du calculateur d'itinéraire tiennent compte de ces travaux.﻿<br>Motif : travaux.</p>";20220701T184503;Transilien Train Transilien H;27d5550e-f95d-11ec-8609-005056a47b86;travaux
active;Incidents;30;perturbée;SIGNIFICANT_DELAYS;20221129T223000;20221130T033000;27d5550e-f95d-11ec-8609-005056a47b86;" / Ligne H : Paris-Persan via Valmondois 27/06-16/12 / <p>Période : à partir de 22h30<br>Dates : du lundi 27 juin jusqu'au vendredi 16 décembre sauf les week-ends et jours fériés.<br>Le trafic est interrompu entre Paris Gare du Nord et Persan - Beaumont via Valmondois.<br>En conséquence, un service de bus de remplacement est mis en place, avec desserte des gares intermédiaires.<br><a href=""https://www.transilien.com/sites/transilien/files/sentinelle-20220701-hparisermontpersanviavalmondois-jusquau16decembre.pdf"" target="""">Pour plus d'informations sur les horaires du lundi 27 juin au vendredi 16 décembre sauf week-ends et jours fériés, cliquez ici pour télécharger l'affiche PDF.</a><br><a href=""https://www.transilien.com/sites/transilien/files/sentinelle-20220418-h-ermontvalmondoispersan-18avril26maiet6juin.pdf"" target="""">Pour plus d'informations sur les horaires des jours fériés, cliquez ici pour télécharger l'affiche PDF.</a><br>Attention à partir du lundi 11 avril 2022 : les arrêts bus de la gare de Vaucelles et Saint-Leu la Forêt sont déplacés, pour connaître les nouveaux emplacements cliquez ici :<br>- <a href=""https://www.transilien.com/sites/transilien/files/sentinelle-20220409-h-pointdarretbus-vaucelles.pdf"" target="""">Gare de Vaucelles</a><br>- <a href=""https://www.transilien.com/sites/transilien/files/sentinelle-20220409-h-pointdarretbus-stleulaforet.pdf"" target="""">Gare de Saint-Leu la Forêt</a><br>Les horaires du calculateur d'itinéraire tiennent compte de ces travaux.﻿<br>Motif : travaux.</p>";20220701T184503;Transilien Train Transilien H;27d5550e-f95d-11ec-8609-005056a47b86;travaux
active;Incidents;30;perturbée;SIGNIFICANT_DELAYS;20221128T223000;20221129T033000;27d5550e-f95d-11ec-8609-005056a47b86;" / Ligne H : Paris-Persan via Valmondois 27/06-16/12 / <p>Période : à partir de 22h30<br>Dates : du lundi 27 juin jusqu'au vendredi 16 décembre sauf les week-ends et jours fériés.<br>Le trafic est interrompu entre Paris Gare du Nord et Persan - Beaumont via Valmondois.<br>En conséquence, un service de bus de remplacement est mis en place, avec desserte des gares intermédiaires.<br><a href=""https://www.transilien.com/sites/transilien/files/sentinelle-20220701-hparisermontpersanviavalmondois-jusquau16decembre.pdf"" target="""">Pour plus d'informations sur les horaires du lundi 27 juin au vendredi 16 décembre sauf week-ends et jours fériés, cliquez ici pour télécharger l'affiche PDF.</a><br><a href=""https://www.transilien.com/sites/transilien/files/sentinelle-20220418-h-ermontvalmondoispersan-18avril26maiet6juin.pdf"" target="""">Pour plus d'informations sur les horaires des jours fériés, cliquez ici pour télécharger l'affiche PDF.</a><br>Attention à partir du lundi 11 avril 2022 : les arrêts bus de la gare de Vaucelles et Saint-Leu la Forêt sont déplacés, pour connaître les nouveaux emplacements cliquez ici :<br>- <a href=""https://www.transilien.com/sites/transilien/files/sentinelle-20220409-h-pointdarretbus-vaucelles.pdf"" target="""">Gare de Vaucelles</a><br>- <a href=""https://www.transilien.com/sites/transilien/files/sentinelle-20220409-h-pointdarretbus-stleulaforet.pdf"" target="""">Gare de Saint-Leu la Forêt</a><br>Les horaires du calculateur d'itinéraire tiennent compte de ces travaux.﻿<br>Motif : travaux.</p>";20220701T184503;Transilien Train Transilien H;27d5550e-f95d-11ec-8609-005056a47b86;travaux
active;Incidents;30;perturbée;SIGNIFICANT_DELAYS;20221125T223000;20221126T033000;27d5550e-f95d-11ec-8609-005056a47b86;" / Ligne H : Paris-Persan via Valmondois 27/06-16/12 / <p>Période : à partir de 22h30<br>Dates : du lundi 27 juin jusqu'au vendredi 16 décembre sauf les week-ends et jours fériés.<br>Le trafic est interrompu entre Paris Gare du Nord et Persan - Beaumont via Valmondois.<br>En conséquence, un service de bus de remplacement est mis en place, avec desserte des gares intermédiaires.<br><a href=""https://www.transilien.com/sites/transilien/files/sentinelle-20220701-hparisermontpersanviavalmondois-jusquau16decembre.pdf"" target="""">Pour plus d'informations sur les horaires du lundi 27 juin au vendredi 16 décembre sauf week-ends et jours fériés, cliquez ici pour télécharger l'affiche PDF.</a><br><a href=""https://www.transilien.com/sites/transilien/files/sentinelle-20220418-h-ermontvalmondoispersan-18avril26maiet6juin.pdf"" target="""">Pour plus d'informations sur les horaires des jours fériés, cliquez ici pour télécharger l'affiche PDF.</a><br>Attention à partir du lundi 11 avril 2022 : les arrêts bus de la gare de Vaucelles et Saint-Leu la Forêt sont déplacés, pour connaître les nouveaux emplacements cliquez ici :<br>- <a href=""https://www.transilien.com/sites/transilien/files/sentinelle-20220409-h-pointdarretbus-vaucelles.pdf"" target="""">Gare de Vaucelles</a><br>- <a href=""https://www.transilien.com/sites/transilien/files/sentinelle-20220409-h-pointdarretbus-stleulaforet.pdf"" target="""">Gare de Saint-Leu la Forêt</a><br>Les horaires du calculateur d'itinéraire tiennent compte de ces travaux.﻿<br>Motif : travaux.</p>";20220701T184503;Transilien Train Transilien H;27d5550e-f95d-11ec-8609-005056a47b86;travaux
active;Incidents;30;perturbée;SIGNIFICANT_DELAYS;20221124T223000;20221125T033000;27d5550e-f95d-11ec-8609-005056a47b86;" / Ligne H : Paris-Persan via Valmondois 27/06-16/12 / <p>Période : à partir de 22h30<br>Dates : du lundi 27 juin jusqu'au vendredi 16 décembre sauf les week-ends et jours fériés.<br>Le trafic est interrompu entre Paris Gare du Nord et Persan - Beaumont via Valmondois.<br>En conséquence, un service de bus de remplacement est mis en place, avec desserte des gares intermédiaires.<br><a href=""https://www.transilien.com/sites/transilien/files/sentinelle-20220701-hparisermontpersanviavalmondois-jusquau16decembre.pdf"" target="""">Pour plus d'informations sur les horaires du lundi 27 juin au vendredi 16 décembre sauf week-ends et jours fériés, cliquez ici pour télécharger l'affiche PDF.</a><br><a href=""https://www.transilien.com/sites/transilien/files/sentinelle-20220418-h-ermontvalmondoispersan-18avril26maiet6juin.pdf"" target="""">Pour plus d'informations sur les horaires des jours fériés, cliquez ici pour télécharger l'affiche PDF.</a><br>Attention à partir du lundi 11 avril 2022 : les arrêts bus de la gare de Vaucelles et Saint-Leu la Forêt sont déplacés, pour connaître les nouveaux emplacements cliquez ici :<br>- <a href=""https://www.transilien.com/sites/transilien/files/sentinelle-20220409-h-pointdarretbus-vaucelles.pdf"" target="""">Gare de Vaucelles</a><br>- <a href=""https://www.transilien.com/sites/transilien/files/sentinelle-20220409-h-pointdarretbus-stleulaforet.pdf"" target="""">Gare de Saint-Leu la Forêt</a><br>Les horaires du calculateur d'itinéraire tiennent compte de ces travaux.﻿<br>Motif : travaux.</p>";20220701T184503;Transilien Train Transilien H;27d5550e-f95d-11ec-8609-005056a47b86;travaux
active;Incidents;30;perturbée;SIGNIFICANT_DELAYS;20221123T223000;20221124T033000;27d5550e-f95d-11ec-8609-005056a47b86;" / Ligne H : Paris-Persan via Valmondois 27/06-16/12 / <p>Période : à partir de 22h30<br>Dates : du lundi 27 juin jusqu'au vendredi 16 décembre sauf les week-ends et jours fériés.<br>Le trafic est interrompu entre Paris Gare du Nord et Persan - Beaumont via Valmondois.<br>En conséquence, un service de bus de remplacement est mis en place, avec desserte des gares intermédiaires.<br><a href=""https://www.transilien.com/sites/transilien/files/sentinelle-20220701-hparisermontpersanviavalmondois-jusquau16decembre.pdf"" target="""">Pour plus d'informations sur les horaires du lundi 27 juin au vendredi 16 décembre sauf week-ends et jours fériés, cliquez ici pour télécharger l'affiche PDF.</a><br><a href=""https://www.transilien.com/sites/transilien/files/sentinelle-20220418-h-ermontvalmondoispersan-18avril26maiet6juin.pdf"" target="""">Pour plus d'informations sur les horaires des jours fériés, cliquez ici pour télécharger l'affiche PDF.</a><br>Attention à partir du lundi 11 avril 2022 : les arrêts bus de la gare de Vaucelles et Saint-Leu la Forêt sont déplacés, pour connaître les nouveaux emplacements cliquez ici :<br>- <a href=""https://www.transilien.com/sites/transilien/files/sentinelle-20220409-h-pointdarretbus-vaucelles.pdf"" target="""">Gare de Vaucelles</a><br>- <a href=""https://www.transilien.com/sites/transilien/files/sentinelle-20220409-h-pointdarretbus-stleulaforet.pdf"" target="""">Gare de Saint-Leu la Forêt</a><br>Les horaires du calculateur d'itinéraire tiennent compte de ces travaux.﻿<br>Motif : travaux.</p>";20220701T184503;Transilien Train Transilien H;27d5550e-f95d-11ec-8609-005056a47b86;travaux
active;Incidents;30;perturbée;SIGNIFICANT_DELAYS;20221122T223000;20221123T033000;27d5550e-f95d-11ec-8609-005056a47b86;" / Ligne H : Paris-Persan via Valmondois 27/06-16/12 / <p>Période : à partir de 22h30<br>Dates : du lundi 27 juin jusqu'au vendredi 16 décembre sauf les week-ends et jours fériés.<br>Le trafic est interrompu entre Paris Gare du Nord et Persan - Beaumont via Valmondois.<br>En conséquence, un service de bus de remplacement est mis en place, avec desserte des gares intermédiaires.<br><a href=""https://www.transilien.com/sites/transilien/files/sentinelle-20220701-hparisermontpersanviavalmondois-jusquau16decembre.pdf"" target="""">Pour plus d'informations sur les horaires du lundi 27 juin au vendredi 16 décembre sauf week-ends et jours fériés, cliquez ici pour télécharger l'affiche PDF.</a><br><a href=""https://www.transilien.com/sites/transilien/files/sentinelle-20220418-h-ermontvalmondoispersan-18avril26maiet6juin.pdf"" target="""">Pour plus d'informations sur les horaires des jours fériés, cliquez ici pour télécharger l'affiche PDF.</a><br>Attention à partir du lundi 11 avril 2022 : les arrêts bus de la gare de Vaucelles et Saint-Leu la Forêt sont déplacés, pour connaître les nouveaux emplacements cliquez ici :<br>- <a href=""https://www.transilien.com/sites/transilien/files/sentinelle-20220409-h-pointdarretbus-vaucelles.pdf"" target="""">Gare de Vaucelles</a><br>- <a href=""https://www.transilien.com/sites/transilien/files/sentinelle-20220409-h-pointdarretbus-stleulaforet.pdf"" target="""">Gare de Saint-Leu la Forêt</a><br>Les horaires du calculateur d'itinéraire tiennent compte de ces travaux.﻿<br>Motif : travaux.</p>";20220701T184503;Transilien Train Transilien H;27d5550e-f95d-11ec-8609-005056a47b86;travaux
active;Incidents;30;perturbée;SIGNIFICANT_DELAYS;20221121T223000;20221122T033000;27d5550e-f95d-11ec-8609-005056a47b86;" / Ligne H : Paris-Persan via Valmondois 27/06-16/12 / <p>Période : à partir de 22h30<br>Dates : du lundi 27 juin jusqu'au vendredi 16 décembre sauf les week-ends et jours fériés.<br>Le trafic est interrompu entre Paris Gare du Nord et Persan - Beaumont via Valmondois.<br>En conséquence, un service de bus de remplacement est mis en place, avec desserte des gares intermédiaires.<br><a href=""https://www.transilien.com/sites/transilien/files/sentinelle-20220701-hparisermontpersanviavalmondois-jusquau16decembre.pdf"" target="""">Pour plus d'informations sur les horaires du lundi 27 juin au vendredi 16 décembre sauf week-ends et jours fériés, cliquez ici pour télécharger l'affiche PDF.</a><br><a href=""https://www.transilien.com/sites/transilien/files/sentinelle-20220418-h-ermontvalmondoispersan-18avril26maiet6juin.pdf"" target="""">Pour plus d'informations sur les horaires des jours fériés, cliquez ici pour télécharger l'affiche PDF.</a><br>Attention à partir du lundi 11 avril 2022 : les arrêts bus de la gare de Vaucelles et Saint-Leu la Forêt sont déplacés, pour connaître les nouveaux emplacements cliquez ici :<br>- <a href=""https://www.transilien.com/sites/transilien/files/sentinelle-20220409-h-pointdarretbus-vaucelles.pdf"" target="""">Gare de Vaucelles</a><br>- <a href=""https://www.transilien.com/sites/transilien/files/sentinelle-20220409-h-pointdarretbus-stleulaforet.pdf"" target="""">Gare de Saint-Leu la Forêt</a><br>Les horaires du calculateur d'itinéraire tiennent compte de ces travaux.﻿<br>Motif : travaux.</p>";20220701T184503;Transilien Train Transilien H;27d5550e-f95d-11ec-8609-005056a47b86;travaux
active;Incidents;30;perturbée;SIGNIFICANT_DELAYS;20221118T223000;20221119T033000;27d5550e-f95d-11ec-8609-005056a47b86;" / Ligne H : Paris-Persan via Valmondois 27/06-16/12 / <p>Période : à partir de 22h30<br>Dates : du lundi 27 juin jusqu'au vendredi 16 décembre sauf les week-ends et jours fériés.<br>Le trafic est interrompu entre Paris Gare du Nord et Persan - Beaumont via Valmondois.<br>En conséquence, un service de bus de remplacement est mis en place, avec desserte des gares intermédiaires.<br><a href=""https://www.transilien.com/sites/transilien/files/sentinelle-20220701-hparisermontpersanviavalmondois-jusquau16decembre.pdf"" target="""">Pour plus d'informations sur les horaires du lundi 27 juin au vendredi 16 décembre sauf week-ends et jours fériés, cliquez ici pour télécharger l'affiche PDF.</a><br><a href=""https://www.transilien.com/sites/transilien/files/sentinelle-20220418-h-ermontvalmondoispersan-18avril26maiet6juin.pdf"" target="""">Pour plus d'informations sur les horaires des jours fériés, cliquez ici pour télécharger l'affiche PDF.</a><br>Attention à partir du lundi 11 avril 2022 : les arrêts bus de la gare de Vaucelles et Saint-Leu la Forêt sont déplacés, pour connaître les nouveaux emplacements cliquez ici :<br>- <a href=""https://www.transilien.com/sites/transilien/files/sentinelle-20220409-h-pointdarretbus-vaucelles.pdf"" target="""">Gare de Vaucelles</a><br>- <a href=""https://www.transilien.com/sites/transilien/files/sentinelle-20220409-h-pointdarretbus-stleulaforet.pdf"" target="""">Gare de Saint-Leu la Forêt</a><br>Les horaires du calculateur d'itinéraire tiennent compte de ces travaux.﻿<br>Motif : travaux.</p>";20220701T184503;Transilien Train Transilien H;27d5550e-f95d-11ec-8609-005056a47b86;travaux
active;Incidents;30;perturbée;SIGNIFICANT_DELAYS;20221117T223000;20221118T033000;27d5550e-f95d-11ec-8609-005056a47b86;" / Ligne H : Paris-Persan via Valmondois 27/06-16/12 / <p>Période : à partir de 22h30<br>Dates : du lundi 27 juin jusqu'au vendredi 16 décembre sauf les week-ends et jours fériés.<br>Le trafic est interrompu entre Paris Gare du Nord et Persan - Beaumont via Valmondois.<br>En conséquence, un service de bus de remplacement est mis en place, avec desserte des gares intermédiaires.<br><a href=""https://www.transilien.com/sites/transilien/files/sentinelle-20220701-hparisermontpersanviavalmondois-jusquau16decembre.pdf"" target="""">Pour plus d'informations sur les horaires du lundi 27 juin au vendredi 16 décembre sauf week-ends et jours fériés, cliquez ici pour télécharger l'affiche PDF.</a><br><a href=""https://www.transilien.com/sites/transilien/files/sentinelle-20220418-h-ermontvalmondoispersan-18avril26maiet6juin.pdf"" target="""">Pour plus d'informations sur les horaires des jours fériés, cliquez ici pour télécharger l'affiche PDF.</a><br>Attention à partir du lundi 11 avril 2022 : les arrêts bus de la gare de Vaucelles et Saint-Leu la Forêt sont déplacés, pour connaître les nouveaux emplacements cliquez ici :<br>- <a href=""https://www.transilien.com/sites/transilien/files/sentinelle-20220409-h-pointdarretbus-vaucelles.pdf"" target="""">Gare de Vaucelles</a><br>- <a href=""https://www.transilien.com/sites/transilien/files/sentinelle-20220409-h-pointdarretbus-stleulaforet.pdf"" target="""">Gare de Saint-Leu la Forêt</a><br>Les horaires du calculateur d'itinéraire tiennent compte de ces travaux.﻿<br>Motif : travaux.</p>";20220701T184503;Transilien Train Transilien H;27d5550e-f95d-11ec-8609-005056a47b86;travaux
active;Incidents;30;perturbée;SIGNIFICANT_DELAYS;20221116T223000;20221117T033000;27d5550e-f95d-11ec-8609-005056a47b86;" / Ligne H : Paris-Persan via Valmondois 27/06-16/12 / <p>Période : à partir de 22h30<br>Dates : du lundi 27 juin jusqu'au vendredi 16 décembre sauf les week-ends et jours fériés.<br>Le trafic est interrompu entre Paris Gare du Nord et Persan - Beaumont via Valmondois.<br>En conséquence, un service de bus de remplacement est mis en place, avec desserte des gares intermédiaires.<br><a href=""https://www.transilien.com/sites/transilien/files/sentinelle-20220701-hparisermontpersanviavalmondois-jusquau16decembre.pdf"" target="""">Pour plus d'informations sur les horaires du lundi 27 juin au vendredi 16 décembre sauf week-ends et jours fériés, cliquez ici pour télécharger l'affiche PDF.</a><br><a href=""https://www.transilien.com/sites/transilien/files/sentinelle-20220418-h-ermontvalmondoispersan-18avril26maiet6juin.pdf"" target="""">Pour plus d'informations sur les horaires des jours fériés, cliquez ici pour télécharger l'affiche PDF.</a><br>Attention à partir du lundi 11 avril 2022 : les arrêts bus de la gare de Vaucelles et Saint-Leu la Forêt sont déplacés, pour connaître les nouveaux emplacements cliquez ici :<br>- <a href=""https://www.transilien.com/sites/transilien/files/sentinelle-20220409-h-pointdarretbus-vaucelles.pdf"" target="""">Gare de Vaucelles</a><br>- <a href=""https://www.transilien.com/sites/transilien/files/sentinelle-20220409-h-pointdarretbus-stleulaforet.pdf"" target="""">Gare de Saint-Leu la Forêt</a><br>Les horaires du calculateur d'itinéraire tiennent compte de ces travaux.﻿<br>Motif : travaux.</p>";20220701T184503;Transilien Train Transilien H;27d5550e-f95d-11ec-8609-005056a47b86;travaux
active;Incidents;30;perturbée;SIGNIFICANT_DELAYS;20221115T223000;20221116T033000;27d5550e-f95d-11ec-8609-005056a47b86;" / Ligne H : Paris-Persan via Valmondois 27/06-16/12 / <p>Période : à partir de 22h30<br>Dates : du lundi 27 juin jusqu'au vendredi 16 décembre sauf les week-ends et jours fériés.<br>Le trafic est interrompu entre Paris Gare du Nord et Persan - Beaumont via Valmondois.<br>En conséquence, un service de bus de remplacement est mis en place, avec desserte des gares intermédiaires.<br><a href=""https://www.transilien.com/sites/transilien/files/sentinelle-20220701-hparisermontpersanviavalmondois-jusquau16decembre.pdf"" target="""">Pour plus d'informations sur les horaires du lundi 27 juin au vendredi 16 décembre sauf week-ends et jours fériés, cliquez ici pour télécharger l'affiche PDF.</a><br><a href=""https://www.transilien.com/sites/transilien/files/sentinelle-20220418-h-ermontvalmondoispersan-18avril26maiet6juin.pdf"" target="""">Pour plus d'informations sur les horaires des jours fériés, cliquez ici pour télécharger l'affiche PDF.</a><br>Attention à partir du lundi 11 avril 2022 : les arrêts bus de la gare de Vaucelles et Saint-Leu la Forêt sont déplacés, pour connaître les nouveaux emplacements cliquez ici :<br>- <a href=""https://www.transilien.com/sites/transilien/files/sentinelle-20220409-h-pointdarretbus-vaucelles.pdf"" target="""">Gare de Vaucelles</a><br>- <a href=""https://www.transilien.com/sites/transilien/files/sentinelle-20220409-h-pointdarretbus-stleulaforet.pdf"" target="""">Gare de Saint-Leu la Forêt</a><br>Les horaires du calculateur d'itinéraire tiennent compte de ces travaux.﻿<br>Motif : travaux.</p>";20220701T184503;Transilien Train Transilien H;27d5550e-f95d-11ec-8609-005056a47b86;travaux
active;Incidents;30;perturbée;SIGNIFICANT_DELAYS;20221114T223000;20221115T033000;27d5550e-f95d-11ec-8609-005056a47b86;" / Ligne H : Paris-Persan via Valmondois 27/06-16/12 / <p>Période : à partir de 22h30<br>Dates : du lundi 27 juin jusqu'au vendredi 16 décembre sauf les week-ends et jours fériés.<br>Le trafic est interrompu entre Paris Gare du Nord et Persan - Beaumont via Valmondois.<br>En conséquence, un service de bus de remplacement est mis en place, avec desserte des gares intermédiaires.<br><a href=""https://www.transilien.com/sites/transilien/files/sentinelle-20220701-hparisermontpersanviavalmondois-jusquau16decembre.pdf"" target="""">Pour plus d'informations sur les horaires du lundi 27 juin au vendredi 16 décembre sauf week-ends et jours fériés, cliquez ici pour télécharger l'affiche PDF.</a><br><a href=""https://www.transilien.com/sites/transilien/files/sentinelle-20220418-h-ermontvalmondoispersan-18avril26maiet6juin.pdf"" target="""">Pour plus d'informations sur les horaires des jours fériés, cliquez ici pour télécharger l'affiche PDF.</a><br>Attention à partir du lundi 11 avril 2022 : les arrêts bus de la gare de Vaucelles et Saint-Leu la Forêt sont déplacés, pour connaître les nouveaux emplacements cliquez ici :<br>- <a href=""https://www.transilien.com/sites/transilien/files/sentinelle-20220409-h-pointdarretbus-vaucelles.pdf"" target="""">Gare de Vaucelles</a><br>- <a href=""https://www.transilien.com/sites/transilien/files/sentinelle-20220409-h-pointdarretbus-stleulaforet.pdf"" target="""">Gare de Saint-Leu la Forêt</a><br>Les horaires du calculateur d'itinéraire tiennent compte de ces travaux.﻿<br>Motif : travaux.</p>";20220701T184503;Transilien Train Transilien H;27d5550e-f95d-11ec-8609-005056a47b86;travaux
active;Incidents;30;perturbée;SIGNIFICANT_DELAYS;20221111T223000;20221112T033000;27d5550e-f95d-11ec-8609-005056a47b86;" / Ligne H : Paris-Persan via Valmondois 27/06-16/12 / <p>Période : à partir de 22h30<br>Dates : du lundi 27 juin jusqu'au vendredi 16 décembre sauf les week-ends et jours fériés.<br>Le trafic est interrompu entre Paris Gare du Nord et Persan - Beaumont via Valmondois.<br>En conséquence, un service de bus de remplacement est mis en place, avec desserte des gares intermédiaires.<br><a href=""https://www.transilien.com/sites/transilien/files/sentinelle-20220701-hparisermontpersanviavalmondois-jusquau16decembre.pdf"" target="""">Pour plus d'informations sur les horaires du lundi 27 juin au vendredi 16 décembre sauf week-ends et jours fériés, cliquez ici pour télécharger l'affiche PDF.</a><br><a href=""https://www.transilien.com/sites/transilien/files/sentinelle-20220418-h-ermontvalmondoispersan-18avril26maiet6juin.pdf"" target="""">Pour plus d'informations sur les horaires des jours fériés, cliquez ici pour télécharger l'affiche PDF.</a><br>Attention à partir du lundi 11 avril 2022 : les arrêts bus de la gare de Vaucelles et Saint-Leu la Forêt sont déplacés, pour connaître les nouveaux emplacements cliquez ici :<br>- <a href=""https://www.transilien.com/sites/transilien/files/sentinelle-20220409-h-pointdarretbus-vaucelles.pdf"" target="""">Gare de Vaucelles</a><br>- <a href=""https://www.transilien.com/sites/transilien/files/sentinelle-20220409-h-pointdarretbus-stleulaforet.pdf"" target="""">Gare de Saint-Leu la Forêt</a><br>Les horaires du calculateur d'itinéraire tiennent compte de ces travaux.﻿<br>Motif : travaux.</p>";20220701T184503;Transilien Train Transilien H;27d5550e-f95d-11ec-8609-005056a47b86;travaux
active;Incidents;30;perturbée;SIGNIFICANT_DELAYS;20221110T223000;20221111T033000;27d5550e-f95d-11ec-8609-005056a47b86;" / Ligne H : Paris-Persan via Valmondois 27/06-16/12 / <p>Période : à partir de 22h30<br>Dates : du lundi 27 juin jusqu'au vendredi 16 décembre sauf les week-ends et jours fériés.<br>Le trafic est interrompu entre Paris Gare du Nord et Persan - Beaumont via Valmondois.<br>En conséquence, un service de bus de remplacement est mis en place, avec desserte des gares intermédiaires.<br><a href=""https://www.transilien.com/sites/transilien/files/sentinelle-20220701-hparisermontpersanviavalmondois-jusquau16decembre.pdf"" target="""">Pour plus d'informations sur les horaires du lundi 27 juin au vendredi 16 décembre sauf week-ends et jours fériés, cliquez ici pour télécharger l'affiche PDF.</a><br><a href=""https://www.transilien.com/sites/transilien/files/sentinelle-20220418-h-ermontvalmondoispersan-18avril26maiet6juin.pdf"" target="""">Pour plus d'informations sur les horaires des jours fériés, cliquez ici pour télécharger l'affiche PDF.</a><br>Attention à partir du lundi 11 avril 2022 : les arrêts bus de la gare de Vaucelles et Saint-Leu la Forêt sont déplacés, pour connaître les nouveaux emplacements cliquez ici :<br>- <a href=""https://www.transilien.com/sites/transilien/files/sentinelle-20220409-h-pointdarretbus-vaucelles.pdf"" target="""">Gare de Vaucelles</a><br>- <a href=""https://www.transilien.com/sites/transilien/files/sentinelle-20220409-h-pointdarretbus-stleulaforet.pdf"" target="""">Gare de Saint-Leu la Forêt</a><br>Les horaires du calculateur d'itinéraire tiennent compte de ces travaux.﻿<br>Motif : travaux.</p>";20220701T184503;Transilien Train Transilien H;27d5550e-f95d-11ec-8609-005056a47b86;travaux
active;Incidents;30;perturbée;SIGNIFICANT_DELAYS;20221109T223000;20221110T033000;27d5550e-f95d-11ec-8609-005056a47b86;" / Ligne H : Paris-Persan via Valmondois 27/06-16/12 / <p>Période : à partir de 22h30<br>Dates : du lundi 27 juin jusqu'au vendredi 16 décembre sauf les week-ends et jours fériés.<br>Le trafic est interrompu entre Paris Gare du Nord et Persan - Beaumont via Valmondois.<br>En conséquence, un service de bus de remplacement est mis en place, avec desserte des gares intermédiaires.<br><a href=""https://www.transilien.com/sites/transilien/files/sentinelle-20220701-hparisermontpersanviavalmondois-jusquau16decembre.pdf"" target="""">Pour plus d'informations sur les horaires du lundi 27 juin au vendredi 16 décembre sauf week-ends et jours fériés, cliquez ici pour télécharger l'affiche PDF.</a><br><a href=""https://www.transilien.com/sites/transilien/files/sentinelle-20220418-h-ermontvalmondoispersan-18avril26maiet6juin.pdf"" target="""">Pour plus d'informations sur les horaires des jours fériés, cliquez ici pour télécharger l'affiche PDF.</a><br>Attention à partir du lundi 11 avril 2022 : les arrêts bus de la gare de Vaucelles et Saint-Leu la Forêt sont déplacés, pour connaître les nouveaux emplacements cliquez ici :<br>- <a href=""https://www.transilien.com/sites/transilien/files/sentinelle-20220409-h-pointdarretbus-vaucelles.pdf"" target="""">Gare de Vaucelles</a><br>- <a href=""https://www.transilien.com/sites/transilien/files/sentinelle-20220409-h-pointdarretbus-stleulaforet.pdf"" target="""">Gare de Saint-Leu la Forêt</a><br>Les horaires du calculateur d'itinéraire tiennent compte de ces travaux.﻿<br>Motif : travaux.</p>";20220701T184503;Transilien Train Transilien H;27d5550e-f95d-11ec-8609-005056a47b86;travaux
active;Incidents;30;perturbée;SIGNIFICANT_DELAYS;20221108T223000;20221109T033000;27d5550e-f95d-11ec-8609-005056a47b86;" / Ligne H : Paris-Persan via Valmondois 27/06-16/12 / <p>Période : à partir de 22h30<br>Dates : du lundi 27 juin jusqu'au vendredi 16 décembre sauf les week-ends et jours fériés.<br>Le trafic est interrompu entre Paris Gare du Nord et Persan - Beaumont via Valmondois.<br>En conséquence, un service de bus de remplacement est mis en place, avec desserte des gares intermédiaires.<br><a href=""https://www.transilien.com/sites/transilien/files/sentinelle-20220701-hparisermontpersanviavalmondois-jusquau16decembre.pdf"" target="""">Pour plus d'informations sur les horaires du lundi 27 juin au vendredi 16 décembre sauf week-ends et jours fériés, cliquez ici pour télécharger l'affiche PDF.</a><br><a href=""https://www.transilien.com/sites/transilien/files/sentinelle-20220418-h-ermontvalmondoispersan-18avril26maiet6juin.pdf"" target="""">Pour plus d'informations sur les horaires des jours fériés, cliquez ici pour télécharger l'affiche PDF.</a><br>Attention à partir du lundi 11 avril 2022 : les arrêts bus de la gare de Vaucelles et Saint-Leu la Forêt sont déplacés, pour connaître les nouveaux emplacements cliquez ici :<br>- <a href=""https://www.transilien.com/sites/transilien/files/sentinelle-20220409-h-pointdarretbus-vaucelles.pdf"" target="""">Gare de Vaucelles</a><br>- <a href=""https://www.transilien.com/sites/transilien/files/sentinelle-20220409-h-pointdarretbus-stleulaforet.pdf"" target="""">Gare de Saint-Leu la Forêt</a><br>Les horaires du calculateur d'itinéraire tiennent compte de ces travaux.﻿<br>Motif : travaux.</p>";20220701T184503;Transilien Train Transilien H;27d5550e-f95d-11ec-8609-005056a47b86;travaux
active;Incidents;30;perturbée;SIGNIFICANT_DELAYS;20221107T223000;20221108T033000;27d5550e-f95d-11ec-8609-005056a47b86;" / Ligne H : Paris-Persan via Valmondois 27/06-16/12 / <p>Période : à partir de 22h30<br>Dates : du lundi 27 juin jusqu'au vendredi 16 décembre sauf les week-ends et jours fériés.<br>Le trafic est interrompu entre Paris Gare du Nord et Persan - Beaumont via Valmondois.<br>En conséquence, un service de bus de remplacement est mis en place, avec desserte des gares intermédiaires.<br><a href=""https://www.transilien.com/sites/transilien/files/sentinelle-20220701-hparisermontpersanviavalmondois-jusquau16decembre.pdf"" target="""">Pour plus d'informations sur les horaires du lundi 27 juin au vendredi 16 décembre sauf week-ends et jours fériés, cliquez ici pour télécharger l'affiche PDF.</a><br><a href=""https://www.transilien.com/sites/transilien/files/sentinelle-20220418-h-ermontvalmondoispersan-18avril26maiet6juin.pdf"" target="""">Pour plus d'informations sur les horaires des jours fériés, cliquez ici pour télécharger l'affiche PDF.</a><br>Attention à partir du lundi 11 avril 2022 : les arrêts bus de la gare de Vaucelles et Saint-Leu la Forêt sont déplacés, pour connaître les nouveaux emplacements cliquez ici :<br>- <a href=""https://www.transilien.com/sites/transilien/files/sentinelle-20220409-h-pointdarretbus-vaucelles.pdf"" target="""">Gare de Vaucelles</a><br>- <a href=""https://www.transilien.com/sites/transilien/files/sentinelle-20220409-h-pointdarretbus-stleulaforet.pdf"" target="""">Gare de Saint-Leu la Forêt</a><br>Les horaires du calculateur d'itinéraire tiennent compte de ces travaux.﻿<br>Motif : travaux.</p>";20220701T184503;Transilien Train Transilien H;27d5550e-f95d-11ec-8609-005056a47b86;travaux
active;Incidents;30;perturbée;SIGNIFICANT_DELAYS;20221104T223000;20221105T033000;27d5550e-f95d-11ec-8609-005056a47b86;" / Ligne H : Paris-Persan via Valmondois 27/06-16/12 / <p>Période : à partir de 22h30<br>Dates : du lundi 27 juin jusqu'au vendredi 16 décembre sauf les week-ends et jours fériés.<br>Le trafic est interrompu entre Paris Gare du Nord et Persan - Beaumont via Valmondois.<br>En conséquence, un service de bus de remplacement est mis en place, avec desserte des gares intermédiaires.<br><a href=""https://www.transilien.com/sites/transilien/files/sentinelle-20220701-hparisermontpersanviavalmondois-jusquau16decembre.pdf"" target="""">Pour plus d'informations sur les horaires du lundi 27 juin au vendredi 16 décembre sauf week-ends et jours fériés, cliquez ici pour télécharger l'affiche PDF.</a><br><a href=""https://www.transilien.com/sites/transilien/files/sentinelle-20220418-h-ermontvalmondoispersan-18avril26maiet6juin.pdf"" target="""">Pour plus d'informations sur les horaires des jours fériés, cliquez ici pour télécharger l'affiche PDF.</a><br>Attention à partir du lundi 11 avril 2022 : les arrêts bus de la gare de Vaucelles et Saint-Leu la Forêt sont déplacés, pour connaître les nouveaux emplacements cliquez ici :<br>- <a href=""https://www.transilien.com/sites/transilien/files/sentinelle-20220409-h-pointdarretbus-vaucelles.pdf"" target="""">Gare de Vaucelles</a><br>- <a href=""https://www.transilien.com/sites/transilien/files/sentinelle-20220409-h-pointdarretbus-stleulaforet.pdf"" target="""">Gare de Saint-Leu la Forêt</a><br>Les horaires du calculateur d'itinéraire tiennent compte de ces travaux.﻿<br>Motif : travaux.</p>";20220701T184503;Transilien Train Transilien H;27d5550e-f95d-11ec-8609-005056a47b86;travaux
active;Incidents;30;perturbée;SIGNIFICANT_DELAYS;20221103T223000;20221104T033000;27d5550e-f95d-11ec-8609-005056a47b86;" / Ligne H : Paris-Persan via Valmondois 27/06-16/12 / <p>Période : à partir de 22h30<br>Dates : du lundi 27 juin jusqu'au vendredi 16 décembre sauf les week-ends et jours fériés.<br>Le trafic est interrompu entre Paris Gare du Nord et Persan - Beaumont via Valmondois.<br>En conséquence, un service de bus de remplacement est mis en place, avec desserte des gares intermédiaires.<br><a href=""https://www.transilien.com/sites/transilien/files/sentinelle-20220701-hparisermontpersanviavalmondois-jusquau16decembre.pdf"" target="""">Pour plus d'informations sur les horaires du lundi 27 juin au vendredi 16 décembre sauf week-ends et jours fériés, cliquez ici pour télécharger l'affiche PDF.</a><br><a href=""https://www.transilien.com/sites/transilien/files/sentinelle-20220418-h-ermontvalmondoispersan-18avril26maiet6juin.pdf"" target="""">Pour plus d'informations sur les horaires des jours fériés, cliquez ici pour télécharger l'affiche PDF.</a><br>Attention à partir du lundi 11 avril 2022 : les arrêts bus de la gare de Vaucelles et Saint-Leu la Forêt sont déplacés, pour connaître les nouveaux emplacements cliquez ici :<br>- <a href=""https://www.transilien.com/sites/transilien/files/sentinelle-20220409-h-pointdarretbus-vaucelles.pdf"" target="""">Gare de Vaucelles</a><br>- <a href=""https://www.transilien.com/sites/transilien/files/sentinelle-20220409-h-pointdarretbus-stleulaforet.pdf"" target="""">Gare de Saint-Leu la Forêt</a><br>Les horaires du calculateur d'itinéraire tiennent compte de ces travaux.﻿<br>Motif : travaux.</p>";20220701T184503;Transilien Train Transilien H;27d5550e-f95d-11ec-8609-005056a47b86;travaux
active;Incidents;30;perturbée;SIGNIFICANT_DELAYS;20221102T223000;20221103T033000;27d5550e-f95d-11ec-8609-005056a47b86;" / Ligne H : Paris-Persan via Valmondois 27/06-16/12 / <p>Période : à partir de 22h30<br>Dates : du lundi 27 juin jusqu'au vendredi 16 décembre sauf les week-ends et jours fériés.<br>Le trafic est interrompu entre Paris Gare du Nord et Persan - Beaumont via Valmondois.<br>En conséquence, un service de bus de remplacement est mis en place, avec desserte des gares intermédiaires.<br><a href=""https://www.transilien.com/sites/transilien/files/sentinelle-20220701-hparisermontpersanviavalmondois-jusquau16decembre.pdf"" target="""">Pour plus d'informations sur les horaires du lundi 27 juin au vendredi 16 décembre sauf week-ends et jours fériés, cliquez ici pour télécharger l'affiche PDF.</a><br><a href=""https://www.transilien.com/sites/transilien/files/sentinelle-20220418-h-ermontvalmondoispersan-18avril26maiet6juin.pdf"" target="""">Pour plus d'informations sur les horaires des jours fériés, cliquez ici pour télécharger l'affiche PDF.</a><br>Attention à partir du lundi 11 avril 2022 : les arrêts bus de la gare de Vaucelles et Saint-Leu la Forêt sont déplacés, pour connaître les nouveaux emplacements cliquez ici :<br>- <a href=""https://www.transilien.com/sites/transilien/files/sentinelle-20220409-h-pointdarretbus-vaucelles.pdf"" target="""">Gare de Vaucelles</a><br>- <a href=""https://www.transilien.com/sites/transilien/files/sentinelle-20220409-h-pointdarretbus-stleulaforet.pdf"" target="""">Gare de Saint-Leu la Forêt</a><br>Les horaires du calculateur d'itinéraire tiennent compte de ces travaux.﻿<br>Motif : travaux.</p>";20220701T184503;Transilien Train Transilien H;27d5550e-f95d-11ec-8609-005056a47b86;travaux
active;Incidents;30;perturbée;SIGNIFICANT_DELAYS;20221101T223000;20221102T033000;27d5550e-f95d-11ec-8609-005056a47b86;" / Ligne H : Paris-Persan via Valmondois 27/06-16/12 / <p>Période : à partir de 22h30<br>Dates : du lundi 27 juin jusqu'au vendredi 16 décembre sauf les week-ends et jours fériés.<br>Le trafic est interrompu entre Paris Gare du Nord et Persan - Beaumont via Valmondois.<br>En conséquence, un service de bus de remplacement est mis en place, avec desserte des gares intermédiaires.<br><a href=""https://www.transilien.com/sites/transilien/files/sentinelle-20220701-hparisermontpersanviavalmondois-jusquau16decembre.pdf"" target="""">Pour plus d'informations sur les horaires du lundi 27 juin au vendredi 16 décembre sauf week-ends et jours fériés, cliquez ici pour télécharger l'affiche PDF.</a><br><a href=""https://www.transilien.com/sites/transilien/files/sentinelle-20220418-h-ermontvalmondoispersan-18avril26maiet6juin.pdf"" target="""">Pour plus d'informations sur les horaires des jours fériés, cliquez ici pour télécharger l'affiche PDF.</a><br>Attention à partir du lundi 11 avril 2022 : les arrêts bus de la gare de Vaucelles et Saint-Leu la Forêt sont déplacés, pour connaître les nouveaux emplacements cliquez ici :<br>- <a href=""https://www.transilien.com/sites/transilien/files/sentinelle-20220409-h-pointdarretbus-vaucelles.pdf"" target="""">Gare de Vaucelles</a><br>- <a href=""https://www.transilien.com/sites/transilien/files/sentinelle-20220409-h-pointdarretbus-stleulaforet.pdf"" target="""">Gare de Saint-Leu la Forêt</a><br>Les horaires du calculateur d'itinéraire tiennent compte de ces travaux.﻿<br>Motif : travaux.</p>";20220701T184503;Transilien Train Transilien H;27d5550e-f95d-11ec-8609-005056a47b86;travaux
active;Incidents;30;perturbée;SIGNIFICANT_DELAYS;20221031T223000;20221101T033000;27d5550e-f95d-11ec-8609-005056a47b86;" / Ligne H : Paris-Persan via Valmondois 27/06-16/12 / <p>Période : à partir de 22h30<br>Dates : du lundi 27 juin jusqu'au vendredi 16 décembre sauf les week-ends et jours fériés.<br>Le trafic est interrompu entre Paris Gare du Nord et Persan - Beaumont via Valmondois.<br>En conséquence, un service de bus de remplacement est mis en place, avec desserte des gares intermédiaires.<br><a href=""https://www.transilien.com/sites/transilien/files/sentinelle-20220701-hparisermontpersanviavalmondois-jusquau16decembre.pdf"" target="""">Pour plus d'informations sur les horaires du lundi 27 juin au vendredi 16 décembre sauf week-ends et jours fériés, cliquez ici pour télécharger l'affiche PDF.</a><br><a href=""https://www.transilien.com/sites/transilien/files/sentinelle-20220418-h-ermontvalmondoispersan-18avril26maiet6juin.pdf"" target="""">Pour plus d'informations sur les horaires des jours fériés, cliquez ici pour télécharger l'affiche PDF.</a><br>Attention à partir du lundi 11 avril 2022 : les arrêts bus de la gare de Vaucelles et Saint-Leu la Forêt sont déplacés, pour connaître les nouveaux emplacements cliquez ici :<br>- <a href=""https://www.transilien.com/sites/transilien/files/sentinelle-20220409-h-pointdarretbus-vaucelles.pdf"" target="""">Gare de Vaucelles</a><br>- <a href=""https://www.transilien.com/sites/transilien/files/sentinelle-20220409-h-pointdarretbus-stleulaforet.pdf"" target="""">Gare de Saint-Leu la Forêt</a><br>Les horaires du calculateur d'itinéraire tiennent compte de ces travaux.﻿<br>Motif : travaux.</p>";20220701T184503;Transilien Train Transilien H;27d5550e-f95d-11ec-8609-005056a47b86;travaux
active;Incidents;30;perturbée;SIGNIFICANT_DELAYS;20221028T223000;20221029T033000;27d5550e-f95d-11ec-8609-005056a47b86;" / Ligne H : Paris-Persan via Valmondois 27/06-16/12 / <p>Période : à partir de 22h30<br>Dates : du lundi 27 juin jusqu'au vendredi 16 décembre sauf les week-ends et jours fériés.<br>Le trafic est interrompu entre Paris Gare du Nord et Persan - Beaumont via Valmondois.<br>En conséquence, un service de bus de remplacement est mis en place, avec desserte des gares intermédiaires.<br><a href=""https://www.transilien.com/sites/transilien/files/sentinelle-20220701-hparisermontpersanviavalmondois-jusquau16decembre.pdf"" target="""">Pour plus d'informations sur les horaires du lundi 27 juin au vendredi 16 décembre sauf week-ends et jours fériés, cliquez ici pour télécharger l'affiche PDF.</a><br><a href=""https://www.transilien.com/sites/transilien/files/sentinelle-20220418-h-ermontvalmondoispersan-18avril26maiet6juin.pdf"" target="""">Pour plus d'informations sur les horaires des jours fériés, cliquez ici pour télécharger l'affiche PDF.</a><br>Attention à partir du lundi 11 avril 2022 : les arrêts bus de la gare de Vaucelles et Saint-Leu la Forêt sont déplacés, pour connaître les nouveaux emplacements cliquez ici :<br>- <a href=""https://www.transilien.com/sites/transilien/files/sentinelle-20220409-h-pointdarretbus-vaucelles.pdf"" target="""">Gare de Vaucelles</a><br>- <a href=""https://www.transilien.com/sites/transilien/files/sentinelle-20220409-h-pointdarretbus-stleulaforet.pdf"" target="""">Gare de Saint-Leu la Forêt</a><br>Les horaires du calculateur d'itinéraire tiennent compte de ces travaux.﻿<br>Motif : travaux.</p>";20220701T184503;Transilien Train Transilien H;27d5550e-f95d-11ec-8609-005056a47b86;travaux
active;Incidents;30;perturbée;SIGNIFICANT_DELAYS;20221027T223000;20221028T033000;27d5550e-f95d-11ec-8609-005056a47b86;" / Ligne H : Paris-Persan via Valmondois 27/06-16/12 / <p>Période : à partir de 22h30<br>Dates : du lundi 27 juin jusqu'au vendredi 16 décembre sauf les week-ends et jours fériés.<br>Le trafic est interrompu entre Paris Gare du Nord et Persan - Beaumont via Valmondois.<br>En conséquence, un service de bus de remplacement est mis en place, avec desserte des gares intermédiaires.<br><a href=""https://www.transilien.com/sites/transilien/files/sentinelle-20220701-hparisermontpersanviavalmondois-jusquau16decembre.pdf"" target="""">Pour plus d'informations sur les horaires du lundi 27 juin au vendredi 16 décembre sauf week-ends et jours fériés, cliquez ici pour télécharger l'affiche PDF.</a><br><a href=""https://www.transilien.com/sites/transilien/files/sentinelle-20220418-h-ermontvalmondoispersan-18avril26maiet6juin.pdf"" target="""">Pour plus d'informations sur les horaires des jours fériés, cliquez ici pour télécharger l'affiche PDF.</a><br>Attention à partir du lundi 11 avril 2022 : les arrêts bus de la gare de Vaucelles et Saint-Leu la Forêt sont déplacés, pour connaître les nouveaux emplacements cliquez ici :<br>- <a href=""https://www.transilien.com/sites/transilien/files/sentinelle-20220409-h-pointdarretbus-vaucelles.pdf"" target="""">Gare de Vaucelles</a><br>- <a href=""https://www.transilien.com/sites/transilien/files/sentinelle-20220409-h-pointdarretbus-stleulaforet.pdf"" target="""">Gare de Saint-Leu la Forêt</a><br>Les horaires du calculateur d'itinéraire tiennent compte de ces travaux.﻿<br>Motif : travaux.</p>";20220701T184503;Transilien Train Transilien H;27d5550e-f95d-11ec-8609-005056a47b86;travaux
active;Incidents;30;perturbée;SIGNIFICANT_DELAYS;20221026T223000;20221027T033000;27d5550e-f95d-11ec-8609-005056a47b86;" / Ligne H : Paris-Persan via Valmondois 27/06-16/12 / <p>Période : à partir de 22h30<br>Dates : du lundi 27 juin jusqu'au vendredi 16 décembre sauf les week-ends et jours fériés.<br>Le trafic est interrompu entre Paris Gare du Nord et Persan - Beaumont via Valmondois.<br>En conséquence, un service de bus de remplacement est mis en place, avec desserte des gares intermédiaires.<br><a href=""https://www.transilien.com/sites/transilien/files/sentinelle-20220701-hparisermontpersanviavalmondois-jusquau16decembre.pdf"" target="""">Pour plus d'informations sur les horaires du lundi 27 juin au vendredi 16 décembre sauf week-ends et jours fériés, cliquez ici pour télécharger l'affiche PDF.</a><br><a href=""https://www.transilien.com/sites/transilien/files/sentinelle-20220418-h-ermontvalmondoispersan-18avril26maiet6juin.pdf"" target="""">Pour plus d'informations sur les horaires des jours fériés, cliquez ici pour télécharger l'affiche PDF.</a><br>Attention à partir du lundi 11 avril 2022 : les arrêts bus de la gare de Vaucelles et Saint-Leu la Forêt sont déplacés, pour connaître les nouveaux emplacements cliquez ici :<br>- <a href=""https://www.transilien.com/sites/transilien/files/sentinelle-20220409-h-pointdarretbus-vaucelles.pdf"" target="""">Gare de Vaucelles</a><br>- <a href=""https://www.transilien.com/sites/transilien/files/sentinelle-20220409-h-pointdarretbus-stleulaforet.pdf"" target="""">Gare de Saint-Leu la Forêt</a><br>Les horaires du calculateur d'itinéraire tiennent compte de ces travaux.﻿<br>Motif : travaux.</p>";20220701T184503;Transilien Train Transilien H;27d5550e-f95d-11ec-8609-005056a47b86;travaux
active;Incidents;30;perturbée;SIGNIFICANT_DELAYS;20221025T223000;20221026T033000;27d5550e-f95d-11ec-8609-005056a47b86;" / Ligne H : Paris-Persan via Valmondois 27/06-16/12 / <p>Période : à partir de 22h30<br>Dates : du lundi 27 juin jusqu'au vendredi 16 décembre sauf les week-ends et jours fériés.<br>Le trafic est interrompu entre Paris Gare du Nord et Persan - Beaumont via Valmondois.<br>En conséquence, un service de bus de remplacement est mis en place, avec desserte des gares intermédiaires.<br><a href=""https://www.transilien.com/sites/transilien/files/sentinelle-20220701-hparisermontpersanviavalmondois-jusquau16decembre.pdf"" target="""">Pour plus d'informations sur les horaires du lundi 27 juin au vendredi 16 décembre sauf week-ends et jours fériés, cliquez ici pour télécharger l'affiche PDF.</a><br><a href=""https://www.transilien.com/sites/transilien/files/sentinelle-20220418-h-ermontvalmondoispersan-18avril26maiet6juin.pdf"" target="""">Pour plus d'informations sur les horaires des jours fériés, cliquez ici pour télécharger l'affiche PDF.</a><br>Attention à partir du lundi 11 avril 2022 : les arrêts bus de la gare de Vaucelles et Saint-Leu la Forêt sont déplacés, pour connaître les nouveaux emplacements cliquez ici :<br>- <a href=""https://www.transilien.com/sites/transilien/files/sentinelle-20220409-h-pointdarretbus-vaucelles.pdf"" target="""">Gare de Vaucelles</a><br>- <a href=""https://www.transilien.com/sites/transilien/files/sentinelle-20220409-h-pointdarretbus-stleulaforet.pdf"" target="""">Gare de Saint-Leu la Forêt</a><br>Les horaires du calculateur d'itinéraire tiennent compte de ces travaux.﻿<br>Motif : travaux.</p>";20220701T184503;Transilien Train Transilien H;27d5550e-f95d-11ec-8609-005056a47b86;travaux
active;Incidents;30;perturbée;SIGNIFICANT_DELAYS;20221024T223000;20221025T033000;27d5550e-f95d-11ec-8609-005056a47b86;" / Ligne H : Paris-Persan via Valmondois 27/06-16/12 / <p>Période : à partir de 22h30<br>Dates : du lundi 27 juin jusqu'au vendredi 16 décembre sauf les week-ends et jours fériés.<br>Le trafic est interrompu entre Paris Gare du Nord et Persan - Beaumont via Valmondois.<br>En conséquence, un service de bus de remplacement est mis en place, avec desserte des gares intermédiaires.<br><a href=""https://www.transilien.com/sites/transilien/files/sentinelle-20220701-hparisermontpersanviavalmondois-jusquau16decembre.pdf"" target="""">Pour plus d'informations sur les horaires du lundi 27 juin au vendredi 16 décembre sauf week-ends et jours fériés, cliquez ici pour télécharger l'affiche PDF.</a><br><a href=""https://www.transilien.com/sites/transilien/files/sentinelle-20220418-h-ermontvalmondoispersan-18avril26maiet6juin.pdf"" target="""">Pour plus d'informations sur les horaires des jours fériés, cliquez ici pour télécharger l'affiche PDF.</a><br>Attention à partir du lundi 11 avril 2022 : les arrêts bus de la gare de Vaucelles et Saint-Leu la Forêt sont déplacés, pour connaître les nouveaux emplacements cliquez ici :<br>- <a href=""https://www.transilien.com/sites/transilien/files/sentinelle-20220409-h-pointdarretbus-vaucelles.pdf"" target="""">Gare de Vaucelles</a><br>- <a href=""https://www.transilien.com/sites/transilien/files/sentinelle-20220409-h-pointdarretbus-stleulaforet.pdf"" target="""">Gare de Saint-Leu la Forêt</a><br>Les horaires du calculateur d'itinéraire tiennent compte de ces travaux.﻿<br>Motif : travaux.</p>";20220701T184503;Transilien Train Transilien H;27d5550e-f95d-11ec-8609-005056a47b86;travaux
active;Incidents;30;perturbée;SIGNIFICANT_DELAYS;20221021T223000;20221022T033000;27d5550e-f95d-11ec-8609-005056a47b86;" / Ligne H : Paris-Persan via Valmondois 27/06-16/12 / <p>Période : à partir de 22h30<br>Dates : du lundi 27 juin jusqu'au vendredi 16 décembre sauf les week-ends et jours fériés.<br>Le trafic est interrompu entre Paris Gare du Nord et Persan - Beaumont via Valmondois.<br>En conséquence, un service de bus de remplacement est mis en place, avec desserte des gares intermédiaires.<br><a href=""https://www.transilien.com/sites/transilien/files/sentinelle-20220701-hparisermontpersanviavalmondois-jusquau16decembre.pdf"" target="""">Pour plus d'informations sur les horaires du lundi 27 juin au vendredi 16 décembre sauf week-ends et jours fériés, cliquez ici pour télécharger l'affiche PDF.</a><br><a href=""https://www.transilien.com/sites/transilien/files/sentinelle-20220418-h-ermontvalmondoispersan-18avril26maiet6juin.pdf"" target="""">Pour plus d'informations sur les horaires des jours fériés, cliquez ici pour télécharger l'affiche PDF.</a><br>Attention à partir du lundi 11 avril 2022 : les arrêts bus de la gare de Vaucelles et Saint-Leu la Forêt sont déplacés, pour connaître les nouveaux emplacements cliquez ici :<br>- <a href=""https://www.transilien.com/sites/transilien/files/sentinelle-20220409-h-pointdarretbus-vaucelles.pdf"" target="""">Gare de Vaucelles</a><br>- <a href=""https://www.transilien.com/sites/transilien/files/sentinelle-20220409-h-pointdarretbus-stleulaforet.pdf"" target="""">Gare de Saint-Leu la Forêt</a><br>Les horaires du calculateur d'itinéraire tiennent compte de ces travaux.﻿<br>Motif : travaux.</p>";20220701T184503;Transilien Train Transilien H;27d5550e-f95d-11ec-8609-005056a47b86;travaux
active;Incidents;30;perturbée;SIGNIFICANT_DELAYS;20221020T223000;20221021T033000;27d5550e-f95d-11ec-8609-005056a47b86;" / Ligne H : Paris-Persan via Valmondois 27/06-16/12 / <p>Période : à partir de 22h30<br>Dates : du lundi 27 juin jusqu'au vendredi 16 décembre sauf les week-ends et jours fériés.<br>Le trafic est interrompu entre Paris Gare du Nord et Persan - Beaumont via Valmondois.<br>En conséquence, un service de bus de remplacement est mis en place, avec desserte des gares intermédiaires.<br><a href=""https://www.transilien.com/sites/transilien/files/sentinelle-20220701-hparisermontpersanviavalmondois-jusquau16decembre.pdf"" target="""">Pour plus d'informations sur les horaires du lundi 27 juin au vendredi 16 décembre sauf week-ends et jours fériés, cliquez ici pour télécharger l'affiche PDF.</a><br><a href=""https://www.transilien.com/sites/transilien/files/sentinelle-20220418-h-ermontvalmondoispersan-18avril26maiet6juin.pdf"" target="""">Pour plus d'informations sur les horaires des jours fériés, cliquez ici pour télécharger l'affiche PDF.</a><br>Attention à partir du lundi 11 avril 2022 : les arrêts bus de la gare de Vaucelles et Saint-Leu la Forêt sont déplacés, pour connaître les nouveaux emplacements cliquez ici :<br>- <a href=""https://www.transilien.com/sites/transilien/files/sentinelle-20220409-h-pointdarretbus-vaucelles.pdf"" target="""">Gare de Vaucelles</a><br>- <a href=""https://www.transilien.com/sites/transilien/files/sentinelle-20220409-h-pointdarretbus-stleulaforet.pdf"" target="""">Gare de Saint-Leu la Forêt</a><br>Les horaires du calculateur d'itinéraire tiennent compte de ces travaux.﻿<br>Motif : travaux.</p>";20220701T184503;Transilien Train Transilien H;27d5550e-f95d-11ec-8609-005056a47b86;travaux
active;Incidents;30;perturbée;SIGNIFICANT_DELAYS;20221019T223000;20221020T033000;27d5550e-f95d-11ec-8609-005056a47b86;" / Ligne H : Paris-Persan via Valmondois 27/06-16/12 / <p>Période : à partir de 22h30<br>Dates : du lundi 27 juin jusqu'au vendredi 16 décembre sauf les week-ends et jours fériés.<br>Le trafic est interrompu entre Paris Gare du Nord et Persan - Beaumont via Valmondois.<br>En conséquence, un service de bus de remplacement est mis en place, avec desserte des gares intermédiaires.<br><a href=""https://www.transilien.com/sites/transilien/files/sentinelle-20220701-hparisermontpersanviavalmondois-jusquau16decembre.pdf"" target="""">Pour plus d'informations sur les horaires du lundi 27 juin au vendredi 16 décembre sauf week-ends et jours fériés, cliquez ici pour télécharger l'affiche PDF.</a><br><a href=""https://www.transilien.com/sites/transilien/files/sentinelle-20220418-h-ermontvalmondoispersan-18avril26maiet6juin.pdf"" target="""">Pour plus d'informations sur les horaires des jours fériés, cliquez ici pour télécharger l'affiche PDF.</a><br>Attention à partir du lundi 11 avril 2022 : les arrêts bus de la gare de Vaucelles et Saint-Leu la Forêt sont déplacés, pour connaître les nouveaux emplacements cliquez ici :<br>- <a href=""https://www.transilien.com/sites/transilien/files/sentinelle-20220409-h-pointdarretbus-vaucelles.pdf"" target="""">Gare de Vaucelles</a><br>- <a href=""https://www.transilien.com/sites/transilien/files/sentinelle-20220409-h-pointdarretbus-stleulaforet.pdf"" target="""">Gare de Saint-Leu la Forêt</a><br>Les horaires du calculateur d'itinéraire tiennent compte de ces travaux.﻿<br>Motif : travaux.</p>";20220701T184503;Transilien Train Transilien H;27d5550e-f95d-11ec-8609-005056a47b86;travaux
active;Incidents;30;perturbée;SIGNIFICANT_DELAYS;20221018T223000;20221019T033000;27d5550e-f95d-11ec-8609-005056a47b86;" / Ligne H : Paris-Persan via Valmondois 27/06-16/12 / <p>Période : à partir de 22h30<br>Dates : du lundi 27 juin jusqu'au vendredi 16 décembre sauf les week-ends et jours fériés.<br>Le trafic est interrompu entre Paris Gare du Nord et Persan - Beaumont via Valmondois.<br>En conséquence, un service de bus de remplacement est mis en place, avec desserte des gares intermédiaires.<br><a href=""https://www.transilien.com/sites/transilien/files/sentinelle-20220701-hparisermontpersanviavalmondois-jusquau16decembre.pdf"" target="""">Pour plus d'informations sur les horaires du lundi 27 juin au vendredi 16 décembre sauf week-ends et jours fériés, cliquez ici pour télécharger l'affiche PDF.</a><br><a href=""https://www.transilien.com/sites/transilien/files/sentinelle-20220418-h-ermontvalmondoispersan-18avril26maiet6juin.pdf"" target="""">Pour plus d'informations sur les horaires des jours fériés, cliquez ici pour télécharger l'affiche PDF.</a><br>Attention à partir du lundi 11 avril 2022 : les arrêts bus de la gare de Vaucelles et Saint-Leu la Forêt sont déplacés, pour connaître les nouveaux emplacements cliquez ici :<br>- <a href=""https://www.transilien.com/sites/transilien/files/sentinelle-20220409-h-pointdarretbus-vaucelles.pdf"" target="""">Gare de Vaucelles</a><br>- <a href=""https://www.transilien.com/sites/transilien/files/sentinelle-20220409-h-pointdarretbus-stleulaforet.pdf"" target="""">Gare de Saint-Leu la Forêt</a><br>Les horaires du calculateur d'itinéraire tiennent compte de ces travaux.﻿<br>Motif : travaux.</p>";20220701T184503;Transilien Train Transilien H;27d5550e-f95d-11ec-8609-005056a47b86;travaux
active;Incidents;30;perturbée;SIGNIFICANT_DELAYS;20221017T223000;20221018T033000;27d5550e-f95d-11ec-8609-005056a47b86;" / Ligne H : Paris-Persan via Valmondois 27/06-16/12 / <p>Période : à partir de 22h30<br>Dates : du lundi 27 juin jusqu'au vendredi 16 décembre sauf les week-ends et jours fériés.<br>Le trafic est interrompu entre Paris Gare du Nord et Persan - Beaumont via Valmondois.<br>En conséquence, un service de bus de remplacement est mis en place, avec desserte des gares intermédiaires.<br><a href=""https://www.transilien.com/sites/transilien/files/sentinelle-20220701-hparisermontpersanviavalmondois-jusquau16decembre.pdf"" target="""">Pour plus d'informations sur les horaires du lundi 27 juin au vendredi 16 décembre sauf week-ends et jours fériés, cliquez ici pour télécharger l'affiche PDF.</a><br><a href=""https://www.transilien.com/sites/transilien/files/sentinelle-20220418-h-ermontvalmondoispersan-18avril26maiet6juin.pdf"" target="""">Pour plus d'informations sur les horaires des jours fériés, cliquez ici pour télécharger l'affiche PDF.</a><br>Attention à partir du lundi 11 avril 2022 : les arrêts bus de la gare de Vaucelles et Saint-Leu la Forêt sont déplacés, pour connaître les nouveaux emplacements cliquez ici :<br>- <a href=""https://www.transilien.com/sites/transilien/files/sentinelle-20220409-h-pointdarretbus-vaucelles.pdf"" target="""">Gare de Vaucelles</a><br>- <a href=""https://www.transilien.com/sites/transilien/files/sentinelle-20220409-h-pointdarretbus-stleulaforet.pdf"" target="""">Gare de Saint-Leu la Forêt</a><br>Les horaires du calculateur d'itinéraire tiennent compte de ces travaux.﻿<br>Motif : travaux.</p>";20220701T184503;Transilien Train Transilien H;27d5550e-f95d-11ec-8609-005056a47b86;travaux
active;Incidents;30;perturbée;SIGNIFICANT_DELAYS;20221014T223000;20221015T033000;27d5550e-f95d-11ec-8609-005056a47b86;" / Ligne H : Paris-Persan via Valmondois 27/06-16/12 / <p>Période : à partir de 22h30<br>Dates : du lundi 27 juin jusqu'au vendredi 16 décembre sauf les week-ends et jours fériés.<br>Le trafic est interrompu entre Paris Gare du Nord et Persan - Beaumont via Valmondois.<br>En conséquence, un service de bus de remplacement est mis en place, avec desserte des gares intermédiaires.<br><a href=""https://www.transilien.com/sites/transilien/files/sentinelle-20220701-hparisermontpersanviavalmondois-jusquau16decembre.pdf"" target="""">Pour plus d'informations sur les horaires du lundi 27 juin au vendredi 16 décembre sauf week-ends et jours fériés, cliquez ici pour télécharger l'affiche PDF.</a><br><a href=""https://www.transilien.com/sites/transilien/files/sentinelle-20220418-h-ermontvalmondoispersan-18avril26maiet6juin.pdf"" target="""">Pour plus d'informations sur les horaires des jours fériés, cliquez ici pour télécharger l'affiche PDF.</a><br>Attention à partir du lundi 11 avril 2022 : les arrêts bus de la gare de Vaucelles et Saint-Leu la Forêt sont déplacés, pour connaître les nouveaux emplacements cliquez ici :<br>- <a href=""https://www.transilien.com/sites/transilien/files/sentinelle-20220409-h-pointdarretbus-vaucelles.pdf"" target="""">Gare de Vaucelles</a><br>- <a href=""https://www.transilien.com/sites/transilien/files/sentinelle-20220409-h-pointdarretbus-stleulaforet.pdf"" target="""">Gare de Saint-Leu la Forêt</a><br>Les horaires du calculateur d'itinéraire tiennent compte de ces travaux.﻿<br>Motif : travaux.</p>";20220701T184503;Transilien Train Transilien H;27d5550e-f95d-11ec-8609-005056a47b86;travaux
active;Incidents;30;perturbée;SIGNIFICANT_DELAYS;20221013T223000;20221014T033000;27d5550e-f95d-11ec-8609-005056a47b86;" / Ligne H : Paris-Persan via Valmondois 27/06-16/12 / <p>Période : à partir de 22h30<br>Dates : du lundi 27 juin jusqu'au vendredi 16 décembre sauf les week-ends et jours fériés.<br>Le trafic est interrompu entre Paris Gare du Nord et Persan - Beaumont via Valmondois.<br>En conséquence, un service de bus de remplacement est mis en place, avec desserte des gares intermédiaires.<br><a href=""https://www.transilien.com/sites/transilien/files/sentinelle-20220701-hparisermontpersanviavalmondois-jusquau16decembre.pdf"" target="""">Pour plus d'informations sur les horaires du lundi 27 juin au vendredi 16 décembre sauf week-ends et jours fériés, cliquez ici pour télécharger l'affiche PDF.</a><br><a href=""https://www.transilien.com/sites/transilien/files/sentinelle-20220418-h-ermontvalmondoispersan-18avril26maiet6juin.pdf"" target="""">Pour plus d'informations sur les horaires des jours fériés, cliquez ici pour télécharger l'affiche PDF.</a><br>Attention à partir du lundi 11 avril 2022 : les arrêts bus de la gare de Vaucelles et Saint-Leu la Forêt sont déplacés, pour connaître les nouveaux emplacements cliquez ici :<br>- <a href=""https://www.transilien.com/sites/transilien/files/sentinelle-20220409-h-pointdarretbus-vaucelles.pdf"" target="""">Gare de Vaucelles</a><br>- <a href=""https://www.transilien.com/sites/transilien/files/sentinelle-20220409-h-pointdarretbus-stleulaforet.pdf"" target="""">Gare de Saint-Leu la Forêt</a><br>Les horaires du calculateur d'itinéraire tiennent compte de ces travaux.﻿<br>Motif : travaux.</p>";20220701T184503;Transilien Train Transilien H;27d5550e-f95d-11ec-8609-005056a47b86;travaux
active;Incidents;30;perturbée;SIGNIFICANT_DELAYS;20221012T223000;20221013T033000;27d5550e-f95d-11ec-8609-005056a47b86;" / Ligne H : Paris-Persan via Valmondois 27/06-16/12 / <p>Période : à partir de 22h30<br>Dates : du lundi 27 juin jusqu'au vendredi 16 décembre sauf les week-ends et jours fériés.<br>Le trafic est interrompu entre Paris Gare du Nord et Persan - Beaumont via Valmondois.<br>En conséquence, un service de bus de remplacement est mis en place, avec desserte des gares intermédiaires.<br><a href=""https://www.transilien.com/sites/transilien/files/sentinelle-20220701-hparisermontpersanviavalmondois-jusquau16decembre.pdf"" target="""">Pour plus d'informations sur les horaires du lundi 27 juin au vendredi 16 décembre sauf week-ends et jours fériés, cliquez ici pour télécharger l'affiche PDF.</a><br><a href=""https://www.transilien.com/sites/transilien/files/sentinelle-20220418-h-ermontvalmondoispersan-18avril26maiet6juin.pdf"" target="""">Pour plus d'informations sur les horaires des jours fériés, cliquez ici pour télécharger l'affiche PDF.</a><br>Attention à partir du lundi 11 avril 2022 : les arrêts bus de la gare de Vaucelles et Saint-Leu la Forêt sont déplacés, pour connaître les nouveaux emplacements cliquez ici :<br>- <a href=""https://www.transilien.com/sites/transilien/files/sentinelle-20220409-h-pointdarretbus-vaucelles.pdf"" target="""">Gare de Vaucelles</a><br>- <a href=""https://www.transilien.com/sites/transilien/files/sentinelle-20220409-h-pointdarretbus-stleulaforet.pdf"" target="""">Gare de Saint-Leu la Forêt</a><br>Les horaires du calculateur d'itinéraire tiennent compte de ces travaux.﻿<br>Motif : travaux.</p>";20220701T184503;Transilien Train Transilien H;27d5550e-f95d-11ec-8609-005056a47b86;travaux
active;Incidents;30;perturbée;SIGNIFICANT_DELAYS;20221011T223000;20221012T033000;27d5550e-f95d-11ec-8609-005056a47b86;" / Ligne H : Paris-Persan via Valmondois 27/06-16/12 / <p>Période : à partir de 22h30<br>Dates : du lundi 27 juin jusqu'au vendredi 16 décembre sauf les week-ends et jours fériés.<br>Le trafic est interrompu entre Paris Gare du Nord et Persan - Beaumont via Valmondois.<br>En conséquence, un service de bus de remplacement est mis en place, avec desserte des gares intermédiaires.<br><a href=""https://www.transilien.com/sites/transilien/files/sentinelle-20220701-hparisermontpersanviavalmondois-jusquau16decembre.pdf"" target="""">Pour plus d'informations sur les horaires du lundi 27 juin au vendredi 16 décembre sauf week-ends et jours fériés, cliquez ici pour télécharger l'affiche PDF.</a><br><a href=""https://www.transilien.com/sites/transilien/files/sentinelle-20220418-h-ermontvalmondoispersan-18avril26maiet6juin.pdf"" target="""">Pour plus d'informations sur les horaires des jours fériés, cliquez ici pour télécharger l'affiche PDF.</a><br>Attention à partir du lundi 11 avril 2022 : les arrêts bus de la gare de Vaucelles et Saint-Leu la Forêt sont déplacés, pour connaître les nouveaux emplacements cliquez ici :<br>- <a href=""https://www.transilien.com/sites/transilien/files/sentinelle-20220409-h-pointdarretbus-vaucelles.pdf"" target="""">Gare de Vaucelles</a><br>- <a href=""https://www.transilien.com/sites/transilien/files/sentinelle-20220409-h-pointdarretbus-stleulaforet.pdf"" target="""">Gare de Saint-Leu la Forêt</a><br>Les horaires du calculateur d'itinéraire tiennent compte de ces travaux.﻿<br>Motif : travaux.</p>";20220701T184503;Transilien Train Transilien H;27d5550e-f95d-11ec-8609-005056a47b86;travaux
active;Incidents;30;perturbée;SIGNIFICANT_DELAYS;20221010T223000;20221011T033000;27d5550e-f95d-11ec-8609-005056a47b86;" / Ligne H : Paris-Persan via Valmondois 27/06-16/12 / <p>Période : à partir de 22h30<br>Dates : du lundi 27 juin jusqu'au vendredi 16 décembre sauf les week-ends et jours fériés.<br>Le trafic est interrompu entre Paris Gare du Nord et Persan - Beaumont via Valmondois.<br>En conséquence, un service de bus de remplacement est mis en place, avec desserte des gares intermédiaires.<br><a href=""https://www.transilien.com/sites/transilien/files/sentinelle-20220701-hparisermontpersanviavalmondois-jusquau16decembre.pdf"" target="""">Pour plus d'informations sur les horaires du lundi 27 juin au vendredi 16 décembre sauf week-ends et jours fériés, cliquez ici pour télécharger l'affiche PDF.</a><br><a href=""https://www.transilien.com/sites/transilien/files/sentinelle-20220418-h-ermontvalmondoispersan-18avril26maiet6juin.pdf"" target="""">Pour plus d'informations sur les horaires des jours fériés, cliquez ici pour télécharger l'affiche PDF.</a><br>Attention à partir du lundi 11 avril 2022 : les arrêts bus de la gare de Vaucelles et Saint-Leu la Forêt sont déplacés, pour connaître les nouveaux emplacements cliquez ici :<br>- <a href=""https://www.transilien.com/sites/transilien/files/sentinelle-20220409-h-pointdarretbus-vaucelles.pdf"" target="""">Gare de Vaucelles</a><br>- <a href=""https://www.transilien.com/sites/transilien/files/sentinelle-20220409-h-pointdarretbus-stleulaforet.pdf"" target="""">Gare de Saint-Leu la Forêt</a><br>Les horaires du calculateur d'itinéraire tiennent compte de ces travaux.﻿<br>Motif : travaux.</p>";20220701T184503;Transilien Train Transilien H;27d5550e-f95d-11ec-8609-005056a47b86;travaux
active;Incidents;30;perturbée;SIGNIFICANT_DELAYS;20221007T223000;20221008T033000;27d5550e-f95d-11ec-8609-005056a47b86;" / Ligne H : Paris-Persan via Valmondois 27/06-16/12 / <p>Période : à partir de 22h30<br>Dates : du lundi 27 juin jusqu'au vendredi 16 décembre sauf les week-ends et jours fériés.<br>Le trafic est interrompu entre Paris Gare du Nord et Persan - Beaumont via Valmondois.<br>En conséquence, un service de bus de remplacement est mis en place, avec desserte des gares intermédiaires.<br><a href=""https://www.transilien.com/sites/transilien/files/sentinelle-20220701-hparisermontpersanviavalmondois-jusquau16decembre.pdf"" target="""">Pour plus d'informations sur les horaires du lundi 27 juin au vendredi 16 décembre sauf week-ends et jours fériés, cliquez ici pour télécharger l'affiche PDF.</a><br><a href=""https://www.transilien.com/sites/transilien/files/sentinelle-20220418-h-ermontvalmondoispersan-18avril26maiet6juin.pdf"" target="""">Pour plus d'informations sur les horaires des jours fériés, cliquez ici pour télécharger l'affiche PDF.</a><br>Attention à partir du lundi 11 avril 2022 : les arrêts bus de la gare de Vaucelles et Saint-Leu la Forêt sont déplacés, pour connaître les nouveaux emplacements cliquez ici :<br>- <a href=""https://www.transilien.com/sites/transilien/files/sentinelle-20220409-h-pointdarretbus-vaucelles.pdf"" target="""">Gare de Vaucelles</a><br>- <a href=""https://www.transilien.com/sites/transilien/files/sentinelle-20220409-h-pointdarretbus-stleulaforet.pdf"" target="""">Gare de Saint-Leu la Forêt</a><br>Les horaires du calculateur d'itinéraire tiennent compte de ces travaux.﻿<br>Motif : travaux.</p>";20220701T184503;Transilien Train Transilien H;27d5550e-f95d-11ec-8609-005056a47b86;travaux
active;Incidents;30;perturbée;SIGNIFICANT_DELAYS;20221006T223000;20221007T033000;27d5550e-f95d-11ec-8609-005056a47b86;" / Ligne H : Paris-Persan via Valmondois 27/06-16/12 / <p>Période : à partir de 22h30<br>Dates : du lundi 27 juin jusqu'au vendredi 16 décembre sauf les week-ends et jours fériés.<br>Le trafic est interrompu entre Paris Gare du Nord et Persan - Beaumont via Valmondois.<br>En conséquence, un service de bus de remplacement est mis en place, avec desserte des gares intermédiaires.<br><a href=""https://www.transilien.com/sites/transilien/files/sentinelle-20220701-hparisermontpersanviavalmondois-jusquau16decembre.pdf"" target="""">Pour plus d'informations sur les horaires du lundi 27 juin au vendredi 16 décembre sauf week-ends et jours fériés, cliquez ici pour télécharger l'affiche PDF.</a><br><a href=""https://www.transilien.com/sites/transilien/files/sentinelle-20220418-h-ermontvalmondoispersan-18avril26maiet6juin.pdf"" target="""">Pour plus d'informations sur les horaires des jours fériés, cliquez ici pour télécharger l'affiche PDF.</a><br>Attention à partir du lundi 11 avril 2022 : les arrêts bus de la gare de Vaucelles et Saint-Leu la Forêt sont déplacés, pour connaître les nouveaux emplacements cliquez ici :<br>- <a href=""https://www.transilien.com/sites/transilien/files/sentinelle-20220409-h-pointdarretbus-vaucelles.pdf"" target="""">Gare de Vaucelles</a><br>- <a href=""https://www.transilien.com/sites/transilien/files/sentinelle-20220409-h-pointdarretbus-stleulaforet.pdf"" target="""">Gare de Saint-Leu la Forêt</a><br>Les horaires du calculateur d'itinéraire tiennent compte de ces travaux.﻿<br>Motif : travaux.</p>";20220701T184503;Transilien Train Transilien H;27d5550e-f95d-11ec-8609-005056a47b86;travaux
active;Incidents;30;perturbée;SIGNIFICANT_DELAYS;20221005T223000;20221006T033000;27d5550e-f95d-11ec-8609-005056a47b86;" / Ligne H : Paris-Persan via Valmondois 27/06-16/12 / <p>Période : à partir de 22h30<br>Dates : du lundi 27 juin jusqu'au vendredi 16 décembre sauf les week-ends et jours fériés.<br>Le trafic est interrompu entre Paris Gare du Nord et Persan - Beaumont via Valmondois.<br>En conséquence, un service de bus de remplacement est mis en place, avec desserte des gares intermédiaires.<br><a href=""https://www.transilien.com/sites/transilien/files/sentinelle-20220701-hparisermontpersanviavalmondois-jusquau16decembre.pdf"" target="""">Pour plus d'informations sur les horaires du lundi 27 juin au vendredi 16 décembre sauf week-ends et jours fériés, cliquez ici pour télécharger l'affiche PDF.</a><br><a href=""https://www.transilien.com/sites/transilien/files/sentinelle-20220418-h-ermontvalmondoispersan-18avril26maiet6juin.pdf"" target="""">Pour plus d'informations sur les horaires des jours fériés, cliquez ici pour télécharger l'affiche PDF.</a><br>Attention à partir du lundi 11 avril 2022 : les arrêts bus de la gare de Vaucelles et Saint-Leu la Forêt sont déplacés, pour connaître les nouveaux emplacements cliquez ici :<br>- <a href=""https://www.transilien.com/sites/transilien/files/sentinelle-20220409-h-pointdarretbus-vaucelles.pdf"" target="""">Gare de Vaucelles</a><br>- <a href=""https://www.transilien.com/sites/transilien/files/sentinelle-20220409-h-pointdarretbus-stleulaforet.pdf"" target="""">Gare de Saint-Leu la Forêt</a><br>Les horaires du calculateur d'itinéraire tiennent compte de ces travaux.﻿<br>Motif : travaux.</p>";20220701T184503;Transilien Train Transilien H;27d5550e-f95d-11ec-8609-005056a47b86;travaux
active;Incidents;30;perturbée;SIGNIFICANT_DELAYS;20221004T223000;20221005T033000;27d5550e-f95d-11ec-8609-005056a47b86;" / Ligne H : Paris-Persan via Valmondois 27/06-16/12 / <p>Période : à partir de 22h30<br>Dates : du lundi 27 juin jusqu'au vendredi 16 décembre sauf les week-ends et jours fériés.<br>Le trafic est interrompu entre Paris Gare du Nord et Persan - Beaumont via Valmondois.<br>En conséquence, un service de bus de remplacement est mis en place, avec desserte des gares intermédiaires.<br><a href=""https://www.transilien.com/sites/transilien/files/sentinelle-20220701-hparisermontpersanviavalmondois-jusquau16decembre.pdf"" target="""">Pour plus d'informations sur les horaires du lundi 27 juin au vendredi 16 décembre sauf week-ends et jours fériés, cliquez ici pour télécharger l'affiche PDF.</a><br><a href=""https://www.transilien.com/sites/transilien/files/sentinelle-20220418-h-ermontvalmondoispersan-18avril26maiet6juin.pdf"" target="""">Pour plus d'informations sur les horaires des jours fériés, cliquez ici pour télécharger l'affiche PDF.</a><br>Attention à partir du lundi 11 avril 2022 : les arrêts bus de la gare de Vaucelles et Saint-Leu la Forêt sont déplacés, pour connaître les nouveaux emplacements cliquez ici :<br>- <a href=""https://www.transilien.com/sites/transilien/files/sentinelle-20220409-h-pointdarretbus-vaucelles.pdf"" target="""">Gare de Vaucelles</a><br>- <a href=""https://www.transilien.com/sites/transilien/files/sentinelle-20220409-h-pointdarretbus-stleulaforet.pdf"" target="""">Gare de Saint-Leu la Forêt</a><br>Les horaires du calculateur d'itinéraire tiennent compte de ces travaux.﻿<br>Motif : travaux.</p>";20220701T184503;Transilien Train Transilien H;27d5550e-f95d-11ec-8609-005056a47b86;travaux
active;Incidents;30;perturbée;SIGNIFICANT_DELAYS;20221003T223000;20221004T033000;27d5550e-f95d-11ec-8609-005056a47b86;" / Ligne H : Paris-Persan via Valmondois 27/06-16/12 / <p>Période : à partir de 22h30<br>Dates : du lundi 27 juin jusqu'au vendredi 16 décembre sauf les week-ends et jours fériés.<br>Le trafic est interrompu entre Paris Gare du Nord et Persan - Beaumont via Valmondois.<br>En conséquence, un service de bus de remplacement est mis en place, avec desserte des gares intermédiaires.<br><a href=""https://www.transilien.com/sites/transilien/files/sentinelle-20220701-hparisermontpersanviavalmondois-jusquau16decembre.pdf"" target="""">Pour plus d'informations sur les horaires du lundi 27 juin au vendredi 16 décembre sauf week-ends et jours fériés, cliquez ici pour télécharger l'affiche PDF.</a><br><a href=""https://www.transilien.com/sites/transilien/files/sentinelle-20220418-h-ermontvalmondoispersan-18avril26maiet6juin.pdf"" target="""">Pour plus d'informations sur les horaires des jours fériés, cliquez ici pour télécharger l'affiche PDF.</a><br>Attention à partir du lundi 11 avril 2022 : les arrêts bus de la gare de Vaucelles et Saint-Leu la Forêt sont déplacés, pour connaître les nouveaux emplacements cliquez ici :<br>- <a href=""https://www.transilien.com/sites/transilien/files/sentinelle-20220409-h-pointdarretbus-vaucelles.pdf"" target="""">Gare de Vaucelles</a><br>- <a href=""https://www.transilien.com/sites/transilien/files/sentinelle-20220409-h-pointdarretbus-stleulaforet.pdf"" target="""">Gare de Saint-Leu la Forêt</a><br>Les horaires du calculateur d'itinéraire tiennent compte de ces travaux.﻿<br>Motif : travaux.</p>";20220701T184503;Transilien Train Transilien H;27d5550e-f95d-11ec-8609-005056a47b86;travaux
active;Incidents;30;perturbée;SIGNIFICANT_DELAYS;20220930T223000;20221001T033000;27d5550e-f95d-11ec-8609-005056a47b86;" / Ligne H : Paris-Persan via Valmondois 27/06-16/12 / <p>Période : à partir de 22h30<br>Dates : du lundi 27 juin jusqu'au vendredi 16 décembre sauf les week-ends et jours fériés.<br>Le trafic est interrompu entre Paris Gare du Nord et Persan - Beaumont via Valmondois.<br>En conséquence, un service de bus de remplacement est mis en place, avec desserte des gares intermédiaires.<br><a href=""https://www.transilien.com/sites/transilien/files/sentinelle-20220701-hparisermontpersanviavalmondois-jusquau16decembre.pdf"" target="""">Pour plus d'informations sur les horaires du lundi 27 juin au vendredi 16 décembre sauf week-ends et jours fériés, cliquez ici pour télécharger l'affiche PDF.</a><br><a href=""https://www.transilien.com/sites/transilien/files/sentinelle-20220418-h-ermontvalmondoispersan-18avril26maiet6juin.pdf"" target="""">Pour plus d'informations sur les horaires des jours fériés, cliquez ici pour télécharger l'affiche PDF.</a><br>Attention à partir du lundi 11 avril 2022 : les arrêts bus de la gare de Vaucelles et Saint-Leu la Forêt sont déplacés, pour connaître les nouveaux emplacements cliquez ici :<br>- <a href=""https://www.transilien.com/sites/transilien/files/sentinelle-20220409-h-pointdarretbus-vaucelles.pdf"" target="""">Gare de Vaucelles</a><br>- <a href=""https://www.transilien.com/sites/transilien/files/sentinelle-20220409-h-pointdarretbus-stleulaforet.pdf"" target="""">Gare de Saint-Leu la Forêt</a><br>Les horaires du calculateur d'itinéraire tiennent compte de ces travaux.﻿<br>Motif : travaux.</p>";20220701T184503;Transilien Train Transilien H;27d5550e-f95d-11ec-8609-005056a47b86;travaux
active;Incidents;30;perturbée;SIGNIFICANT_DELAYS;20220929T223000;20220930T033000;27d5550e-f95d-11ec-8609-005056a47b86;" / Ligne H : Paris-Persan via Valmondois 27/06-16/12 / <p>Période : à partir de 22h30<br>Dates : du lundi 27 juin jusqu'au vendredi 16 décembre sauf les week-ends et jours fériés.<br>Le trafic est interrompu entre Paris Gare du Nord et Persan - Beaumont via Valmondois.<br>En conséquence, un service de bus de remplacement est mis en place, avec desserte des gares intermédiaires.<br><a href=""https://www.transilien.com/sites/transilien/files/sentinelle-20220701-hparisermontpersanviavalmondois-jusquau16decembre.pdf"" target="""">Pour plus d'informations sur les horaires du lundi 27 juin au vendredi 16 décembre sauf week-ends et jours fériés, cliquez ici pour télécharger l'affiche PDF.</a><br><a href=""https://www.transilien.com/sites/transilien/files/sentinelle-20220418-h-ermontvalmondoispersan-18avril26maiet6juin.pdf"" target="""">Pour plus d'informations sur les horaires des jours fériés, cliquez ici pour télécharger l'affiche PDF.</a><br>Attention à partir du lundi 11 avril 2022 : les arrêts bus de la gare de Vaucelles et Saint-Leu la Forêt sont déplacés, pour connaître les nouveaux emplacements cliquez ici :<br>- <a href=""https://www.transilien.com/sites/transilien/files/sentinelle-20220409-h-pointdarretbus-vaucelles.pdf"" target="""">Gare de Vaucelles</a><br>- <a href=""https://www.transilien.com/sites/transilien/files/sentinelle-20220409-h-pointdarretbus-stleulaforet.pdf"" target="""">Gare de Saint-Leu la Forêt</a><br>Les horaires du calculateur d'itinéraire tiennent compte de ces travaux.﻿<br>Motif : travaux.</p>";20220701T184503;Transilien Train Transilien H;27d5550e-f95d-11ec-8609-005056a47b86;travaux
active;Incidents;30;perturbée;SIGNIFICANT_DELAYS;20220928T223000;20220929T033000;27d5550e-f95d-11ec-8609-005056a47b86;" / Ligne H : Paris-Persan via Valmondois 27/06-16/12 / <p>Période : à partir de 22h30<br>Dates : du lundi 27 juin jusqu'au vendredi 16 décembre sauf les week-ends et jours fériés.<br>Le trafic est interrompu entre Paris Gare du Nord et Persan - Beaumont via Valmondois.<br>En conséquence, un service de bus de remplacement est mis en place, avec desserte des gares intermédiaires.<br><a href=""https://www.transilien.com/sites/transilien/files/sentinelle-20220701-hparisermontpersanviavalmondois-jusquau16decembre.pdf"" target="""">Pour plus d'informations sur les horaires du lundi 27 juin au vendredi 16 décembre sauf week-ends et jours fériés, cliquez ici pour télécharger l'affiche PDF.</a><br><a href=""https://www.transilien.com/sites/transilien/files/sentinelle-20220418-h-ermontvalmondoispersan-18avril26maiet6juin.pdf"" target="""">Pour plus d'informations sur les horaires des jours fériés, cliquez ici pour télécharger l'affiche PDF.</a><br>Attention à partir du lundi 11 avril 2022 : les arrêts bus de la gare de Vaucelles et Saint-Leu la Forêt sont déplacés, pour connaître les nouveaux emplacements cliquez ici :<br>- <a href=""https://www.transilien.com/sites/transilien/files/sentinelle-20220409-h-pointdarretbus-vaucelles.pdf"" target="""">Gare de Vaucelles</a><br>- <a href=""https://www.transilien.com/sites/transilien/files/sentinelle-20220409-h-pointdarretbus-stleulaforet.pdf"" target="""">Gare de Saint-Leu la Forêt</a><br>Les horaires du calculateur d'itinéraire tiennent compte de ces travaux.﻿<br>Motif : travaux.</p>";20220701T184503;Transilien Train Transilien H;27d5550e-f95d-11ec-8609-005056a47b86;travaux
active;Incidents;30;perturbée;SIGNIFICANT_DELAYS;20220927T223000;20220928T033000;27d5550e-f95d-11ec-8609-005056a47b86;" / Ligne H : Paris-Persan via Valmondois 27/06-16/12 / <p>Période : à partir de 22h30<br>Dates : du lundi 27 juin jusqu'au vendredi 16 décembre sauf les week-ends et jours fériés.<br>Le trafic est interrompu entre Paris Gare du Nord et Persan - Beaumont via Valmondois.<br>En conséquence, un service de bus de remplacement est mis en place, avec desserte des gares intermédiaires.<br><a href=""https://www.transilien.com/sites/transilien/files/sentinelle-20220701-hparisermontpersanviavalmondois-jusquau16decembre.pdf"" target="""">Pour plus d'informations sur les horaires du lundi 27 juin au vendredi 16 décembre sauf week-ends et jours fériés, cliquez ici pour télécharger l'affiche PDF.</a><br><a href=""https://www.transilien.com/sites/transilien/files/sentinelle-20220418-h-ermontvalmondoispersan-18avril26maiet6juin.pdf"" target="""">Pour plus d'informations sur les horaires des jours fériés, cliquez ici pour télécharger l'affiche PDF.</a><br>Attention à partir du lundi 11 avril 2022 : les arrêts bus de la gare de Vaucelles et Saint-Leu la Forêt sont déplacés, pour connaître les nouveaux emplacements cliquez ici :<br>- <a href=""https://www.transilien.com/sites/transilien/files/sentinelle-20220409-h-pointdarretbus-vaucelles.pdf"" target="""">Gare de Vaucelles</a><br>- <a href=""https://www.transilien.com/sites/transilien/files/sentinelle-20220409-h-pointdarretbus-stleulaforet.pdf"" target="""">Gare de Saint-Leu la Forêt</a><br>Les horaires du calculateur d'itinéraire tiennent compte de ces travaux.﻿<br>Motif : travaux.</p>";20220701T184503;Transilien Train Transilien H;27d5550e-f95d-11ec-8609-005056a47b86;travaux
active;Incidents;30;perturbée;SIGNIFICANT_DELAYS;20220926T223000;20220927T033000;27d5550e-f95d-11ec-8609-005056a47b86;" / Ligne H : Paris-Persan via Valmondois 27/06-16/12 / <p>Période : à partir de 22h30<br>Dates : du lundi 27 juin jusqu'au vendredi 16 décembre sauf les week-ends et jours fériés.<br>Le trafic est interrompu entre Paris Gare du Nord et Persan - Beaumont via Valmondois.<br>En conséquence, un service de bus de remplacement est mis en place, avec desserte des gares intermédiaires.<br><a href=""https://www.transilien.com/sites/transilien/files/sentinelle-20220701-hparisermontpersanviavalmondois-jusquau16decembre.pdf"" target="""">Pour plus d'informations sur les horaires du lundi 27 juin au vendredi 16 décembre sauf week-ends et jours fériés, cliquez ici pour télécharger l'affiche PDF.</a><br><a href=""https://www.transilien.com/sites/transilien/files/sentinelle-20220418-h-ermontvalmondoispersan-18avril26maiet6juin.pdf"" target="""">Pour plus d'informations sur les horaires des jours fériés, cliquez ici pour télécharger l'affiche PDF.</a><br>Attention à partir du lundi 11 avril 2022 : les arrêts bus de la gare de Vaucelles et Saint-Leu la Forêt sont déplacés, pour connaître les nouveaux emplacements cliquez ici :<br>- <a href=""https://www.transilien.com/sites/transilien/files/sentinelle-20220409-h-pointdarretbus-vaucelles.pdf"" target="""">Gare de Vaucelles</a><br>- <a href=""https://www.transilien.com/sites/transilien/files/sentinelle-20220409-h-pointdarretbus-stleulaforet.pdf"" target="""">Gare de Saint-Leu la Forêt</a><br>Les horaires du calculateur d'itinéraire tiennent compte de ces travaux.﻿<br>Motif : travaux.</p>";20220701T184503;Transilien Train Transilien H;27d5550e-f95d-11ec-8609-005056a47b86;travaux
active;Incidents;30;perturbée;SIGNIFICANT_DELAYS;20220923T223000;20220924T033000;27d5550e-f95d-11ec-8609-005056a47b86;" / Ligne H : Paris-Persan via Valmondois 27/06-16/12 / <p>Période : à partir de 22h30<br>Dates : du lundi 27 juin jusqu'au vendredi 16 décembre sauf les week-ends et jours fériés.<br>Le trafic est interrompu entre Paris Gare du Nord et Persan - Beaumont via Valmondois.<br>En conséquence, un service de bus de remplacement est mis en place, avec desserte des gares intermédiaires.<br><a href=""https://www.transilien.com/sites/transilien/files/sentinelle-20220701-hparisermontpersanviavalmondois-jusquau16decembre.pdf"" target="""">Pour plus d'informations sur les horaires du lundi 27 juin au vendredi 16 décembre sauf week-ends et jours fériés, cliquez ici pour télécharger l'affiche PDF.</a><br><a href=""https://www.transilien.com/sites/transilien/files/sentinelle-20220418-h-ermontvalmondoispersan-18avril26maiet6juin.pdf"" target="""">Pour plus d'informations sur les horaires des jours fériés, cliquez ici pour télécharger l'affiche PDF.</a><br>Attention à partir du lundi 11 avril 2022 : les arrêts bus de la gare de Vaucelles et Saint-Leu la Forêt sont déplacés, pour connaître les nouveaux emplacements cliquez ici :<br>- <a href=""https://www.transilien.com/sites/transilien/files/sentinelle-20220409-h-pointdarretbus-vaucelles.pdf"" target="""">Gare de Vaucelles</a><br>- <a href=""https://www.transilien.com/sites/transilien/files/sentinelle-20220409-h-pointdarretbus-stleulaforet.pdf"" target="""">Gare de Saint-Leu la Forêt</a><br>Les horaires du calculateur d'itinéraire tiennent compte de ces travaux.﻿<br>Motif : travaux.</p>";20220701T184503;Transilien Train Transilien H;27d5550e-f95d-11ec-8609-005056a47b86;travaux
active;Incidents;30;perturbée;SIGNIFICANT_DELAYS;20220922T223000;20220923T033000;27d5550e-f95d-11ec-8609-005056a47b86;" / Ligne H : Paris-Persan via Valmondois 27/06-16/12 / <p>Période : à partir de 22h30<br>Dates : du lundi 27 juin jusqu'au vendredi 16 décembre sauf les week-ends et jours fériés.<br>Le trafic est interrompu entre Paris Gare du Nord et Persan - Beaumont via Valmondois.<br>En conséquence, un service de bus de remplacement est mis en place, avec desserte des gares intermédiaires.<br><a href=""https://www.transilien.com/sites/transilien/files/sentinelle-20220701-hparisermontpersanviavalmondois-jusquau16decembre.pdf"" target="""">Pour plus d'informations sur les horaires du lundi 27 juin au vendredi 16 décembre sauf week-ends et jours fériés, cliquez ici pour télécharger l'affiche PDF.</a><br><a href=""https://www.transilien.com/sites/transilien/files/sentinelle-20220418-h-ermontvalmondoispersan-18avril26maiet6juin.pdf"" target="""">Pour plus d'informations sur les horaires des jours fériés, cliquez ici pour télécharger l'affiche PDF.</a><br>Attention à partir du lundi 11 avril 2022 : les arrêts bus de la gare de Vaucelles et Saint-Leu la Forêt sont déplacés, pour connaître les nouveaux emplacements cliquez ici :<br>- <a href=""https://www.transilien.com/sites/transilien/files/sentinelle-20220409-h-pointdarretbus-vaucelles.pdf"" target="""">Gare de Vaucelles</a><br>- <a href=""https://www.transilien.com/sites/transilien/files/sentinelle-20220409-h-pointdarretbus-stleulaforet.pdf"" target="""">Gare de Saint-Leu la Forêt</a><br>Les horaires du calculateur d'itinéraire tiennent compte de ces travaux.﻿<br>Motif : travaux.</p>";20220701T184503;Transilien Train Transilien H;27d5550e-f95d-11ec-8609-005056a47b86;travaux
active;Incidents;30;perturbée;SIGNIFICANT_DELAYS;20220921T223000;20220922T033000;27d5550e-f95d-11ec-8609-005056a47b86;" / Ligne H : Paris-Persan via Valmondois 27/06-16/12 / <p>Période : à partir de 22h30<br>Dates : du lundi 27 juin jusqu'au vendredi 16 décembre sauf les week-ends et jours fériés.<br>Le trafic est interrompu entre Paris Gare du Nord et Persan - Beaumont via Valmondois.<br>En conséquence, un service de bus de remplacement est mis en place, avec desserte des gares intermédiaires.<br><a href=""https://www.transilien.com/sites/transilien/files/sentinelle-20220701-hparisermontpersanviavalmondois-jusquau16decembre.pdf"" target="""">Pour plus d'informations sur les horaires du lundi 27 juin au vendredi 16 décembre sauf week-ends et jours fériés, cliquez ici pour télécharger l'affiche PDF.</a><br><a href=""https://www.transilien.com/sites/transilien/files/sentinelle-20220418-h-ermontvalmondoispersan-18avril26maiet6juin.pdf"" target="""">Pour plus d'informations sur les horaires des jours fériés, cliquez ici pour télécharger l'affiche PDF.</a><br>Attention à partir du lundi 11 avril 2022 : les arrêts bus de la gare de Vaucelles et Saint-Leu la Forêt sont déplacés, pour connaître les nouveaux emplacements cliquez ici :<br>- <a href=""https://www.transilien.com/sites/transilien/files/sentinelle-20220409-h-pointdarretbus-vaucelles.pdf"" target="""">Gare de Vaucelles</a><br>- <a href=""https://www.transilien.com/sites/transilien/files/sentinelle-20220409-h-pointdarretbus-stleulaforet.pdf"" target="""">Gare de Saint-Leu la Forêt</a><br>Les horaires du calculateur d'itinéraire tiennent compte de ces travaux.﻿<br>Motif : travaux.</p>";20220701T184503;Transilien Train Transilien H;27d5550e-f95d-11ec-8609-005056a47b86;travaux
active;Incidents;30;perturbée;SIGNIFICANT_DELAYS;20220920T223000;20220921T033000;27d5550e-f95d-11ec-8609-005056a47b86;" / Ligne H : Paris-Persan via Valmondois 27/06-16/12 / <p>Période : à partir de 22h30<br>Dates : du lundi 27 juin jusqu'au vendredi 16 décembre sauf les week-ends et jours fériés.<br>Le trafic est interrompu entre Paris Gare du Nord et Persan - Beaumont via Valmondois.<br>En conséquence, un service de bus de remplacement est mis en place, avec desserte des gares intermédiaires.<br><a href=""https://www.transilien.com/sites/transilien/files/sentinelle-20220701-hparisermontpersanviavalmondois-jusquau16decembre.pdf"" target="""">Pour plus d'informations sur les horaires du lundi 27 juin au vendredi 16 décembre sauf week-ends et jours fériés, cliquez ici pour télécharger l'affiche PDF.</a><br><a href=""https://www.transilien.com/sites/transilien/files/sentinelle-20220418-h-ermontvalmondoispersan-18avril26maiet6juin.pdf"" target="""">Pour plus d'informations sur les horaires des jours fériés, cliquez ici pour télécharger l'affiche PDF.</a><br>Attention à partir du lundi 11 avril 2022 : les arrêts bus de la gare de Vaucelles et Saint-Leu la Forêt sont déplacés, pour connaître les nouveaux emplacements cliquez ici :<br>- <a href=""https://www.transilien.com/sites/transilien/files/sentinelle-20220409-h-pointdarretbus-vaucelles.pdf"" target="""">Gare de Vaucelles</a><br>- <a href=""https://www.transilien.com/sites/transilien/files/sentinelle-20220409-h-pointdarretbus-stleulaforet.pdf"" target="""">Gare de Saint-Leu la Forêt</a><br>Les horaires du calculateur d'itinéraire tiennent compte de ces travaux.﻿<br>Motif : travaux.</p>";20220701T184503;Transilien Train Transilien H;27d5550e-f95d-11ec-8609-005056a47b86;travaux
active;Incidents;30;perturbée;SIGNIFICANT_DELAYS;20220919T223000;20220920T033000;27d5550e-f95d-11ec-8609-005056a47b86;" / Ligne H : Paris-Persan via Valmondois 27/06-16/12 / <p>Période : à partir de 22h30<br>Dates : du lundi 27 juin jusqu'au vendredi 16 décembre sauf les week-ends et jours fériés.<br>Le trafic est interrompu entre Paris Gare du Nord et Persan - Beaumont via Valmondois.<br>En conséquence, un service de bus de remplacement est mis en place, avec desserte des gares intermédiaires.<br><a href=""https://www.transilien.com/sites/transilien/files/sentinelle-20220701-hparisermontpersanviavalmondois-jusquau16decembre.pdf"" target="""">Pour plus d'informations sur les horaires du lundi 27 juin au vendredi 16 décembre sauf week-ends et jours fériés, cliquez ici pour télécharger l'affiche PDF.</a><br><a href=""https://www.transilien.com/sites/transilien/files/sentinelle-20220418-h-ermontvalmondoispersan-18avril26maiet6juin.pdf"" target="""">Pour plus d'informations sur les horaires des jours fériés, cliquez ici pour télécharger l'affiche PDF.</a><br>Attention à partir du lundi 11 avril 2022 : les arrêts bus de la gare de Vaucelles et Saint-Leu la Forêt sont déplacés, pour connaître les nouveaux emplacements cliquez ici :<br>- <a href=""https://www.transilien.com/sites/transilien/files/sentinelle-20220409-h-pointdarretbus-vaucelles.pdf"" target="""">Gare de Vaucelles</a><br>- <a href=""https://www.transilien.com/sites/transilien/files/sentinelle-20220409-h-pointdarretbus-stleulaforet.pdf"" target="""">Gare de Saint-Leu la Forêt</a><br>Les horaires du calculateur d'itinéraire tiennent compte de ces travaux.﻿<br>Motif : travaux.</p>";20220701T184503;Transilien Train Transilien H;27d5550e-f95d-11ec-8609-005056a47b86;travaux
active;Incidents;30;perturbée;SIGNIFICANT_DELAYS;20220916T223000;20220917T033000;27d5550e-f95d-11ec-8609-005056a47b86;" / Ligne H : Paris-Persan via Valmondois 27/06-16/12 / <p>Période : à partir de 22h30<br>Dates : du lundi 27 juin jusqu'au vendredi 16 décembre sauf les week-ends et jours fériés.<br>Le trafic est interrompu entre Paris Gare du Nord et Persan - Beaumont via Valmondois.<br>En conséquence, un service de bus de remplacement est mis en place, avec desserte des gares intermédiaires.<br><a href=""https://www.transilien.com/sites/transilien/files/sentinelle-20220701-hparisermontpersanviavalmondois-jusquau16decembre.pdf"" target="""">Pour plus d'informations sur les horaires du lundi 27 juin au vendredi 16 décembre sauf week-ends et jours fériés, cliquez ici pour télécharger l'affiche PDF.</a><br><a href=""https://www.transilien.com/sites/transilien/files/sentinelle-20220418-h-ermontvalmondoispersan-18avril26maiet6juin.pdf"" target="""">Pour plus d'informations sur les horaires des jours fériés, cliquez ici pour télécharger l'affiche PDF.</a><br>Attention à partir du lundi 11 avril 2022 : les arrêts bus de la gare de Vaucelles et Saint-Leu la Forêt sont déplacés, pour connaître les nouveaux emplacements cliquez ici :<br>- <a href=""https://www.transilien.com/sites/transilien/files/sentinelle-20220409-h-pointdarretbus-vaucelles.pdf"" target="""">Gare de Vaucelles</a><br>- <a href=""https://www.transilien.com/sites/transilien/files/sentinelle-20220409-h-pointdarretbus-stleulaforet.pdf"" target="""">Gare de Saint-Leu la Forêt</a><br>Les horaires du calculateur d'itinéraire tiennent compte de ces travaux.﻿<br>Motif : travaux.</p>";20220701T184503;Transilien Train Transilien H;27d5550e-f95d-11ec-8609-005056a47b86;travaux
active;Incidents;30;perturbée;SIGNIFICANT_DELAYS;20220915T223000;20220916T033000;27d5550e-f95d-11ec-8609-005056a47b86;" / Ligne H : Paris-Persan via Valmondois 27/06-16/12 / <p>Période : à partir de 22h30<br>Dates : du lundi 27 juin jusqu'au vendredi 16 décembre sauf les week-ends et jours fériés.<br>Le trafic est interrompu entre Paris Gare du Nord et Persan - Beaumont via Valmondois.<br>En conséquence, un service de bus de remplacement est mis en place, avec desserte des gares intermédiaires.<br><a href=""https://www.transilien.com/sites/transilien/files/sentinelle-20220701-hparisermontpersanviavalmondois-jusquau16decembre.pdf"" target="""">Pour plus d'informations sur les horaires du lundi 27 juin au vendredi 16 décembre sauf week-ends et jours fériés, cliquez ici pour télécharger l'affiche PDF.</a><br><a href=""https://www.transilien.com/sites/transilien/files/sentinelle-20220418-h-ermontvalmondoispersan-18avril26maiet6juin.pdf"" target="""">Pour plus d'informations sur les horaires des jours fériés, cliquez ici pour télécharger l'affiche PDF.</a><br>Attention à partir du lundi 11 avril 2022 : les arrêts bus de la gare de Vaucelles et Saint-Leu la Forêt sont déplacés, pour connaître les nouveaux emplacements cliquez ici :<br>- <a href=""https://www.transilien.com/sites/transilien/files/sentinelle-20220409-h-pointdarretbus-vaucelles.pdf"" target="""">Gare de Vaucelles</a><br>- <a href=""https://www.transilien.com/sites/transilien/files/sentinelle-20220409-h-pointdarretbus-stleulaforet.pdf"" target="""">Gare de Saint-Leu la Forêt</a><br>Les horaires du calculateur d'itinéraire tiennent compte de ces travaux.﻿<br>Motif : travaux.</p>";20220701T184503;Transilien Train Transilien H;27d5550e-f95d-11ec-8609-005056a47b86;travaux
active;Incidents;30;perturbée;SIGNIFICANT_DELAYS;20220914T223000;20220915T033000;27d5550e-f95d-11ec-8609-005056a47b86;" / Ligne H : Paris-Persan via Valmondois 27/06-16/12 / <p>Période : à partir de 22h30<br>Dates : du lundi 27 juin jusqu'au vendredi 16 décembre sauf les week-ends et jours fériés.<br>Le trafic est interrompu entre Paris Gare du Nord et Persan - Beaumont via Valmondois.<br>En conséquence, un service de bus de remplacement est mis en place, avec desserte des gares intermédiaires.<br><a href=""https://www.transilien.com/sites/transilien/files/sentinelle-20220701-hparisermontpersanviavalmondois-jusquau16decembre.pdf"" target="""">Pour plus d'informations sur les horaires du lundi 27 juin au vendredi 16 décembre sauf week-ends et jours fériés, cliquez ici pour télécharger l'affiche PDF.</a><br><a href=""https://www.transilien.com/sites/transilien/files/sentinelle-20220418-h-ermontvalmondoispersan-18avril26maiet6juin.pdf"" target="""">Pour plus d'informations sur les horaires des jours fériés, cliquez ici pour télécharger l'affiche PDF.</a><br>Attention à partir du lundi 11 avril 2022 : les arrêts bus de la gare de Vaucelles et Saint-Leu la Forêt sont déplacés, pour connaître les nouveaux emplacements cliquez ici :<br>- <a href=""https://www.transilien.com/sites/transilien/files/sentinelle-20220409-h-pointdarretbus-vaucelles.pdf"" target="""">Gare de Vaucelles</a><br>- <a href=""https://www.transilien.com/sites/transilien/files/sentinelle-20220409-h-pointdarretbus-stleulaforet.pdf"" target="""">Gare de Saint-Leu la Forêt</a><br>Les horaires du calculateur d'itinéraire tiennent compte de ces travaux.﻿<br>Motif : travaux.</p>";20220701T184503;Transilien Train Transilien H;27d5550e-f95d-11ec-8609-005056a47b86;travaux
active;Incidents;30;perturbée;SIGNIFICANT_DELAYS;20220913T223000;20220914T033000;27d5550e-f95d-11ec-8609-005056a47b86;" / Ligne H : Paris-Persan via Valmondois 27/06-16/12 / <p>Période : à partir de 22h30<br>Dates : du lundi 27 juin jusqu'au vendredi 16 décembre sauf les week-ends et jours fériés.<br>Le trafic est interrompu entre Paris Gare du Nord et Persan - Beaumont via Valmondois.<br>En conséquence, un service de bus de remplacement est mis en place, avec desserte des gares intermédiaires.<br><a href=""https://www.transilien.com/sites/transilien/files/sentinelle-20220701-hparisermontpersanviavalmondois-jusquau16decembre.pdf"" target="""">Pour plus d'informations sur les horaires du lundi 27 juin au vendredi 16 décembre sauf week-ends et jours fériés, cliquez ici pour télécharger l'affiche PDF.</a><br><a href=""https://www.transilien.com/sites/transilien/files/sentinelle-20220418-h-ermontvalmondoispersan-18avril26maiet6juin.pdf"" target="""">Pour plus d'informations sur les horaires des jours fériés, cliquez ici pour télécharger l'affiche PDF.</a><br>Attention à partir du lundi 11 avril 2022 : les arrêts bus de la gare de Vaucelles et Saint-Leu la Forêt sont déplacés, pour connaître les nouveaux emplacements cliquez ici :<br>- <a href=""https://www.transilien.com/sites/transilien/files/sentinelle-20220409-h-pointdarretbus-vaucelles.pdf"" target="""">Gare de Vaucelles</a><br>- <a href=""https://www.transilien.com/sites/transilien/files/sentinelle-20220409-h-pointdarretbus-stleulaforet.pdf"" target="""">Gare de Saint-Leu la Forêt</a><br>Les horaires du calculateur d'itinéraire tiennent compte de ces travaux.﻿<br>Motif : travaux.</p>";20220701T184503;Transilien Train Transilien H;27d5550e-f95d-11ec-8609-005056a47b86;travaux
active;Incidents;30;perturbée;SIGNIFICANT_DELAYS;20220912T223000;20220913T033000;27d5550e-f95d-11ec-8609-005056a47b86;" / Ligne H : Paris-Persan via Valmondois 27/06-16/12 / <p>Période : à partir de 22h30<br>Dates : du lundi 27 juin jusqu'au vendredi 16 décembre sauf les week-ends et jours fériés.<br>Le trafic est interrompu entre Paris Gare du Nord et Persan - Beaumont via Valmondois.<br>En conséquence, un service de bus de remplacement est mis en place, avec desserte des gares intermédiaires.<br><a href=""https://www.transilien.com/sites/transilien/files/sentinelle-20220701-hparisermontpersanviavalmondois-jusquau16decembre.pdf"" target="""">Pour plus d'informations sur les horaires du lundi 27 juin au vendredi 16 décembre sauf week-ends et jours fériés, cliquez ici pour télécharger l'affiche PDF.</a><br><a href=""https://www.transilien.com/sites/transilien/files/sentinelle-20220418-h-ermontvalmondoispersan-18avril26maiet6juin.pdf"" target="""">Pour plus d'informations sur les horaires des jours fériés, cliquez ici pour télécharger l'affiche PDF.</a><br>Attention à partir du lundi 11 avril 2022 : les arrêts bus de la gare de Vaucelles et Saint-Leu la Forêt sont déplacés, pour connaître les nouveaux emplacements cliquez ici :<br>- <a href=""https://www.transilien.com/sites/transilien/files/sentinelle-20220409-h-pointdarretbus-vaucelles.pdf"" target="""">Gare de Vaucelles</a><br>- <a href=""https://www.transilien.com/sites/transilien/files/sentinelle-20220409-h-pointdarretbus-stleulaforet.pdf"" target="""">Gare de Saint-Leu la Forêt</a><br>Les horaires du calculateur d'itinéraire tiennent compte de ces travaux.﻿<br>Motif : travaux.</p>";20220701T184503;Transilien Train Transilien H;27d5550e-f95d-11ec-8609-005056a47b86;travaux
active;Incidents;30;perturbée;SIGNIFICANT_DELAYS;20220909T223000;20220910T033000;27d5550e-f95d-11ec-8609-005056a47b86;" / Ligne H : Paris-Persan via Valmondois 27/06-16/12 / <p>Période : à partir de 22h30<br>Dates : du lundi 27 juin jusqu'au vendredi 16 décembre sauf les week-ends et jours fériés.<br>Le trafic est interrompu entre Paris Gare du Nord et Persan - Beaumont via Valmondois.<br>En conséquence, un service de bus de remplacement est mis en place, avec desserte des gares intermédiaires.<br><a href=""https://www.transilien.com/sites/transilien/files/sentinelle-20220701-hparisermontpersanviavalmondois-jusquau16decembre.pdf"" target="""">Pour plus d'informations sur les horaires du lundi 27 juin au vendredi 16 décembre sauf week-ends et jours fériés, cliquez ici pour télécharger l'affiche PDF.</a><br><a href=""https://www.transilien.com/sites/transilien/files/sentinelle-20220418-h-ermontvalmondoispersan-18avril26maiet6juin.pdf"" target="""">Pour plus d'informations sur les horaires des jours fériés, cliquez ici pour télécharger l'affiche PDF.</a><br>Attention à partir du lundi 11 avril 2022 : les arrêts bus de la gare de Vaucelles et Saint-Leu la Forêt sont déplacés, pour connaître les nouveaux emplacements cliquez ici :<br>- <a href=""https://www.transilien.com/sites/transilien/files/sentinelle-20220409-h-pointdarretbus-vaucelles.pdf"" target="""">Gare de Vaucelles</a><br>- <a href=""https://www.transilien.com/sites/transilien/files/sentinelle-20220409-h-pointdarretbus-stleulaforet.pdf"" target="""">Gare de Saint-Leu la Forêt</a><br>Les horaires du calculateur d'itinéraire tiennent compte de ces travaux.﻿<br>Motif : travaux.</p>";20220701T184503;Transilien Train Transilien H;27d5550e-f95d-11ec-8609-005056a47b86;travaux
active;Incidents;30;perturbée;SIGNIFICANT_DELAYS;20220908T223000;20220909T033000;27d5550e-f95d-11ec-8609-005056a47b86;" / Ligne H : Paris-Persan via Valmondois 27/06-16/12 / <p>Période : à partir de 22h30<br>Dates : du lundi 27 juin jusqu'au vendredi 16 décembre sauf les week-ends et jours fériés.<br>Le trafic est interrompu entre Paris Gare du Nord et Persan - Beaumont via Valmondois.<br>En conséquence, un service de bus de remplacement est mis en place, avec desserte des gares intermédiaires.<br><a href=""https://www.transilien.com/sites/transilien/files/sentinelle-20220701-hparisermontpersanviavalmondois-jusquau16decembre.pdf"" target="""">Pour plus d'informations sur les horaires du lundi 27 juin au vendredi 16 décembre sauf week-ends et jours fériés, cliquez ici pour télécharger l'affiche PDF.</a><br><a href=""https://www.transilien.com/sites/transilien/files/sentinelle-20220418-h-ermontvalmondoispersan-18avril26maiet6juin.pdf"" target="""">Pour plus d'informations sur les horaires des jours fériés, cliquez ici pour télécharger l'affiche PDF.</a><br>Attention à partir du lundi 11 avril 2022 : les arrêts bus de la gare de Vaucelles et Saint-Leu la Forêt sont déplacés, pour connaître les nouveaux emplacements cliquez ici :<br>- <a href=""https://www.transilien.com/sites/transilien/files/sentinelle-20220409-h-pointdarretbus-vaucelles.pdf"" target="""">Gare de Vaucelles</a><br>- <a href=""https://www.transilien.com/sites/transilien/files/sentinelle-20220409-h-pointdarretbus-stleulaforet.pdf"" target="""">Gare de Saint-Leu la Forêt</a><br>Les horaires du calculateur d'itinéraire tiennent compte de ces travaux.﻿<br>Motif : travaux.</p>";20220701T184503;Transilien Train Transilien H;27d5550e-f95d-11ec-8609-005056a47b86;travaux
active;Incidents;30;perturbée;SIGNIFICANT_DELAYS;20220907T223000;20220908T033000;27d5550e-f95d-11ec-8609-005056a47b86;" / Ligne H : Paris-Persan via Valmondois 27/06-16/12 / <p>Période : à partir de 22h30<br>Dates : du lundi 27 juin jusqu'au vendredi 16 décembre sauf les week-ends et jours fériés.<br>Le trafic est interrompu entre Paris Gare du Nord et Persan - Beaumont via Valmondois.<br>En conséquence, un service de bus de remplacement est mis en place, avec desserte des gares intermédiaires.<br><a href=""https://www.transilien.com/sites/transilien/files/sentinelle-20220701-hparisermontpersanviavalmondois-jusquau16decembre.pdf"" target="""">Pour plus d'informations sur les horaires du lundi 27 juin au vendredi 16 décembre sauf week-ends et jours fériés, cliquez ici pour télécharger l'affiche PDF.</a><br><a href=""https://www.transilien.com/sites/transilien/files/sentinelle-20220418-h-ermontvalmondoispersan-18avril26maiet6juin.pdf"" target="""">Pour plus d'informations sur les horaires des jours fériés, cliquez ici pour télécharger l'affiche PDF.</a><br>Attention à partir du lundi 11 avril 2022 : les arrêts bus de la gare de Vaucelles et Saint-Leu la Forêt sont déplacés, pour connaître les nouveaux emplacements cliquez ici :<br>- <a href=""https://www.transilien.com/sites/transilien/files/sentinelle-20220409-h-pointdarretbus-vaucelles.pdf"" target="""">Gare de Vaucelles</a><br>- <a href=""https://www.transilien.com/sites/transilien/files/sentinelle-20220409-h-pointdarretbus-stleulaforet.pdf"" target="""">Gare de Saint-Leu la Forêt</a><br>Les horaires du calculateur d'itinéraire tiennent compte de ces travaux.﻿<br>Motif : travaux.</p>";20220701T184503;Transilien Train Transilien H;27d5550e-f95d-11ec-8609-005056a47b86;travaux
active;Incidents;30;perturbée;SIGNIFICANT_DELAYS;20220906T223000;20220907T033000;27d5550e-f95d-11ec-8609-005056a47b86;" / Ligne H : Paris-Persan via Valmondois 27/06-16/12 / <p>Période : à partir de 22h30<br>Dates : du lundi 27 juin jusqu'au vendredi 16 décembre sauf les week-ends et jours fériés.<br>Le trafic est interrompu entre Paris Gare du Nord et Persan - Beaumont via Valmondois.<br>En conséquence, un service de bus de remplacement est mis en place, avec desserte des gares intermédiaires.<br><a href=""https://www.transilien.com/sites/transilien/files/sentinelle-20220701-hparisermontpersanviavalmondois-jusquau16decembre.pdf"" target="""">Pour plus d'informations sur les horaires du lundi 27 juin au vendredi 16 décembre sauf week-ends et jours fériés, cliquez ici pour télécharger l'affiche PDF.</a><br><a href=""https://www.transilien.com/sites/transilien/files/sentinelle-20220418-h-ermontvalmondoispersan-18avril26maiet6juin.pdf"" target="""">Pour plus d'informations sur les horaires des jours fériés, cliquez ici pour télécharger l'affiche PDF.</a><br>Attention à partir du lundi 11 avril 2022 : les arrêts bus de la gare de Vaucelles et Saint-Leu la Forêt sont déplacés, pour connaître les nouveaux emplacements cliquez ici :<br>- <a href=""https://www.transilien.com/sites/transilien/files/sentinelle-20220409-h-pointdarretbus-vaucelles.pdf"" target="""">Gare de Vaucelles</a><br>- <a href=""https://www.transilien.com/sites/transilien/files/sentinelle-20220409-h-pointdarretbus-stleulaforet.pdf"" target="""">Gare de Saint-Leu la Forêt</a><br>Les horaires du calculateur d'itinéraire tiennent compte de ces travaux.﻿<br>Motif : travaux.</p>";20220701T184503;Transilien Train Transilien H;27d5550e-f95d-11ec-8609-005056a47b86;travaux
active;Incidents;30;perturbée;SIGNIFICANT_DELAYS;20220905T223000;20220906T033000;27d5550e-f95d-11ec-8609-005056a47b86;" / Ligne H : Paris-Persan via Valmondois 27/06-16/12 / <p>Période : à partir de 22h30<br>Dates : du lundi 27 juin jusqu'au vendredi 16 décembre sauf les week-ends et jours fériés.<br>Le trafic est interrompu entre Paris Gare du Nord et Persan - Beaumont via Valmondois.<br>En conséquence, un service de bus de remplacement est mis en place, avec desserte des gares intermédiaires.<br><a href=""https://www.transilien.com/sites/transilien/files/sentinelle-20220701-hparisermontpersanviavalmondois-jusquau16decembre.pdf"" target="""">Pour plus d'informations sur les horaires du lundi 27 juin au vendredi 16 décembre sauf week-ends et jours fériés, cliquez ici pour télécharger l'affiche PDF.</a><br><a href=""https://www.transilien.com/sites/transilien/files/sentinelle-20220418-h-ermontvalmondoispersan-18avril26maiet6juin.pdf"" target="""">Pour plus d'informations sur les horaires des jours fériés, cliquez ici pour télécharger l'affiche PDF.</a><br>Attention à partir du lundi 11 avril 2022 : les arrêts bus de la gare de Vaucelles et Saint-Leu la Forêt sont déplacés, pour connaître les nouveaux emplacements cliquez ici :<br>- <a href=""https://www.transilien.com/sites/transilien/files/sentinelle-20220409-h-pointdarretbus-vaucelles.pdf"" target="""">Gare de Vaucelles</a><br>- <a href=""https://www.transilien.com/sites/transilien/files/sentinelle-20220409-h-pointdarretbus-stleulaforet.pdf"" target="""">Gare de Saint-Leu la Forêt</a><br>Les horaires du calculateur d'itinéraire tiennent compte de ces travaux.﻿<br>Motif : travaux.</p>";20220701T184503;Transilien Train Transilien H;27d5550e-f95d-11ec-8609-005056a47b86;travaux
active;Incidents;30;perturbée;SIGNIFICANT_DELAYS;20220902T223000;20220903T033000;27d5550e-f95d-11ec-8609-005056a47b86;" / Ligne H : Paris-Persan via Valmondois 27/06-16/12 / <p>Période : à partir de 22h30<br>Dates : du lundi 27 juin jusqu'au vendredi 16 décembre sauf les week-ends et jours fériés.<br>Le trafic est interrompu entre Paris Gare du Nord et Persan - Beaumont via Valmondois.<br>En conséquence, un service de bus de remplacement est mis en place, avec desserte des gares intermédiaires.<br><a href=""https://www.transilien.com/sites/transilien/files/sentinelle-20220701-hparisermontpersanviavalmondois-jusquau16decembre.pdf"" target="""">Pour plus d'informations sur les horaires du lundi 27 juin au vendredi 16 décembre sauf week-ends et jours fériés, cliquez ici pour télécharger l'affiche PDF.</a><br><a href=""https://www.transilien.com/sites/transilien/files/sentinelle-20220418-h-ermontvalmondoispersan-18avril26maiet6juin.pdf"" target="""">Pour plus d'informations sur les horaires des jours fériés, cliquez ici pour télécharger l'affiche PDF.</a><br>Attention à partir du lundi 11 avril 2022 : les arrêts bus de la gare de Vaucelles et Saint-Leu la Forêt sont déplacés, pour connaître les nouveaux emplacements cliquez ici :<br>- <a href=""https://www.transilien.com/sites/transilien/files/sentinelle-20220409-h-pointdarretbus-vaucelles.pdf"" target="""">Gare de Vaucelles</a><br>- <a href=""https://www.transilien.com/sites/transilien/files/sentinelle-20220409-h-pointdarretbus-stleulaforet.pdf"" target="""">Gare de Saint-Leu la Forêt</a><br>Les horaires du calculateur d'itinéraire tiennent compte de ces travaux.﻿<br>Motif : travaux.</p>";20220701T184503;Transilien Train Transilien H;27d5550e-f95d-11ec-8609-005056a47b86;travaux
active;Incidents;30;perturbée;SIGNIFICANT_DELAYS;20220901T223000;20220902T033000;27d5550e-f95d-11ec-8609-005056a47b86;" / Ligne H : Paris-Persan via Valmondois 27/06-16/12 / <p>Période : à partir de 22h30<br>Dates : du lundi 27 juin jusqu'au vendredi 16 décembre sauf les week-ends et jours fériés.<br>Le trafic est interrompu entre Paris Gare du Nord et Persan - Beaumont via Valmondois.<br>En conséquence, un service de bus de remplacement est mis en place, avec desserte des gares intermédiaires.<br><a href=""https://www.transilien.com/sites/transilien/files/sentinelle-20220701-hparisermontpersanviavalmondois-jusquau16decembre.pdf"" target="""">Pour plus d'informations sur les horaires du lundi 27 juin au vendredi 16 décembre sauf week-ends et jours fériés, cliquez ici pour télécharger l'affiche PDF.</a><br><a href=""https://www.transilien.com/sites/transilien/files/sentinelle-20220418-h-ermontvalmondoispersan-18avril26maiet6juin.pdf"" target="""">Pour plus d'informations sur les horaires des jours fériés, cliquez ici pour télécharger l'affiche PDF.</a><br>Attention à partir du lundi 11 avril 2022 : les arrêts bus de la gare de Vaucelles et Saint-Leu la Forêt sont déplacés, pour connaître les nouveaux emplacements cliquez ici :<br>- <a href=""https://www.transilien.com/sites/transilien/files/sentinelle-20220409-h-pointdarretbus-vaucelles.pdf"" target="""">Gare de Vaucelles</a><br>- <a href=""https://www.transilien.com/sites/transilien/files/sentinelle-20220409-h-pointdarretbus-stleulaforet.pdf"" target="""">Gare de Saint-Leu la Forêt</a><br>Les horaires du calculateur d'itinéraire tiennent compte de ces travaux.﻿<br>Motif : travaux.</p>";20220701T184503;Transilien Train Transilien H;27d5550e-f95d-11ec-8609-005056a47b86;travaux
active;Incidents;30;perturbée;SIGNIFICANT_DELAYS;20220831T223000;20220901T033000;27d5550e-f95d-11ec-8609-005056a47b86;" / Ligne H : Paris-Persan via Valmondois 27/06-16/12 / <p>Période : à partir de 22h30<br>Dates : du lundi 27 juin jusqu'au vendredi 16 décembre sauf les week-ends et jours fériés.<br>Le trafic est interrompu entre Paris Gare du Nord et Persan - Beaumont via Valmondois.<br>En conséquence, un service de bus de remplacement est mis en place, avec desserte des gares intermédiaires.<br><a href=""https://www.transilien.com/sites/transilien/files/sentinelle-20220701-hparisermontpersanviavalmondois-jusquau16decembre.pdf"" target="""">Pour plus d'informations sur les horaires du lundi 27 juin au vendredi 16 décembre sauf week-ends et jours fériés, cliquez ici pour télécharger l'affiche PDF.</a><br><a href=""https://www.transilien.com/sites/transilien/files/sentinelle-20220418-h-ermontvalmondoispersan-18avril26maiet6juin.pdf"" target="""">Pour plus d'informations sur les horaires des jours fériés, cliquez ici pour télécharger l'affiche PDF.</a><br>Attention à partir du lundi 11 avril 2022 : les arrêts bus de la gare de Vaucelles et Saint-Leu la Forêt sont déplacés, pour connaître les nouveaux emplacements cliquez ici :<br>- <a href=""https://www.transilien.com/sites/transilien/files/sentinelle-20220409-h-pointdarretbus-vaucelles.pdf"" target="""">Gare de Vaucelles</a><br>- <a href=""https://www.transilien.com/sites/transilien/files/sentinelle-20220409-h-pointdarretbus-stleulaforet.pdf"" target="""">Gare de Saint-Leu la Forêt</a><br>Les horaires du calculateur d'itinéraire tiennent compte de ces travaux.﻿<br>Motif : travaux.</p>";20220701T184503;Transilien Train Transilien H;27d5550e-f95d-11ec-8609-005056a47b86;travaux
active;Incidents;30;perturbée;SIGNIFICANT_DELAYS;20220830T223000;20220831T033000;27d5550e-f95d-11ec-8609-005056a47b86;" / Ligne H : Paris-Persan via Valmondois 27/06-16/12 / <p>Période : à partir de 22h30<br>Dates : du lundi 27 juin jusqu'au vendredi 16 décembre sauf les week-ends et jours fériés.<br>Le trafic est interrompu entre Paris Gare du Nord et Persan - Beaumont via Valmondois.<br>En conséquence, un service de bus de remplacement est mis en place, avec desserte des gares intermédiaires.<br><a href=""https://www.transilien.com/sites/transilien/files/sentinelle-20220701-hparisermontpersanviavalmondois-jusquau16decembre.pdf"" target="""">Pour plus d'informations sur les horaires du lundi 27 juin au vendredi 16 décembre sauf week-ends et jours fériés, cliquez ici pour télécharger l'affiche PDF.</a><br><a href=""https://www.transilien.com/sites/transilien/files/sentinelle-20220418-h-ermontvalmondoispersan-18avril26maiet6juin.pdf"" target="""">Pour plus d'informations sur les horaires des jours fériés, cliquez ici pour télécharger l'affiche PDF.</a><br>Attention à partir du lundi 11 avril 2022 : les arrêts bus de la gare de Vaucelles et Saint-Leu la Forêt sont déplacés, pour connaître les nouveaux emplacements cliquez ici :<br>- <a href=""https://www.transilien.com/sites/transilien/files/sentinelle-20220409-h-pointdarretbus-vaucelles.pdf"" target="""">Gare de Vaucelles</a><br>- <a href=""https://www.transilien.com/sites/transilien/files/sentinelle-20220409-h-pointdarretbus-stleulaforet.pdf"" target="""">Gare de Saint-Leu la Forêt</a><br>Les horaires du calculateur d'itinéraire tiennent compte de ces travaux.﻿<br>Motif : travaux.</p>";20220701T184503;Transilien Train Transilien H;27d5550e-f95d-11ec-8609-005056a47b86;travaux
active;Incidents;30;perturbée;SIGNIFICANT_DELAYS;20220829T223000;20220830T033000;27d5550e-f95d-11ec-8609-005056a47b86;" / Ligne H : Paris-Persan via Valmondois 27/06-16/12 / <p>Période : à partir de 22h30<br>Dates : du lundi 27 juin jusqu'au vendredi 16 décembre sauf les week-ends et jours fériés.<br>Le trafic est interrompu entre Paris Gare du Nord et Persan - Beaumont via Valmondois.<br>En conséquence, un service de bus de remplacement est mis en place, avec desserte des gares intermédiaires.<br><a href=""https://www.transilien.com/sites/transilien/files/sentinelle-20220701-hparisermontpersanviavalmondois-jusquau16decembre.pdf"" target="""">Pour plus d'informations sur les horaires du lundi 27 juin au vendredi 16 décembre sauf week-ends et jours fériés, cliquez ici pour télécharger l'affiche PDF.</a><br><a href=""https://www.transilien.com/sites/transilien/files/sentinelle-20220418-h-ermontvalmondoispersan-18avril26maiet6juin.pdf"" target="""">Pour plus d'informations sur les horaires des jours fériés, cliquez ici pour télécharger l'affiche PDF.</a><br>Attention à partir du lundi 11 avril 2022 : les arrêts bus de la gare de Vaucelles et Saint-Leu la Forêt sont déplacés, pour connaître les nouveaux emplacements cliquez ici :<br>- <a href=""https://www.transilien.com/sites/transilien/files/sentinelle-20220409-h-pointdarretbus-vaucelles.pdf"" target="""">Gare de Vaucelles</a><br>- <a href=""https://www.transilien.com/sites/transilien/files/sentinelle-20220409-h-pointdarretbus-stleulaforet.pdf"" target="""">Gare de Saint-Leu la Forêt</a><br>Les horaires du calculateur d'itinéraire tiennent compte de ces travaux.﻿<br>Motif : travaux.</p>";20220701T184503;Transilien Train Transilien H;27d5550e-f95d-11ec-8609-005056a47b86;travaux
active;Incidents;30;perturbée;SIGNIFICANT_DELAYS;20220826T223000;20220827T033000;27d5550e-f95d-11ec-8609-005056a47b86;" / Ligne H : Paris-Persan via Valmondois 27/06-16/12 / <p>Période : à partir de 22h30<br>Dates : du lundi 27 juin jusqu'au vendredi 16 décembre sauf les week-ends et jours fériés.<br>Le trafic est interrompu entre Paris Gare du Nord et Persan - Beaumont via Valmondois.<br>En conséquence, un service de bus de remplacement est mis en place, avec desserte des gares intermédiaires.<br><a href=""https://www.transilien.com/sites/transilien/files/sentinelle-20220701-hparisermontpersanviavalmondois-jusquau16decembre.pdf"" target="""">Pour plus d'informations sur les horaires du lundi 27 juin au vendredi 16 décembre sauf week-ends et jours fériés, cliquez ici pour télécharger l'affiche PDF.</a><br><a href=""https://www.transilien.com/sites/transilien/files/sentinelle-20220418-h-ermontvalmondoispersan-18avril26maiet6juin.pdf"" target="""">Pour plus d'informations sur les horaires des jours fériés, cliquez ici pour télécharger l'affiche PDF.</a><br>Attention à partir du lundi 11 avril 2022 : les arrêts bus de la gare de Vaucelles et Saint-Leu la Forêt sont déplacés, pour connaître les nouveaux emplacements cliquez ici :<br>- <a href=""https://www.transilien.com/sites/transilien/files/sentinelle-20220409-h-pointdarretbus-vaucelles.pdf"" target="""">Gare de Vaucelles</a><br>- <a href=""https://www.transilien.com/sites/transilien/files/sentinelle-20220409-h-pointdarretbus-stleulaforet.pdf"" target="""">Gare de Saint-Leu la Forêt</a><br>Les horaires du calculateur d'itinéraire tiennent compte de ces travaux.﻿<br>Motif : travaux.</p>";20220701T184503;Transilien Train Transilien H;27d5550e-f95d-11ec-8609-005056a47b86;travaux
active;Incidents;30;perturbée;SIGNIFICANT_DELAYS;20220825T223000;20220826T033000;27d5550e-f95d-11ec-8609-005056a47b86;" / Ligne H : Paris-Persan via Valmondois 27/06-16/12 / <p>Période : à partir de 22h30<br>Dates : du lundi 27 juin jusqu'au vendredi 16 décembre sauf les week-ends et jours fériés.<br>Le trafic est interrompu entre Paris Gare du Nord et Persan - Beaumont via Valmondois.<br>En conséquence, un service de bus de remplacement est mis en place, avec desserte des gares intermédiaires.<br><a href=""https://www.transilien.com/sites/transilien/files/sentinelle-20220701-hparisermontpersanviavalmondois-jusquau16decembre.pdf"" target="""">Pour plus d'informations sur les horaires du lundi 27 juin au vendredi 16 décembre sauf week-ends et jours fériés, cliquez ici pour télécharger l'affiche PDF.</a><br><a href=""https://www.transilien.com/sites/transilien/files/sentinelle-20220418-h-ermontvalmondoispersan-18avril26maiet6juin.pdf"" target="""">Pour plus d'informations sur les horaires des jours fériés, cliquez ici pour télécharger l'affiche PDF.</a><br>Attention à partir du lundi 11 avril 2022 : les arrêts bus de la gare de Vaucelles et Saint-Leu la Forêt sont déplacés, pour connaître les nouveaux emplacements cliquez ici :<br>- <a href=""https://www.transilien.com/sites/transilien/files/sentinelle-20220409-h-pointdarretbus-vaucelles.pdf"" target="""">Gare de Vaucelles</a><br>- <a href=""https://www.transilien.com/sites/transilien/files/sentinelle-20220409-h-pointdarretbus-stleulaforet.pdf"" target="""">Gare de Saint-Leu la Forêt</a><br>Les horaires du calculateur d'itinéraire tiennent compte de ces travaux.﻿<br>Motif : travaux.</p>";20220701T184503;Transilien Train Transilien H;27d5550e-f95d-11ec-8609-005056a47b86;travaux
active;Incidents;30;perturbée;SIGNIFICANT_DELAYS;20220824T223000;20220825T033000;27d5550e-f95d-11ec-8609-005056a47b86;" / Ligne H : Paris-Persan via Valmondois 27/06-16/12 / <p>Période : à partir de 22h30<br>Dates : du lundi 27 juin jusqu'au vendredi 16 décembre sauf les week-ends et jours fériés.<br>Le trafic est interrompu entre Paris Gare du Nord et Persan - Beaumont via Valmondois.<br>En conséquence, un service de bus de remplacement est mis en place, avec desserte des gares intermédiaires.<br><a href=""https://www.transilien.com/sites/transilien/files/sentinelle-20220701-hparisermontpersanviavalmondois-jusquau16decembre.pdf"" target="""">Pour plus d'informations sur les horaires du lundi 27 juin au vendredi 16 décembre sauf week-ends et jours fériés, cliquez ici pour télécharger l'affiche PDF.</a><br><a href=""https://www.transilien.com/sites/transilien/files/sentinelle-20220418-h-ermontvalmondoispersan-18avril26maiet6juin.pdf"" target="""">Pour plus d'informations sur les horaires des jours fériés, cliquez ici pour télécharger l'affiche PDF.</a><br>Attention à partir du lundi 11 avril 2022 : les arrêts bus de la gare de Vaucelles et Saint-Leu la Forêt sont déplacés, pour connaître les nouveaux emplacements cliquez ici :<br>- <a href=""https://www.transilien.com/sites/transilien/files/sentinelle-20220409-h-pointdarretbus-vaucelles.pdf"" target="""">Gare de Vaucelles</a><br>- <a href=""https://www.transilien.com/sites/transilien/files/sentinelle-20220409-h-pointdarretbus-stleulaforet.pdf"" target="""">Gare de Saint-Leu la Forêt</a><br>Les horaires du calculateur d'itinéraire tiennent compte de ces travaux.﻿<br>Motif : travaux.</p>";20220701T184503;Transilien Train Transilien H;27d5550e-f95d-11ec-8609-005056a47b86;travaux
active;Incidents;30;perturbée;SIGNIFICANT_DELAYS;20220823T223000;20220824T033000;27d5550e-f95d-11ec-8609-005056a47b86;" / Ligne H : Paris-Persan via Valmondois 27/06-16/12 / <p>Période : à partir de 22h30<br>Dates : du lundi 27 juin jusqu'au vendredi 16 décembre sauf les week-ends et jours fériés.<br>Le trafic est interrompu entre Paris Gare du Nord et Persan - Beaumont via Valmondois.<br>En conséquence, un service de bus de remplacement est mis en place, avec desserte des gares intermédiaires.<br><a href=""https://www.transilien.com/sites/transilien/files/sentinelle-20220701-hparisermontpersanviavalmondois-jusquau16decembre.pdf"" target="""">Pour plus d'informations sur les horaires du lundi 27 juin au vendredi 16 décembre sauf week-ends et jours fériés, cliquez ici pour télécharger l'affiche PDF.</a><br><a href=""https://www.transilien.com/sites/transilien/files/sentinelle-20220418-h-ermontvalmondoispersan-18avril26maiet6juin.pdf"" target="""">Pour plus d'informations sur les horaires des jours fériés, cliquez ici pour télécharger l'affiche PDF.</a><br>Attention à partir du lundi 11 avril 2022 : les arrêts bus de la gare de Vaucelles et Saint-Leu la Forêt sont déplacés, pour connaître les nouveaux emplacements cliquez ici :<br>- <a href=""https://www.transilien.com/sites/transilien/files/sentinelle-20220409-h-pointdarretbus-vaucelles.pdf"" target="""">Gare de Vaucelles</a><br>- <a href=""https://www.transilien.com/sites/transilien/files/sentinelle-20220409-h-pointdarretbus-stleulaforet.pdf"" target="""">Gare de Saint-Leu la Forêt</a><br>Les horaires du calculateur d'itinéraire tiennent compte de ces travaux.﻿<br>Motif : travaux.</p>";20220701T184503;Transilien Train Transilien H;27d5550e-f95d-11ec-8609-005056a47b86;travaux
active;Incidents;30;perturbée;SIGNIFICANT_DELAYS;20220822T223000;20220823T033000;27d5550e-f95d-11ec-8609-005056a47b86;" / Ligne H : Paris-Persan via Valmondois 27/06-16/12 / <p>Période : à partir de 22h30<br>Dates : du lundi 27 juin jusqu'au vendredi 16 décembre sauf les week-ends et jours fériés.<br>Le trafic est interrompu entre Paris Gare du Nord et Persan - Beaumont via Valmondois.<br>En conséquence, un service de bus de remplacement est mis en place, avec desserte des gares intermédiaires.<br><a href=""https://www.transilien.com/sites/transilien/files/sentinelle-20220701-hparisermontpersanviavalmondois-jusquau16decembre.pdf"" target="""">Pour plus d'informations sur les horaires du lundi 27 juin au vendredi 16 décembre sauf week-ends et jours fériés, cliquez ici pour télécharger l'affiche PDF.</a><br><a href=""https://www.transilien.com/sites/transilien/files/sentinelle-20220418-h-ermontvalmondoispersan-18avril26maiet6juin.pdf"" target="""">Pour plus d'informations sur les horaires des jours fériés, cliquez ici pour télécharger l'affiche PDF.</a><br>Attention à partir du lundi 11 avril 2022 : les arrêts bus de la gare de Vaucelles et Saint-Leu la Forêt sont déplacés, pour connaître les nouveaux emplacements cliquez ici :<br>- <a href=""https://www.transilien.com/sites/transilien/files/sentinelle-20220409-h-pointdarretbus-vaucelles.pdf"" target="""">Gare de Vaucelles</a><br>- <a href=""https://www.transilien.com/sites/transilien/files/sentinelle-20220409-h-pointdarretbus-stleulaforet.pdf"" target="""">Gare de Saint-Leu la Forêt</a><br>Les horaires du calculateur d'itinéraire tiennent compte de ces travaux.﻿<br>Motif : travaux.</p>";20220701T184503;Transilien Train Transilien H;27d5550e-f95d-11ec-8609-005056a47b86;travaux
active;Incidents;30;perturbée;SIGNIFICANT_DELAYS;20220819T223000;20220820T033000;27d5550e-f95d-11ec-8609-005056a47b86;" / Ligne H : Paris-Persan via Valmondois 27/06-16/12 / <p>Période : à partir de 22h30<br>Dates : du lundi 27 juin jusqu'au vendredi 16 décembre sauf les week-ends et jours fériés.<br>Le trafic est interrompu entre Paris Gare du Nord et Persan - Beaumont via Valmondois.<br>En conséquence, un service de bus de remplacement est mis en place, avec desserte des gares intermédiaires.<br><a href=""https://www.transilien.com/sites/transilien/files/sentinelle-20220701-hparisermontpersanviavalmondois-jusquau16decembre.pdf"" target="""">Pour plus d'informations sur les horaires du lundi 27 juin au vendredi 16 décembre sauf week-ends et jours fériés, cliquez ici pour télécharger l'affiche PDF.</a><br><a href=""https://www.transilien.com/sites/transilien/files/sentinelle-20220418-h-ermontvalmondoispersan-18avril26maiet6juin.pdf"" target="""">Pour plus d'informations sur les horaires des jours fériés, cliquez ici pour télécharger l'affiche PDF.</a><br>Attention à partir du lundi 11 avril 2022 : les arrêts bus de la gare de Vaucelles et Saint-Leu la Forêt sont déplacés, pour connaître les nouveaux emplacements cliquez ici :<br>- <a href=""https://www.transilien.com/sites/transilien/files/sentinelle-20220409-h-pointdarretbus-vaucelles.pdf"" target="""">Gare de Vaucelles</a><br>- <a href=""https://www.transilien.com/sites/transilien/files/sentinelle-20220409-h-pointdarretbus-stleulaforet.pdf"" target="""">Gare de Saint-Leu la Forêt</a><br>Les horaires du calculateur d'itinéraire tiennent compte de ces travaux.﻿<br>Motif : travaux.</p>";20220701T184503;Transilien Train Transilien H;27d5550e-f95d-11ec-8609-005056a47b86;travaux
active;Incidents;30;perturbée;SIGNIFICANT_DELAYS;20220818T223000;20220819T033000;27d5550e-f95d-11ec-8609-005056a47b86;" / Ligne H : Paris-Persan via Valmondois 27/06-16/12 / <p>Période : à partir de 22h30<br>Dates : du lundi 27 juin jusqu'au vendredi 16 décembre sauf les week-ends et jours fériés.<br>Le trafic est interrompu entre Paris Gare du Nord et Persan - Beaumont via Valmondois.<br>En conséquence, un service de bus de remplacement est mis en place, avec desserte des gares intermédiaires.<br><a href=""https://www.transilien.com/sites/transilien/files/sentinelle-20220701-hparisermontpersanviavalmondois-jusquau16decembre.pdf"" target="""">Pour plus d'informations sur les horaires du lundi 27 juin au vendredi 16 décembre sauf week-ends et jours fériés, cliquez ici pour télécharger l'affiche PDF.</a><br><a href=""https://www.transilien.com/sites/transilien/files/sentinelle-20220418-h-ermontvalmondoispersan-18avril26maiet6juin.pdf"" target="""">Pour plus d'informations sur les horaires des jours fériés, cliquez ici pour télécharger l'affiche PDF.</a><br>Attention à partir du lundi 11 avril 2022 : les arrêts bus de la gare de Vaucelles et Saint-Leu la Forêt sont déplacés, pour connaître les nouveaux emplacements cliquez ici :<br>- <a href=""https://www.transilien.com/sites/transilien/files/sentinelle-20220409-h-pointdarretbus-vaucelles.pdf"" target="""">Gare de Vaucelles</a><br>- <a href=""https://www.transilien.com/sites/transilien/files/sentinelle-20220409-h-pointdarretbus-stleulaforet.pdf"" target="""">Gare de Saint-Leu la Forêt</a><br>Les horaires du calculateur d'itinéraire tiennent compte de ces travaux.﻿<br>Motif : travaux.</p>";20220701T184503;Transilien Train Transilien H;27d5550e-f95d-11ec-8609-005056a47b86;travaux
active;Incidents;30;perturbée;SIGNIFICANT_DELAYS;20220817T223000;20220818T033000;27d5550e-f95d-11ec-8609-005056a47b86;" / Ligne H : Paris-Persan via Valmondois 27/06-16/12 / <p>Période : à partir de 22h30<br>Dates : du lundi 27 juin jusqu'au vendredi 16 décembre sauf les week-ends et jours fériés.<br>Le trafic est interrompu entre Paris Gare du Nord et Persan - Beaumont via Valmondois.<br>En conséquence, un service de bus de remplacement est mis en place, avec desserte des gares intermédiaires.<br><a href=""https://www.transilien.com/sites/transilien/files/sentinelle-20220701-hparisermontpersanviavalmondois-jusquau16decembre.pdf"" target="""">Pour plus d'informations sur les horaires du lundi 27 juin au vendredi 16 décembre sauf week-ends et jours fériés, cliquez ici pour télécharger l'affiche PDF.</a><br><a href=""https://www.transilien.com/sites/transilien/files/sentinelle-20220418-h-ermontvalmondoispersan-18avril26maiet6juin.pdf"" target="""">Pour plus d'informations sur les horaires des jours fériés, cliquez ici pour télécharger l'affiche PDF.</a><br>Attention à partir du lundi 11 avril 2022 : les arrêts bus de la gare de Vaucelles et Saint-Leu la Forêt sont déplacés, pour connaître les nouveaux emplacements cliquez ici :<br>- <a href=""https://www.transilien.com/sites/transilien/files/sentinelle-20220409-h-pointdarretbus-vaucelles.pdf"" target="""">Gare de Vaucelles</a><br>- <a href=""https://www.transilien.com/sites/transilien/files/sentinelle-20220409-h-pointdarretbus-stleulaforet.pdf"" target="""">Gare de Saint-Leu la Forêt</a><br>Les horaires du calculateur d'itinéraire tiennent compte de ces travaux.﻿<br>Motif : travaux.</p>";20220701T184503;Transilien Train Transilien H;27d5550e-f95d-11ec-8609-005056a47b86;travaux
active;Incidents;30;perturbée;SIGNIFICANT_DELAYS;20220816T223000;20220817T033000;27d5550e-f95d-11ec-8609-005056a47b86;" / Ligne H : Paris-Persan via Valmondois 27/06-16/12 / <p>Période : à partir de 22h30<br>Dates : du lundi 27 juin jusqu'au vendredi 16 décembre sauf les week-ends et jours fériés.<br>Le trafic est interrompu entre Paris Gare du Nord et Persan - Beaumont via Valmondois.<br>En conséquence, un service de bus de remplacement est mis en place, avec desserte des gares intermédiaires.<br><a href=""https://www.transilien.com/sites/transilien/files/sentinelle-20220701-hparisermontpersanviavalmondois-jusquau16decembre.pdf"" target="""">Pour plus d'informations sur les horaires du lundi 27 juin au vendredi 16 décembre sauf week-ends et jours fériés, cliquez ici pour télécharger l'affiche PDF.</a><br><a href=""https://www.transilien.com/sites/transilien/files/sentinelle-20220418-h-ermontvalmondoispersan-18avril26maiet6juin.pdf"" target="""">Pour plus d'informations sur les horaires des jours fériés, cliquez ici pour télécharger l'affiche PDF.</a><br>Attention à partir du lundi 11 avril 2022 : les arrêts bus de la gare de Vaucelles et Saint-Leu la Forêt sont déplacés, pour connaître les nouveaux emplacements cliquez ici :<br>- <a href=""https://www.transilien.com/sites/transilien/files/sentinelle-20220409-h-pointdarretbus-vaucelles.pdf"" target="""">Gare de Vaucelles</a><br>- <a href=""https://www.transilien.com/sites/transilien/files/sentinelle-20220409-h-pointdarretbus-stleulaforet.pdf"" target="""">Gare de Saint-Leu la Forêt</a><br>Les horaires du calculateur d'itinéraire tiennent compte de ces travaux.﻿<br>Motif : travaux.</p>";20220701T184503;Transilien Train Transilien H;27d5550e-f95d-11ec-8609-005056a47b86;travaux
active;Incidents;30;perturbée;SIGNIFICANT_DELAYS;20220815T223000;20220816T033000;27d5550e-f95d-11ec-8609-005056a47b86;" / Ligne H : Paris-Persan via Valmondois 27/06-16/12 / <p>Période : à partir de 22h30<br>Dates : du lundi 27 juin jusqu'au vendredi 16 décembre sauf les week-ends et jours fériés.<br>Le trafic est interrompu entre Paris Gare du Nord et Persan - Beaumont via Valmondois.<br>En conséquence, un service de bus de remplacement est mis en place, avec desserte des gares intermédiaires.<br><a href=""https://www.transilien.com/sites/transilien/files/sentinelle-20220701-hparisermontpersanviavalmondois-jusquau16decembre.pdf"" target="""">Pour plus d'informations sur les horaires du lundi 27 juin au vendredi 16 décembre sauf week-ends et jours fériés, cliquez ici pour télécharger l'affiche PDF.</a><br><a href=""https://www.transilien.com/sites/transilien/files/sentinelle-20220418-h-ermontvalmondoispersan-18avril26maiet6juin.pdf"" target="""">Pour plus d'informations sur les horaires des jours fériés, cliquez ici pour télécharger l'affiche PDF.</a><br>Attention à partir du lundi 11 avril 2022 : les arrêts bus de la gare de Vaucelles et Saint-Leu la Forêt sont déplacés, pour connaître les nouveaux emplacements cliquez ici :<br>- <a href=""https://www.transilien.com/sites/transilien/files/sentinelle-20220409-h-pointdarretbus-vaucelles.pdf"" target="""">Gare de Vaucelles</a><br>- <a href=""https://www.transilien.com/sites/transilien/files/sentinelle-20220409-h-pointdarretbus-stleulaforet.pdf"" target="""">Gare de Saint-Leu la Forêt</a><br>Les horaires du calculateur d'itinéraire tiennent compte de ces travaux.﻿<br>Motif : travaux.</p>";20220701T184503;Transilien Train Transilien H;27d5550e-f95d-11ec-8609-005056a47b86;travaux
active;Incidents;30;perturbée;SIGNIFICANT_DELAYS;20220812T223000;20220813T033000;27d5550e-f95d-11ec-8609-005056a47b86;" / Ligne H : Paris-Persan via Valmondois 27/06-16/12 / <p>Période : à partir de 22h30<br>Dates : du lundi 27 juin jusqu'au vendredi 16 décembre sauf les week-ends et jours fériés.<br>Le trafic est interrompu entre Paris Gare du Nord et Persan - Beaumont via Valmondois.<br>En conséquence, un service de bus de remplacement est mis en place, avec desserte des gares intermédiaires.<br><a href=""https://www.transilien.com/sites/transilien/files/sentinelle-20220701-hparisermontpersanviavalmondois-jusquau16decembre.pdf"" target="""">Pour plus d'informations sur les horaires du lundi 27 juin au vendredi 16 décembre sauf week-ends et jours fériés, cliquez ici pour télécharger l'affiche PDF.</a><br><a href=""https://www.transilien.com/sites/transilien/files/sentinelle-20220418-h-ermontvalmondoispersan-18avril26maiet6juin.pdf"" target="""">Pour plus d'informations sur les horaires des jours fériés, cliquez ici pour télécharger l'affiche PDF.</a><br>Attention à partir du lundi 11 avril 2022 : les arrêts bus de la gare de Vaucelles et Saint-Leu la Forêt sont déplacés, pour connaître les nouveaux emplacements cliquez ici :<br>- <a href=""https://www.transilien.com/sites/transilien/files/sentinelle-20220409-h-pointdarretbus-vaucelles.pdf"" target="""">Gare de Vaucelles</a><br>- <a href=""https://www.transilien.com/sites/transilien/files/sentinelle-20220409-h-pointdarretbus-stleulaforet.pdf"" target="""">Gare de Saint-Leu la Forêt</a><br>Les horaires du calculateur d'itinéraire tiennent compte de ces travaux.﻿<br>Motif : travaux.</p>";20220701T184503;Transilien Train Transilien H;27d5550e-f95d-11ec-8609-005056a47b86;travaux
active;Incidents;30;perturbée;SIGNIFICANT_DELAYS;20220811T223000;20220812T033000;27d5550e-f95d-11ec-8609-005056a47b86;" / Ligne H : Paris-Persan via Valmondois 27/06-16/12 / <p>Période : à partir de 22h30<br>Dates : du lundi 27 juin jusqu'au vendredi 16 décembre sauf les week-ends et jours fériés.<br>Le trafic est interrompu entre Paris Gare du Nord et Persan - Beaumont via Valmondois.<br>En conséquence, un service de bus de remplacement est mis en place, avec desserte des gares intermédiaires.<br><a href=""https://www.transilien.com/sites/transilien/files/sentinelle-20220701-hparisermontpersanviavalmondois-jusquau16decembre.pdf"" target="""">Pour plus d'informations sur les horaires du lundi 27 juin au vendredi 16 décembre sauf week-ends et jours fériés, cliquez ici pour télécharger l'affiche PDF.</a><br><a href=""https://www.transilien.com/sites/transilien/files/sentinelle-20220418-h-ermontvalmondoispersan-18avril26maiet6juin.pdf"" target="""">Pour plus d'informations sur les horaires des jours fériés, cliquez ici pour télécharger l'affiche PDF.</a><br>Attention à partir du lundi 11 avril 2022 : les arrêts bus de la gare de Vaucelles et Saint-Leu la Forêt sont déplacés, pour connaître les nouveaux emplacements cliquez ici :<br>- <a href=""https://www.transilien.com/sites/transilien/files/sentinelle-20220409-h-pointdarretbus-vaucelles.pdf"" target="""">Gare de Vaucelles</a><br>- <a href=""https://www.transilien.com/sites/transilien/files/sentinelle-20220409-h-pointdarretbus-stleulaforet.pdf"" target="""">Gare de Saint-Leu la Forêt</a><br>Les horaires du calculateur d'itinéraire tiennent compte de ces travaux.﻿<br>Motif : travaux.</p>";20220701T184503;Transilien Train Transilien H;27d5550e-f95d-11ec-8609-005056a47b86;travaux
active;Incidents;30;perturbée;SIGNIFICANT_DELAYS;20220810T223000;20220811T033000;27d5550e-f95d-11ec-8609-005056a47b86;" / Ligne H : Paris-Persan via Valmondois 27/06-16/12 / <p>Période : à partir de 22h30<br>Dates : du lundi 27 juin jusqu'au vendredi 16 décembre sauf les week-ends et jours fériés.<br>Le trafic est interrompu entre Paris Gare du Nord et Persan - Beaumont via Valmondois.<br>En conséquence, un service de bus de remplacement est mis en place, avec desserte des gares intermédiaires.<br><a href=""https://www.transilien.com/sites/transilien/files/sentinelle-20220701-hparisermontpersanviavalmondois-jusquau16decembre.pdf"" target="""">Pour plus d'informations sur les horaires du lundi 27 juin au vendredi 16 décembre sauf week-ends et jours fériés, cliquez ici pour télécharger l'affiche PDF.</a><br><a href=""https://www.transilien.com/sites/transilien/files/sentinelle-20220418-h-ermontvalmondoispersan-18avril26maiet6juin.pdf"" target="""">Pour plus d'informations sur les horaires des jours fériés, cliquez ici pour télécharger l'affiche PDF.</a><br>Attention à partir du lundi 11 avril 2022 : les arrêts bus de la gare de Vaucelles et Saint-Leu la Forêt sont déplacés, pour connaître les nouveaux emplacements cliquez ici :<br>- <a href=""https://www.transilien.com/sites/transilien/files/sentinelle-20220409-h-pointdarretbus-vaucelles.pdf"" target="""">Gare de Vaucelles</a><br>- <a href=""https://www.transilien.com/sites/transilien/files/sentinelle-20220409-h-pointdarretbus-stleulaforet.pdf"" target="""">Gare de Saint-Leu la Forêt</a><br>Les horaires du calculateur d'itinéraire tiennent compte de ces travaux.﻿<br>Motif : travaux.</p>";20220701T184503;Transilien Train Transilien H;27d5550e-f95d-11ec-8609-005056a47b86;travaux
active;Incidents;30;perturbée;SIGNIFICANT_DELAYS;20220809T223000;20220810T033000;27d5550e-f95d-11ec-8609-005056a47b86;" / Ligne H : Paris-Persan via Valmondois 27/06-16/12 / <p>Période : à partir de 22h30<br>Dates : du lundi 27 juin jusqu'au vendredi 16 décembre sauf les week-ends et jours fériés.<br>Le trafic est interrompu entre Paris Gare du Nord et Persan - Beaumont via Valmondois.<br>En conséquence, un service de bus de remplacement est mis en place, avec desserte des gares intermédiaires.<br><a href=""https://www.transilien.com/sites/transilien/files/sentinelle-20220701-hparisermontpersanviavalmondois-jusquau16decembre.pdf"" target="""">Pour plus d'informations sur les horaires du lundi 27 juin au vendredi 16 décembre sauf week-ends et jours fériés, cliquez ici pour télécharger l'affiche PDF.</a><br><a href=""https://www.transilien.com/sites/transilien/files/sentinelle-20220418-h-ermontvalmondoispersan-18avril26maiet6juin.pdf"" target="""">Pour plus d'informations sur les horaires des jours fériés, cliquez ici pour télécharger l'affiche PDF.</a><br>Attention à partir du lundi 11 avril 2022 : les arrêts bus de la gare de Vaucelles et Saint-Leu la Forêt sont déplacés, pour connaître les nouveaux emplacements cliquez ici :<br>- <a href=""https://www.transilien.com/sites/transilien/files/sentinelle-20220409-h-pointdarretbus-vaucelles.pdf"" target="""">Gare de Vaucelles</a><br>- <a href=""https://www.transilien.com/sites/transilien/files/sentinelle-20220409-h-pointdarretbus-stleulaforet.pdf"" target="""">Gare de Saint-Leu la Forêt</a><br>Les horaires du calculateur d'itinéraire tiennent compte de ces travaux.﻿<br>Motif : travaux.</p>";20220701T184503;Transilien Train Transilien H;27d5550e-f95d-11ec-8609-005056a47b86;travaux
active;Incidents;30;perturbée;SIGNIFICANT_DELAYS;20220808T223000;20220809T033000;27d5550e-f95d-11ec-8609-005056a47b86;" / Ligne H : Paris-Persan via Valmondois 27/06-16/12 / <p>Période : à partir de 22h30<br>Dates : du lundi 27 juin jusqu'au vendredi 16 décembre sauf les week-ends et jours fériés.<br>Le trafic est interrompu entre Paris Gare du Nord et Persan - Beaumont via Valmondois.<br>En conséquence, un service de bus de remplacement est mis en place, avec desserte des gares intermédiaires.<br><a href=""https://www.transilien.com/sites/transilien/files/sentinelle-20220701-hparisermontpersanviavalmondois-jusquau16decembre.pdf"" target="""">Pour plus d'informations sur les horaires du lundi 27 juin au vendredi 16 décembre sauf week-ends et jours fériés, cliquez ici pour télécharger l'affiche PDF.</a><br><a href=""https://www.transilien.com/sites/transilien/files/sentinelle-20220418-h-ermontvalmondoispersan-18avril26maiet6juin.pdf"" target="""">Pour plus d'informations sur les horaires des jours fériés, cliquez ici pour télécharger l'affiche PDF.</a><br>Attention à partir du lundi 11 avril 2022 : les arrêts bus de la gare de Vaucelles et Saint-Leu la Forêt sont déplacés, pour connaître les nouveaux emplacements cliquez ici :<br>- <a href=""https://www.transilien.com/sites/transilien/files/sentinelle-20220409-h-pointdarretbus-vaucelles.pdf"" target="""">Gare de Vaucelles</a><br>- <a href=""https://www.transilien.com/sites/transilien/files/sentinelle-20220409-h-pointdarretbus-stleulaforet.pdf"" target="""">Gare de Saint-Leu la Forêt</a><br>Les horaires du calculateur d'itinéraire tiennent compte de ces travaux.﻿<br>Motif : travaux.</p>";20220701T184503;Transilien Train Transilien H;27d5550e-f95d-11ec-8609-005056a47b86;travaux
active;Incidents;30;perturbée;SIGNIFICANT_DELAYS;20220805T223000;20220806T033000;27d5550e-f95d-11ec-8609-005056a47b86;" / Ligne H : Paris-Persan via Valmondois 27/06-16/12 / <p>Période : à partir de 22h30<br>Dates : du lundi 27 juin jusqu'au vendredi 16 décembre sauf les week-ends et jours fériés.<br>Le trafic est interrompu entre Paris Gare du Nord et Persan - Beaumont via Valmondois.<br>En conséquence, un service de bus de remplacement est mis en place, avec desserte des gares intermédiaires.<br><a href=""https://www.transilien.com/sites/transilien/files/sentinelle-20220701-hparisermontpersanviavalmondois-jusquau16decembre.pdf"" target="""">Pour plus d'informations sur les horaires du lundi 27 juin au vendredi 16 décembre sauf week-ends et jours fériés, cliquez ici pour télécharger l'affiche PDF.</a><br><a href=""https://www.transilien.com/sites/transilien/files/sentinelle-20220418-h-ermontvalmondoispersan-18avril26maiet6juin.pdf"" target="""">Pour plus d'informations sur les horaires des jours fériés, cliquez ici pour télécharger l'affiche PDF.</a><br>Attention à partir du lundi 11 avril 2022 : les arrêts bus de la gare de Vaucelles et Saint-Leu la Forêt sont déplacés, pour connaître les nouveaux emplacements cliquez ici :<br>- <a href=""https://www.transilien.com/sites/transilien/files/sentinelle-20220409-h-pointdarretbus-vaucelles.pdf"" target="""">Gare de Vaucelles</a><br>- <a href=""https://www.transilien.com/sites/transilien/files/sentinelle-20220409-h-pointdarretbus-stleulaforet.pdf"" target="""">Gare de Saint-Leu la Forêt</a><br>Les horaires du calculateur d'itinéraire tiennent compte de ces travaux.﻿<br>Motif : travaux.</p>";20220701T184503;Transilien Train Transilien H;27d5550e-f95d-11ec-8609-005056a47b86;travaux
active;Incidents;30;perturbée;SIGNIFICANT_DELAYS;20220804T223000;20220805T033000;27d5550e-f95d-11ec-8609-005056a47b86;" / Ligne H : Paris-Persan via Valmondois 27/06-16/12 / <p>Période : à partir de 22h30<br>Dates : du lundi 27 juin jusqu'au vendredi 16 décembre sauf les week-ends et jours fériés.<br>Le trafic est interrompu entre Paris Gare du Nord et Persan - Beaumont via Valmondois.<br>En conséquence, un service de bus de remplacement est mis en place, avec desserte des gares intermédiaires.<br><a href=""https://www.transilien.com/sites/transilien/files/sentinelle-20220701-hparisermontpersanviavalmondois-jusquau16decembre.pdf"" target="""">Pour plus d'informations sur les horaires du lundi 27 juin au vendredi 16 décembre sauf week-ends et jours fériés, cliquez ici pour télécharger l'affiche PDF.</a><br><a href=""https://www.transilien.com/sites/transilien/files/sentinelle-20220418-h-ermontvalmondoispersan-18avril26maiet6juin.pdf"" target="""">Pour plus d'informations sur les horaires des jours fériés, cliquez ici pour télécharger l'affiche PDF.</a><br>Attention à partir du lundi 11 avril 2022 : les arrêts bus de la gare de Vaucelles et Saint-Leu la Forêt sont déplacés, pour connaître les nouveaux emplacements cliquez ici :<br>- <a href=""https://www.transilien.com/sites/transilien/files/sentinelle-20220409-h-pointdarretbus-vaucelles.pdf"" target="""">Gare de Vaucelles</a><br>- <a href=""https://www.transilien.com/sites/transilien/files/sentinelle-20220409-h-pointdarretbus-stleulaforet.pdf"" target="""">Gare de Saint-Leu la Forêt</a><br>Les horaires du calculateur d'itinéraire tiennent compte de ces travaux.﻿<br>Motif : travaux.</p>";20220701T184503;Transilien Train Transilien H;27d5550e-f95d-11ec-8609-005056a47b86;travaux
active;Incidents;30;perturbée;SIGNIFICANT_DELAYS;20220803T223000;20220804T033000;27d5550e-f95d-11ec-8609-005056a47b86;" / Ligne H : Paris-Persan via Valmondois 27/06-16/12 / <p>Période : à partir de 22h30<br>Dates : du lundi 27 juin jusqu'au vendredi 16 décembre sauf les week-ends et jours fériés.<br>Le trafic est interrompu entre Paris Gare du Nord et Persan - Beaumont via Valmondois.<br>En conséquence, un service de bus de remplacement est mis en place, avec desserte des gares intermédiaires.<br><a href=""https://www.transilien.com/sites/transilien/files/sentinelle-20220701-hparisermontpersanviavalmondois-jusquau16decembre.pdf"" target="""">Pour plus d'informations sur les horaires du lundi 27 juin au vendredi 16 décembre sauf week-ends et jours fériés, cliquez ici pour télécharger l'affiche PDF.</a><br><a href=""https://www.transilien.com/sites/transilien/files/sentinelle-20220418-h-ermontvalmondoispersan-18avril26maiet6juin.pdf"" target="""">Pour plus d'informations sur les horaires des jours fériés, cliquez ici pour télécharger l'affiche PDF.</a><br>Attention à partir du lundi 11 avril 2022 : les arrêts bus de la gare de Vaucelles et Saint-Leu la Forêt sont déplacés, pour connaître les nouveaux emplacements cliquez ici :<br>- <a href=""https://www.transilien.com/sites/transilien/files/sentinelle-20220409-h-pointdarretbus-vaucelles.pdf"" target="""">Gare de Vaucelles</a><br>- <a href=""https://www.transilien.com/sites/transilien/files/sentinelle-20220409-h-pointdarretbus-stleulaforet.pdf"" target="""">Gare de Saint-Leu la Forêt</a><br>Les horaires du calculateur d'itinéraire tiennent compte de ces travaux.﻿<br>Motif : travaux.</p>";20220701T184503;Transilien Train Transilien H;27d5550e-f95d-11ec-8609-005056a47b86;travaux
active;Incidents;30;perturbée;SIGNIFICANT_DELAYS;20220802T223000;20220803T033000;27d5550e-f95d-11ec-8609-005056a47b86;" / Ligne H : Paris-Persan via Valmondois 27/06-16/12 / <p>Période : à partir de 22h30<br>Dates : du lundi 27 juin jusqu'au vendredi 16 décembre sauf les week-ends et jours fériés.<br>Le trafic est interrompu entre Paris Gare du Nord et Persan - Beaumont via Valmondois.<br>En conséquence, un service de bus de remplacement est mis en place, avec desserte des gares intermédiaires.<br><a href=""https://www.transilien.com/sites/transilien/files/sentinelle-20220701-hparisermontpersanviavalmondois-jusquau16decembre.pdf"" target="""">Pour plus d'informations sur les horaires du lundi 27 juin au vendredi 16 décembre sauf week-ends et jours fériés, cliquez ici pour télécharger l'affiche PDF.</a><br><a href=""https://www.transilien.com/sites/transilien/files/sentinelle-20220418-h-ermontvalmondoispersan-18avril26maiet6juin.pdf"" target="""">Pour plus d'informations sur les horaires des jours fériés, cliquez ici pour télécharger l'affiche PDF.</a><br>Attention à partir du lundi 11 avril 2022 : les arrêts bus de la gare de Vaucelles et Saint-Leu la Forêt sont déplacés, pour connaître les nouveaux emplacements cliquez ici :<br>- <a href=""https://www.transilien.com/sites/transilien/files/sentinelle-20220409-h-pointdarretbus-vaucelles.pdf"" target="""">Gare de Vaucelles</a><br>- <a href=""https://www.transilien.com/sites/transilien/files/sentinelle-20220409-h-pointdarretbus-stleulaforet.pdf"" target="""">Gare de Saint-Leu la Forêt</a><br>Les horaires du calculateur d'itinéraire tiennent compte de ces travaux.﻿<br>Motif : travaux.</p>";20220701T184503;Transilien Train Transilien H;27d5550e-f95d-11ec-8609-005056a47b86;travaux
active;Incidents;30;perturbée;SIGNIFICANT_DELAYS;20220801T223000;20220802T033000;27d5550e-f95d-11ec-8609-005056a47b86;" / Ligne H : Paris-Persan via Valmondois 27/06-16/12 / <p>Période : à partir de 22h30<br>Dates : du lundi 27 juin jusqu'au vendredi 16 décembre sauf les week-ends et jours fériés.<br>Le trafic est interrompu entre Paris Gare du Nord et Persan - Beaumont via Valmondois.<br>En conséquence, un service de bus de remplacement est mis en place, avec desserte des gares intermédiaires.<br><a href=""https://www.transilien.com/sites/transilien/files/sentinelle-20220701-hparisermontpersanviavalmondois-jusquau16decembre.pdf"" target="""">Pour plus d'informations sur les horaires du lundi 27 juin au vendredi 16 décembre sauf week-ends et jours fériés, cliquez ici pour télécharger l'affiche PDF.</a><br><a href=""https://www.transilien.com/sites/transilien/files/sentinelle-20220418-h-ermontvalmondoispersan-18avril26maiet6juin.pdf"" target="""">Pour plus d'informations sur les horaires des jours fériés, cliquez ici pour télécharger l'affiche PDF.</a><br>Attention à partir du lundi 11 avril 2022 : les arrêts bus de la gare de Vaucelles et Saint-Leu la Forêt sont déplacés, pour connaître les nouveaux emplacements cliquez ici :<br>- <a href=""https://www.transilien.com/sites/transilien/files/sentinelle-20220409-h-pointdarretbus-vaucelles.pdf"" target="""">Gare de Vaucelles</a><br>- <a href=""https://www.transilien.com/sites/transilien/files/sentinelle-20220409-h-pointdarretbus-stleulaforet.pdf"" target="""">Gare de Saint-Leu la Forêt</a><br>Les horaires du calculateur d'itinéraire tiennent compte de ces travaux.﻿<br>Motif : travaux.</p>";20220701T184503;Transilien Train Transilien H;27d5550e-f95d-11ec-8609-005056a47b86;travaux
active;Incidents;30;perturbée;SIGNIFICANT_DELAYS;20220729T223000;20220730T033000;27d5550e-f95d-11ec-8609-005056a47b86;" / Ligne H : Paris-Persan via Valmondois 27/06-16/12 / <p>Période : à partir de 22h30<br>Dates : du lundi 27 juin jusqu'au vendredi 16 décembre sauf les week-ends et jours fériés.<br>Le trafic est interrompu entre Paris Gare du Nord et Persan - Beaumont via Valmondois.<br>En conséquence, un service de bus de remplacement est mis en place, avec desserte des gares intermédiaires.<br><a href=""https://www.transilien.com/sites/transilien/files/sentinelle-20220701-hparisermontpersanviavalmondois-jusquau16decembre.pdf"" target="""">Pour plus d'informations sur les horaires du lundi 27 juin au vendredi 16 décembre sauf week-ends et jours fériés, cliquez ici pour télécharger l'affiche PDF.</a><br><a href=""https://www.transilien.com/sites/transilien/files/sentinelle-20220418-h-ermontvalmondoispersan-18avril26maiet6juin.pdf"" target="""">Pour plus d'informations sur les horaires des jours fériés, cliquez ici pour télécharger l'affiche PDF.</a><br>Attention à partir du lundi 11 avril 2022 : les arrêts bus de la gare de Vaucelles et Saint-Leu la Forêt sont déplacés, pour connaître les nouveaux emplacements cliquez ici :<br>- <a href=""https://www.transilien.com/sites/transilien/files/sentinelle-20220409-h-pointdarretbus-vaucelles.pdf"" target="""">Gare de Vaucelles</a><br>- <a href=""https://www.transilien.com/sites/transilien/files/sentinelle-20220409-h-pointdarretbus-stleulaforet.pdf"" target="""">Gare de Saint-Leu la Forêt</a><br>Les horaires du calculateur d'itinéraire tiennent compte de ces travaux.﻿<br>Motif : travaux.</p>";20220701T184503;Transilien Train Transilien H;27d5550e-f95d-11ec-8609-005056a47b86;travaux
active;Incidents;30;perturbée;SIGNIFICANT_DELAYS;20220728T223000;20220729T033000;27d5550e-f95d-11ec-8609-005056a47b86;" / Ligne H : Paris-Persan via Valmondois 27/06-16/12 / <p>Période : à partir de 22h30<br>Dates : du lundi 27 juin jusqu'au vendredi 16 décembre sauf les week-ends et jours fériés.<br>Le trafic est interrompu entre Paris Gare du Nord et Persan - Beaumont via Valmondois.<br>En conséquence, un service de bus de remplacement est mis en place, avec desserte des gares intermédiaires.<br><a href=""https://www.transilien.com/sites/transilien/files/sentinelle-20220701-hparisermontpersanviavalmondois-jusquau16decembre.pdf"" target="""">Pour plus d'informations sur les horaires du lundi 27 juin au vendredi 16 décembre sauf week-ends et jours fériés, cliquez ici pour télécharger l'affiche PDF.</a><br><a href=""https://www.transilien.com/sites/transilien/files/sentinelle-20220418-h-ermontvalmondoispersan-18avril26maiet6juin.pdf"" target="""">Pour plus d'informations sur les horaires des jours fériés, cliquez ici pour télécharger l'affiche PDF.</a><br>Attention à partir du lundi 11 avril 2022 : les arrêts bus de la gare de Vaucelles et Saint-Leu la Forêt sont déplacés, pour connaître les nouveaux emplacements cliquez ici :<br>- <a href=""https://www.transilien.com/sites/transilien/files/sentinelle-20220409-h-pointdarretbus-vaucelles.pdf"" target="""">Gare de Vaucelles</a><br>- <a href=""https://www.transilien.com/sites/transilien/files/sentinelle-20220409-h-pointdarretbus-stleulaforet.pdf"" target="""">Gare de Saint-Leu la Forêt</a><br>Les horaires du calculateur d'itinéraire tiennent compte de ces travaux.﻿<br>Motif : travaux.</p>";20220701T184503;Transilien Train Transilien H;27d5550e-f95d-11ec-8609-005056a47b86;travaux
active;Incidents;30;perturbée;SIGNIFICANT_DELAYS;20220727T223000;20220728T033000;27d5550e-f95d-11ec-8609-005056a47b86;" / Ligne H : Paris-Persan via Valmondois 27/06-16/12 / <p>Période : à partir de 22h30<br>Dates : du lundi 27 juin jusqu'au vendredi 16 décembre sauf les week-ends et jours fériés.<br>Le trafic est interrompu entre Paris Gare du Nord et Persan - Beaumont via Valmondois.<br>En conséquence, un service de bus de remplacement est mis en place, avec desserte des gares intermédiaires.<br><a href=""https://www.transilien.com/sites/transilien/files/sentinelle-20220701-hparisermontpersanviavalmondois-jusquau16decembre.pdf"" target="""">Pour plus d'informations sur les horaires du lundi 27 juin au vendredi 16 décembre sauf week-ends et jours fériés, cliquez ici pour télécharger l'affiche PDF.</a><br><a href=""https://www.transilien.com/sites/transilien/files/sentinelle-20220418-h-ermontvalmondoispersan-18avril26maiet6juin.pdf"" target="""">Pour plus d'informations sur les horaires des jours fériés, cliquez ici pour télécharger l'affiche PDF.</a><br>Attention à partir du lundi 11 avril 2022 : les arrêts bus de la gare de Vaucelles et Saint-Leu la Forêt sont déplacés, pour connaître les nouveaux emplacements cliquez ici :<br>- <a href=""https://www.transilien.com/sites/transilien/files/sentinelle-20220409-h-pointdarretbus-vaucelles.pdf"" target="""">Gare de Vaucelles</a><br>- <a href=""https://www.transilien.com/sites/transilien/files/sentinelle-20220409-h-pointdarretbus-stleulaforet.pdf"" target="""">Gare de Saint-Leu la Forêt</a><br>Les horaires du calculateur d'itinéraire tiennent compte de ces travaux.﻿<br>Motif : travaux.</p>";20220701T184503;Transilien Train Transilien H;27d5550e-f95d-11ec-8609-005056a47b86;travaux
active;Incidents;30;perturbée;SIGNIFICANT_DELAYS;20220726T223000;20220727T033000;27d5550e-f95d-11ec-8609-005056a47b86;" / Ligne H : Paris-Persan via Valmondois 27/06-16/12 / <p>Période : à partir de 22h30<br>Dates : du lundi 27 juin jusqu'au vendredi 16 décembre sauf les week-ends et jours fériés.<br>Le trafic est interrompu entre Paris Gare du Nord et Persan - Beaumont via Valmondois.<br>En conséquence, un service de bus de remplacement est mis en place, avec desserte des gares intermédiaires.<br><a href=""https://www.transilien.com/sites/transilien/files/sentinelle-20220701-hparisermontpersanviavalmondois-jusquau16decembre.pdf"" target="""">Pour plus d'informations sur les horaires du lundi 27 juin au vendredi 16 décembre sauf week-ends et jours fériés, cliquez ici pour télécharger l'affiche PDF.</a><br><a href=""https://www.transilien.com/sites/transilien/files/sentinelle-20220418-h-ermontvalmondoispersan-18avril26maiet6juin.pdf"" target="""">Pour plus d'informations sur les horaires des jours fériés, cliquez ici pour télécharger l'affiche PDF.</a><br>Attention à partir du lundi 11 avril 2022 : les arrêts bus de la gare de Vaucelles et Saint-Leu la Forêt sont déplacés, pour connaître les nouveaux emplacements cliquez ici :<br>- <a href=""https://www.transilien.com/sites/transilien/files/sentinelle-20220409-h-pointdarretbus-vaucelles.pdf"" target="""">Gare de Vaucelles</a><br>- <a href=""https://www.transilien.com/sites/transilien/files/sentinelle-20220409-h-pointdarretbus-stleulaforet.pdf"" target="""">Gare de Saint-Leu la Forêt</a><br>Les horaires du calculateur d'itinéraire tiennent compte de ces travaux.﻿<br>Motif : travaux.</p>";20220701T184503;Transilien Train Transilien H;27d5550e-f95d-11ec-8609-005056a47b86;travaux
active;Incidents;30;perturbée;SIGNIFICANT_DELAYS;20220725T223000;20220726T033000;27d5550e-f95d-11ec-8609-005056a47b86;" / Ligne H : Paris-Persan via Valmondois 27/06-16/12 / <p>Période : à partir de 22h30<br>Dates : du lundi 27 juin jusqu'au vendredi 16 décembre sauf les week-ends et jours fériés.<br>Le trafic est interrompu entre Paris Gare du Nord et Persan - Beaumont via Valmondois.<br>En conséquence, un service de bus de remplacement est mis en place, avec desserte des gares intermédiaires.<br><a href=""https://www.transilien.com/sites/transilien/files/sentinelle-20220701-hparisermontpersanviavalmondois-jusquau16decembre.pdf"" target="""">Pour plus d'informations sur les horaires du lundi 27 juin au vendredi 16 décembre sauf week-ends et jours fériés, cliquez ici pour télécharger l'affiche PDF.</a><br><a href=""https://www.transilien.com/sites/transilien/files/sentinelle-20220418-h-ermontvalmondoispersan-18avril26maiet6juin.pdf"" target="""">Pour plus d'informations sur les horaires des jours fériés, cliquez ici pour télécharger l'affiche PDF.</a><br>Attention à partir du lundi 11 avril 2022 : les arrêts bus de la gare de Vaucelles et Saint-Leu la Forêt sont déplacés, pour connaître les nouveaux emplacements cliquez ici :<br>- <a href=""https://www.transilien.com/sites/transilien/files/sentinelle-20220409-h-pointdarretbus-vaucelles.pdf"" target="""">Gare de Vaucelles</a><br>- <a href=""https://www.transilien.com/sites/transilien/files/sentinelle-20220409-h-pointdarretbus-stleulaforet.pdf"" target="""">Gare de Saint-Leu la Forêt</a><br>Les horaires du calculateur d'itinéraire tiennent compte de ces travaux.﻿<br>Motif : travaux.</p>";20220701T184503;Transilien Train Transilien H;27d5550e-f95d-11ec-8609-005056a47b86;travaux
active;Incidents;30;perturbée;SIGNIFICANT_DELAYS;20220722T223000;20220723T033000;27d5550e-f95d-11ec-8609-005056a47b86;" / Ligne H : Paris-Persan via Valmondois 27/06-16/12 / <p>Période : à partir de 22h30<br>Dates : du lundi 27 juin jusqu'au vendredi 16 décembre sauf les week-ends et jours fériés.<br>Le trafic est interrompu entre Paris Gare du Nord et Persan - Beaumont via Valmondois.<br>En conséquence, un service de bus de remplacement est mis en place, avec desserte des gares intermédiaires.<br><a href=""https://www.transilien.com/sites/transilien/files/sentinelle-20220701-hparisermontpersanviavalmondois-jusquau16decembre.pdf"" target="""">Pour plus d'informations sur les horaires du lundi 27 juin au vendredi 16 décembre sauf week-ends et jours fériés, cliquez ici pour télécharger l'affiche PDF.</a><br><a href=""https://www.transilien.com/sites/transilien/files/sentinelle-20220418-h-ermontvalmondoispersan-18avril26maiet6juin.pdf"" target="""">Pour plus d'informations sur les horaires des jours fériés, cliquez ici pour télécharger l'affiche PDF.</a><br>Attention à partir du lundi 11 avril 2022 : les arrêts bus de la gare de Vaucelles et Saint-Leu la Forêt sont déplacés, pour connaître les nouveaux emplacements cliquez ici :<br>- <a href=""https://www.transilien.com/sites/transilien/files/sentinelle-20220409-h-pointdarretbus-vaucelles.pdf"" target="""">Gare de Vaucelles</a><br>- <a href=""https://www.transilien.com/sites/transilien/files/sentinelle-20220409-h-pointdarretbus-stleulaforet.pdf"" target="""">Gare de Saint-Leu la Forêt</a><br>Les horaires du calculateur d'itinéraire tiennent compte de ces travaux.﻿<br>Motif : travaux.</p>";20220701T184503;Transilien Train Transilien H;27d5550e-f95d-11ec-8609-005056a47b86;travaux
active;Incidents;30;perturbée;SIGNIFICANT_DELAYS;20220721T223000;20220722T033000;27d5550e-f95d-11ec-8609-005056a47b86;" / Ligne H : Paris-Persan via Valmondois 27/06-16/12 / <p>Période : à partir de 22h30<br>Dates : du lundi 27 juin jusqu'au vendredi 16 décembre sauf les week-ends et jours fériés.<br>Le trafic est interrompu entre Paris Gare du Nord et Persan - Beaumont via Valmondois.<br>En conséquence, un service de bus de remplacement est mis en place, avec desserte des gares intermédiaires.<br><a href=""https://www.transilien.com/sites/transilien/files/sentinelle-20220701-hparisermontpersanviavalmondois-jusquau16decembre.pdf"" target="""">Pour plus d'informations sur les horaires du lundi 27 juin au vendredi 16 décembre sauf week-ends et jours fériés, cliquez ici pour télécharger l'affiche PDF.</a><br><a href=""https://www.transilien.com/sites/transilien/files/sentinelle-20220418-h-ermontvalmondoispersan-18avril26maiet6juin.pdf"" target="""">Pour plus d'informations sur les horaires des jours fériés, cliquez ici pour télécharger l'affiche PDF.</a><br>Attention à partir du lundi 11 avril 2022 : les arrêts bus de la gare de Vaucelles et Saint-Leu la Forêt sont déplacés, pour connaître les nouveaux emplacements cliquez ici :<br>- <a href=""https://www.transilien.com/sites/transilien/files/sentinelle-20220409-h-pointdarretbus-vaucelles.pdf"" target="""">Gare de Vaucelles</a><br>- <a href=""https://www.transilien.com/sites/transilien/files/sentinelle-20220409-h-pointdarretbus-stleulaforet.pdf"" target="""">Gare de Saint-Leu la Forêt</a><br>Les horaires du calculateur d'itinéraire tiennent compte de ces travaux.﻿<br>Motif : travaux.</p>";20220701T184503;Transilien Train Transilien H;27d5550e-f95d-11ec-8609-005056a47b86;travaux
active;Incidents;30;perturbée;SIGNIFICANT_DELAYS;20220720T223000;20220721T033000;27d5550e-f95d-11ec-8609-005056a47b86;" / Ligne H : Paris-Persan via Valmondois 27/06-16/12 / <p>Période : à partir de 22h30<br>Dates : du lundi 27 juin jusqu'au vendredi 16 décembre sauf les week-ends et jours fériés.<br>Le trafic est interrompu entre Paris Gare du Nord et Persan - Beaumont via Valmondois.<br>En conséquence, un service de bus de remplacement est mis en place, avec desserte des gares intermédiaires.<br><a href=""https://www.transilien.com/sites/transilien/files/sentinelle-20220701-hparisermontpersanviavalmondois-jusquau16decembre.pdf"" target="""">Pour plus d'informations sur les horaires du lundi 27 juin au vendredi 16 décembre sauf week-ends et jours fériés, cliquez ici pour télécharger l'affiche PDF.</a><br><a href=""https://www.transilien.com/sites/transilien/files/sentinelle-20220418-h-ermontvalmondoispersan-18avril26maiet6juin.pdf"" target="""">Pour plus d'informations sur les horaires des jours fériés, cliquez ici pour télécharger l'affiche PDF.</a><br>Attention à partir du lundi 11 avril 2022 : les arrêts bus de la gare de Vaucelles et Saint-Leu la Forêt sont déplacés, pour connaître les nouveaux emplacements cliquez ici :<br>- <a href=""https://www.transilien.com/sites/transilien/files/sentinelle-20220409-h-pointdarretbus-vaucelles.pdf"" target="""">Gare de Vaucelles</a><br>- <a href=""https://www.transilien.com/sites/transilien/files/sentinelle-20220409-h-pointdarretbus-stleulaforet.pdf"" target="""">Gare de Saint-Leu la Forêt</a><br>Les horaires du calculateur d'itinéraire tiennent compte de ces travaux.﻿<br>Motif : travaux.</p>";20220701T184503;Transilien Train Transilien H;27d5550e-f95d-11ec-8609-005056a47b86;travaux
active;Incidents;30;perturbée;SIGNIFICANT_DELAYS;20220719T223000;20220720T033000;27d5550e-f95d-11ec-8609-005056a47b86;" / Ligne H : Paris-Persan via Valmondois 27/06-16/12 / <p>Période : à partir de 22h30<br>Dates : du lundi 27 juin jusqu'au vendredi 16 décembre sauf les week-ends et jours fériés.<br>Le trafic est interrompu entre Paris Gare du Nord et Persan - Beaumont via Valmondois.<br>En conséquence, un service de bus de remplacement est mis en place, avec desserte des gares intermédiaires.<br><a href=""https://www.transilien.com/sites/transilien/files/sentinelle-20220701-hparisermontpersanviavalmondois-jusquau16decembre.pdf"" target="""">Pour plus d'informations sur les horaires du lundi 27 juin au vendredi 16 décembre sauf week-ends et jours fériés, cliquez ici pour télécharger l'affiche PDF.</a><br><a href=""https://www.transilien.com/sites/transilien/files/sentinelle-20220418-h-ermontvalmondoispersan-18avril26maiet6juin.pdf"" target="""">Pour plus d'informations sur les horaires des jours fériés, cliquez ici pour télécharger l'affiche PDF.</a><br>Attention à partir du lundi 11 avril 2022 : les arrêts bus de la gare de Vaucelles et Saint-Leu la Forêt sont déplacés, pour connaître les nouveaux emplacements cliquez ici :<br>- <a href=""https://www.transilien.com/sites/transilien/files/sentinelle-20220409-h-pointdarretbus-vaucelles.pdf"" target="""">Gare de Vaucelles</a><br>- <a href=""https://www.transilien.com/sites/transilien/files/sentinelle-20220409-h-pointdarretbus-stleulaforet.pdf"" target="""">Gare de Saint-Leu la Forêt</a><br>Les horaires du calculateur d'itinéraire tiennent compte de ces travaux.﻿<br>Motif : travaux.</p>";20220701T184503;Transilien Train Transilien H;27d5550e-f95d-11ec-8609-005056a47b86;travaux
active;Incidents;30;perturbée;SIGNIFICANT_DELAYS;20220718T223000;20220719T033000;27d5550e-f95d-11ec-8609-005056a47b86;" / Ligne H : Paris-Persan via Valmondois 27/06-16/12 / <p>Période : à partir de 22h30<br>Dates : du lundi 27 juin jusqu'au vendredi 16 décembre sauf les week-ends et jours fériés.<br>Le trafic est interrompu entre Paris Gare du Nord et Persan - Beaumont via Valmondois.<br>En conséquence, un service de bus de remplacement est mis en place, avec desserte des gares intermédiaires.<br><a href=""https://www.transilien.com/sites/transilien/files/sentinelle-20220701-hparisermontpersanviavalmondois-jusquau16decembre.pdf"" target="""">Pour plus d'informations sur les horaires du lundi 27 juin au vendredi 16 décembre sauf week-ends et jours fériés, cliquez ici pour télécharger l'affiche PDF.</a><br><a href=""https://www.transilien.com/sites/transilien/files/sentinelle-20220418-h-ermontvalmondoispersan-18avril26maiet6juin.pdf"" target="""">Pour plus d'informations sur les horaires des jours fériés, cliquez ici pour télécharger l'affiche PDF.</a><br>Attention à partir du lundi 11 avril 2022 : les arrêts bus de la gare de Vaucelles et Saint-Leu la Forêt sont déplacés, pour connaître les nouveaux emplacements cliquez ici :<br>- <a href=""https://www.transilien.com/sites/transilien/files/sentinelle-20220409-h-pointdarretbus-vaucelles.pdf"" target="""">Gare de Vaucelles</a><br>- <a href=""https://www.transilien.com/sites/transilien/files/sentinelle-20220409-h-pointdarretbus-stleulaforet.pdf"" target="""">Gare de Saint-Leu la Forêt</a><br>Les horaires du calculateur d'itinéraire tiennent compte de ces travaux.﻿<br>Motif : travaux.</p>";20220701T184503;Transilien Train Transilien H;27d5550e-f95d-11ec-8609-005056a47b86;travaux
active;Incidents;30;perturbée;SIGNIFICANT_DELAYS;20220715T223000;20220716T033000;27d5550e-f95d-11ec-8609-005056a47b86;" / Ligne H : Paris-Persan via Valmondois 27/06-16/12 / <p>Période : à partir de 22h30<br>Dates : du lundi 27 juin jusqu'au vendredi 16 décembre sauf les week-ends et jours fériés.<br>Le trafic est interrompu entre Paris Gare du Nord et Persan - Beaumont via Valmondois.<br>En conséquence, un service de bus de remplacement est mis en place, avec desserte des gares intermédiaires.<br><a href=""https://www.transilien.com/sites/transilien/files/sentinelle-20220701-hparisermontpersanviavalmondois-jusquau16decembre.pdf"" target="""">Pour plus d'informations sur les horaires du lundi 27 juin au vendredi 16 décembre sauf week-ends et jours fériés, cliquez ici pour télécharger l'affiche PDF.</a><br><a href=""https://www.transilien.com/sites/transilien/files/sentinelle-20220418-h-ermontvalmondoispersan-18avril26maiet6juin.pdf"" target="""">Pour plus d'informations sur les horaires des jours fériés, cliquez ici pour télécharger l'affiche PDF.</a><br>Attention à partir du lundi 11 avril 2022 : les arrêts bus de la gare de Vaucelles et Saint-Leu la Forêt sont déplacés, pour connaître les nouveaux emplacements cliquez ici :<br>- <a href=""https://www.transilien.com/sites/transilien/files/sentinelle-20220409-h-pointdarretbus-vaucelles.pdf"" target="""">Gare de Vaucelles</a><br>- <a href=""https://www.transilien.com/sites/transilien/files/sentinelle-20220409-h-pointdarretbus-stleulaforet.pdf"" target="""">Gare de Saint-Leu la Forêt</a><br>Les horaires du calculateur d'itinéraire tiennent compte de ces travaux.﻿<br>Motif : travaux.</p>";20220701T184503;Transilien Train Transilien H;27d5550e-f95d-11ec-8609-005056a47b86;travaux
active;Incidents;30;perturbée;SIGNIFICANT_DELAYS;20220714T223000;20220715T033000;27d5550e-f95d-11ec-8609-005056a47b86;" / Ligne H : Paris-Persan via Valmondois 27/06-16/12 / <p>Période : à partir de 22h30<br>Dates : du lundi 27 juin jusqu'au vendredi 16 décembre sauf les week-ends et jours fériés.<br>Le trafic est interrompu entre Paris Gare du Nord et Persan - Beaumont via Valmondois.<br>En conséquence, un service de bus de remplacement est mis en place, avec desserte des gares intermédiaires.<br><a href=""https://www.transilien.com/sites/transilien/files/sentinelle-20220701-hparisermontpersanviavalmondois-jusquau16decembre.pdf"" target="""">Pour plus d'informations sur les horaires du lundi 27 juin au vendredi 16 décembre sauf week-ends et jours fériés, cliquez ici pour télécharger l'affiche PDF.</a><br><a href=""https://www.transilien.com/sites/transilien/files/sentinelle-20220418-h-ermontvalmondoispersan-18avril26maiet6juin.pdf"" target="""">Pour plus d'informations sur les horaires des jours fériés, cliquez ici pour télécharger l'affiche PDF.</a><br>Attention à partir du lundi 11 avril 2022 : les arrêts bus de la gare de Vaucelles et Saint-Leu la Forêt sont déplacés, pour connaître les nouveaux emplacements cliquez ici :<br>- <a href=""https://www.transilien.com/sites/transilien/files/sentinelle-20220409-h-pointdarretbus-vaucelles.pdf"" target="""">Gare de Vaucelles</a><br>- <a href=""https://www.transilien.com/sites/transilien/files/sentinelle-20220409-h-pointdarretbus-stleulaforet.pdf"" target="""">Gare de Saint-Leu la Forêt</a><br>Les horaires du calculateur d'itinéraire tiennent compte de ces travaux.﻿<br>Motif : travaux.</p>";20220701T184503;Transilien Train Transilien H;27d5550e-f95d-11ec-8609-005056a47b86;travaux
active;Incidents;30;perturbée;SIGNIFICANT_DELAYS;20220713T223000;20220714T033000;27d5550e-f95d-11ec-8609-005056a47b86;" / Ligne H : Paris-Persan via Valmondois 27/06-16/12 / <p>Période : à partir de 22h30<br>Dates : du lundi 27 juin jusqu'au vendredi 16 décembre sauf les week-ends et jours fériés.<br>Le trafic est interrompu entre Paris Gare du Nord et Persan - Beaumont via Valmondois.<br>En conséquence, un service de bus de remplacement est mis en place, avec desserte des gares intermédiaires.<br><a href=""https://www.transilien.com/sites/transilien/files/sentinelle-20220701-hparisermontpersanviavalmondois-jusquau16decembre.pdf"" target="""">Pour plus d'informations sur les horaires du lundi 27 juin au vendredi 16 décembre sauf week-ends et jours fériés, cliquez ici pour télécharger l'affiche PDF.</a><br><a href=""https://www.transilien.com/sites/transilien/files/sentinelle-20220418-h-ermontvalmondoispersan-18avril26maiet6juin.pdf"" target="""">Pour plus d'informations sur les horaires des jours fériés, cliquez ici pour télécharger l'affiche PDF.</a><br>Attention à partir du lundi 11 avril 2022 : les arrêts bus de la gare de Vaucelles et Saint-Leu la Forêt sont déplacés, pour connaître les nouveaux emplacements cliquez ici :<br>- <a href=""https://www.transilien.com/sites/transilien/files/sentinelle-20220409-h-pointdarretbus-vaucelles.pdf"" target="""">Gare de Vaucelles</a><br>- <a href=""https://www.transilien.com/sites/transilien/files/sentinelle-20220409-h-pointdarretbus-stleulaforet.pdf"" target="""">Gare de Saint-Leu la Forêt</a><br>Les horaires du calculateur d'itinéraire tiennent compte de ces travaux.﻿<br>Motif : travaux.</p>";20220701T184503;Transilien Train Transilien H;27d5550e-f95d-11ec-8609-005056a47b86;travaux
active;Incidents;30;perturbée;SIGNIFICANT_DELAYS;20220712T223000;20220713T033000;27d5550e-f95d-11ec-8609-005056a47b86;" / Ligne H : Paris-Persan via Valmondois 27/06-16/12 / <p>Période : à partir de 22h30<br>Dates : du lundi 27 juin jusqu'au vendredi 16 décembre sauf les week-ends et jours fériés.<br>Le trafic est interrompu entre Paris Gare du Nord et Persan - Beaumont via Valmondois.<br>En conséquence, un service de bus de remplacement est mis en place, avec desserte des gares intermédiaires.<br><a href=""https://www.transilien.com/sites/transilien/files/sentinelle-20220701-hparisermontpersanviavalmondois-jusquau16decembre.pdf"" target="""">Pour plus d'informations sur les horaires du lundi 27 juin au vendredi 16 décembre sauf week-ends et jours fériés, cliquez ici pour télécharger l'affiche PDF.</a><br><a href=""https://www.transilien.com/sites/transilien/files/sentinelle-20220418-h-ermontvalmondoispersan-18avril26maiet6juin.pdf"" target="""">Pour plus d'informations sur les horaires des jours fériés, cliquez ici pour télécharger l'affiche PDF.</a><br>Attention à partir du lundi 11 avril 2022 : les arrêts bus de la gare de Vaucelles et Saint-Leu la Forêt sont déplacés, pour connaître les nouveaux emplacements cliquez ici :<br>- <a href=""https://www.transilien.com/sites/transilien/files/sentinelle-20220409-h-pointdarretbus-vaucelles.pdf"" target="""">Gare de Vaucelles</a><br>- <a href=""https://www.transilien.com/sites/transilien/files/sentinelle-20220409-h-pointdarretbus-stleulaforet.pdf"" target="""">Gare de Saint-Leu la Forêt</a><br>Les horaires du calculateur d'itinéraire tiennent compte de ces travaux.﻿<br>Motif : travaux.</p>";20220701T184503;Transilien Train Transilien H;27d5550e-f95d-11ec-8609-005056a47b86;travaux
active;Incidents;30;perturbée;SIGNIFICANT_DELAYS;20220711T223000;20220712T033000;27d5550e-f95d-11ec-8609-005056a47b86;" / Ligne H : Paris-Persan via Valmondois 27/06-16/12 / <p>Période : à partir de 22h30<br>Dates : du lundi 27 juin jusqu'au vendredi 16 décembre sauf les week-ends et jours fériés.<br>Le trafic est interrompu entre Paris Gare du Nord et Persan - Beaumont via Valmondois.<br>En conséquence, un service de bus de remplacement est mis en place, avec desserte des gares intermédiaires.<br><a href=""https://www.transilien.com/sites/transilien/files/sentinelle-20220701-hparisermontpersanviavalmondois-jusquau16decembre.pdf"" target="""">Pour plus d'informations sur les horaires du lundi 27 juin au vendredi 16 décembre sauf week-ends et jours fériés, cliquez ici pour télécharger l'affiche PDF.</a><br><a href=""https://www.transilien.com/sites/transilien/files/sentinelle-20220418-h-ermontvalmondoispersan-18avril26maiet6juin.pdf"" target="""">Pour plus d'informations sur les horaires des jours fériés, cliquez ici pour télécharger l'affiche PDF.</a><br>Attention à partir du lundi 11 avril 2022 : les arrêts bus de la gare de Vaucelles et Saint-Leu la Forêt sont déplacés, pour connaître les nouveaux emplacements cliquez ici :<br>- <a href=""https://www.transilien.com/sites/transilien/files/sentinelle-20220409-h-pointdarretbus-vaucelles.pdf"" target="""">Gare de Vaucelles</a><br>- <a href=""https://www.transilien.com/sites/transilien/files/sentinelle-20220409-h-pointdarretbus-stleulaforet.pdf"" target="""">Gare de Saint-Leu la Forêt</a><br>Les horaires du calculateur d'itinéraire tiennent compte de ces travaux.﻿<br>Motif : travaux.</p>";20220701T184503;Transilien Train Transilien H;27d5550e-f95d-11ec-8609-005056a47b86;travaux
active;Incidents;30;perturbée;SIGNIFICANT_DELAYS;20220708T223000;20220709T033000;27d5550e-f95d-11ec-8609-005056a47b86;" / Ligne H : Paris-Persan via Valmondois 27/06-16/12 / <p>Période : à partir de 22h30<br>Dates : du lundi 27 juin jusqu'au vendredi 16 décembre sauf les week-ends et jours fériés.<br>Le trafic est interrompu entre Paris Gare du Nord et Persan - Beaumont via Valmondois.<br>En conséquence, un service de bus de remplacement est mis en place, avec desserte des gares intermédiaires.<br><a href=""https://www.transilien.com/sites/transilien/files/sentinelle-20220701-hparisermontpersanviavalmondois-jusquau16decembre.pdf"" target="""">Pour plus d'informations sur les horaires du lundi 27 juin au vendredi 16 décembre sauf week-ends et jours fériés, cliquez ici pour télécharger l'affiche PDF.</a><br><a href=""https://www.transilien.com/sites/transilien/files/sentinelle-20220418-h-ermontvalmondoispersan-18avril26maiet6juin.pdf"" target="""">Pour plus d'informations sur les horaires des jours fériés, cliquez ici pour télécharger l'affiche PDF.</a><br>Attention à partir du lundi 11 avril 2022 : les arrêts bus de la gare de Vaucelles et Saint-Leu la Forêt sont déplacés, pour connaître les nouveaux emplacements cliquez ici :<br>- <a href=""https://www.transilien.com/sites/transilien/files/sentinelle-20220409-h-pointdarretbus-vaucelles.pdf"" target="""">Gare de Vaucelles</a><br>- <a href=""https://www.transilien.com/sites/transilien/files/sentinelle-20220409-h-pointdarretbus-stleulaforet.pdf"" target="""">Gare de Saint-Leu la Forêt</a><br>Les horaires du calculateur d'itinéraire tiennent compte de ces travaux.﻿<br>Motif : travaux.</p>";20220701T184503;Transilien Train Transilien H;27d5550e-f95d-11ec-8609-005056a47b86;travaux
active;Incidents;30;perturbée;SIGNIFICANT_DELAYS;20220707T223000;20220708T033000;27d5550e-f95d-11ec-8609-005056a47b86;" / Ligne H : Paris-Persan via Valmondois 27/06-16/12 / <p>Période : à partir de 22h30<br>Dates : du lundi 27 juin jusqu'au vendredi 16 décembre sauf les week-ends et jours fériés.<br>Le trafic est interrompu entre Paris Gare du Nord et Persan - Beaumont via Valmondois.<br>En conséquence, un service de bus de remplacement est mis en place, avec desserte des gares intermédiaires.<br><a href=""https://www.transilien.com/sites/transilien/files/sentinelle-20220701-hparisermontpersanviavalmondois-jusquau16decembre.pdf"" target="""">Pour plus d'informations sur les horaires du lundi 27 juin au vendredi 16 décembre sauf week-ends et jours fériés, cliquez ici pour télécharger l'affiche PDF.</a><br><a href=""https://www.transilien.com/sites/transilien/files/sentinelle-20220418-h-ermontvalmondoispersan-18avril26maiet6juin.pdf"" target="""">Pour plus d'informations sur les horaires des jours fériés, cliquez ici pour télécharger l'affiche PDF.</a><br>Attention à partir du lundi 11 avril 2022 : les arrêts bus de la gare de Vaucelles et Saint-Leu la Forêt sont déplacés, pour connaître les nouveaux emplacements cliquez ici :<br>- <a href=""https://www.transilien.com/sites/transilien/files/sentinelle-20220409-h-pointdarretbus-vaucelles.pdf"" target="""">Gare de Vaucelles</a><br>- <a href=""https://www.transilien.com/sites/transilien/files/sentinelle-20220409-h-pointdarretbus-stleulaforet.pdf"" target="""">Gare de Saint-Leu la Forêt</a><br>Les horaires du calculateur d'itinéraire tiennent compte de ces travaux.﻿<br>Motif : travaux.</p>";20220701T184503;Transilien Train Transilien H;27d5550e-f95d-11ec-8609-005056a47b86;travaux
active;Incidents;30;perturbée;SIGNIFICANT_DELAYS;20220706T223000;20220707T033000;27d5550e-f95d-11ec-8609-005056a47b86;" / Ligne H : Paris-Persan via Valmondois 27/06-16/12 / <p>Période : à partir de 22h30<br>Dates : du lundi 27 juin jusqu'au vendredi 16 décembre sauf les week-ends et jours fériés.<br>Le trafic est interrompu entre Paris Gare du Nord et Persan - Beaumont via Valmondois.<br>En conséquence, un service de bus de remplacement est mis en place, avec desserte des gares intermédiaires.<br><a href=""https://www.transilien.com/sites/transilien/files/sentinelle-20220701-hparisermontpersanviavalmondois-jusquau16decembre.pdf"" target="""">Pour plus d'informations sur les horaires du lundi 27 juin au vendredi 16 décembre sauf week-ends et jours fériés, cliquez ici pour télécharger l'affiche PDF.</a><br><a href=""https://www.transilien.com/sites/transilien/files/sentinelle-20220418-h-ermontvalmondoispersan-18avril26maiet6juin.pdf"" target="""">Pour plus d'informations sur les horaires des jours fériés, cliquez ici pour télécharger l'affiche PDF.</a><br>Attention à partir du lundi 11 avril 2022 : les arrêts bus de la gare de Vaucelles et Saint-Leu la Forêt sont déplacés, pour connaître les nouveaux emplacements cliquez ici :<br>- <a href=""https://www.transilien.com/sites/transilien/files/sentinelle-20220409-h-pointdarretbus-vaucelles.pdf"" target="""">Gare de Vaucelles</a><br>- <a href=""https://www.transilien.com/sites/transilien/files/sentinelle-20220409-h-pointdarretbus-stleulaforet.pdf"" target="""">Gare de Saint-Leu la Forêt</a><br>Les horaires du calculateur d'itinéraire tiennent compte de ces travaux.﻿<br>Motif : travaux.</p>";20220701T184503;Transilien Train Transilien H;27d5550e-f95d-11ec-8609-005056a47b86;travaux
active;Incidents;30;perturbée;SIGNIFICANT_DELAYS;20220705T223000;20220706T033000;27d5550e-f95d-11ec-8609-005056a47b86;" / Ligne H : Paris-Persan via Valmondois 27/06-16/12 / <p>Période : à partir de 22h30<br>Dates : du lundi 27 juin jusqu'au vendredi 16 décembre sauf les week-ends et jours fériés.<br>Le trafic est interrompu entre Paris Gare du Nord et Persan - Beaumont via Valmondois.<br>En conséquence, un service de bus de remplacement est mis en place, avec desserte des gares intermédiaires.<br><a href=""https://www.transilien.com/sites/transilien/files/sentinelle-20220701-hparisermontpersanviavalmondois-jusquau16decembre.pdf"" target="""">Pour plus d'informations sur les horaires du lundi 27 juin au vendredi 16 décembre sauf week-ends et jours fériés, cliquez ici pour télécharger l'affiche PDF.</a><br><a href=""https://www.transilien.com/sites/transilien/files/sentinelle-20220418-h-ermontvalmondoispersan-18avril26maiet6juin.pdf"" target="""">Pour plus d'informations sur les horaires des jours fériés, cliquez ici pour télécharger l'affiche PDF.</a><br>Attention à partir du lundi 11 avril 2022 : les arrêts bus de la gare de Vaucelles et Saint-Leu la Forêt sont déplacés, pour connaître les nouveaux emplacements cliquez ici :<br>- <a href=""https://www.transilien.com/sites/transilien/files/sentinelle-20220409-h-pointdarretbus-vaucelles.pdf"" target="""">Gare de Vaucelles</a><br>- <a href=""https://www.transilien.com/sites/transilien/files/sentinelle-20220409-h-pointdarretbus-stleulaforet.pdf"" target="""">Gare de Saint-Leu la Forêt</a><br>Les horaires du calculateur d'itinéraire tiennent compte de ces travaux.﻿<br>Motif : travaux.</p>";20220701T184503;Transilien Train Transilien H;27d5550e-f95d-11ec-8609-005056a47b86;travaux
active;Incidents;30;perturbée;SIGNIFICANT_DELAYS;20220704T223000;20220705T033000;27d5550e-f95d-11ec-8609-005056a47b86;" / Ligne H : Paris-Persan via Valmondois 27/06-16/12 / <p>Période : à partir de 22h30<br>Dates : du lundi 27 juin jusqu'au vendredi 16 décembre sauf les week-ends et jours fériés.<br>Le trafic est interrompu entre Paris Gare du Nord et Persan - Beaumont via Valmondois.<br>En conséquence, un service de bus de remplacement est mis en place, avec desserte des gares intermédiaires.<br><a href=""https://www.transilien.com/sites/transilien/files/sentinelle-20220701-hparisermontpersanviavalmondois-jusquau16decembre.pdf"" target="""">Pour plus d'informations sur les horaires du lundi 27 juin au vendredi 16 décembre sauf week-ends et jours fériés, cliquez ici pour télécharger l'affiche PDF.</a><br><a href=""https://www.transilien.com/sites/transilien/files/sentinelle-20220418-h-ermontvalmondoispersan-18avril26maiet6juin.pdf"" target="""">Pour plus d'informations sur les horaires des jours fériés, cliquez ici pour télécharger l'affiche PDF.</a><br>Attention à partir du lundi 11 avril 2022 : les arrêts bus de la gare de Vaucelles et Saint-Leu la Forêt sont déplacés, pour connaître les nouveaux emplacements cliquez ici :<br>- <a href=""https://www.transilien.com/sites/transilien/files/sentinelle-20220409-h-pointdarretbus-vaucelles.pdf"" target="""">Gare de Vaucelles</a><br>- <a href=""https://www.transilien.com/sites/transilien/files/sentinelle-20220409-h-pointdarretbus-stleulaforet.pdf"" target="""">Gare de Saint-Leu la Forêt</a><br>Les horaires du calculateur d'itinéraire tiennent compte de ces travaux.﻿<br>Motif : travaux.</p>";20220701T184503;Transilien Train Transilien H;27d5550e-f95d-11ec-8609-005056a47b86;travaux
active;Incidents;30;perturbée;SIGNIFICANT_DELAYS;20220701T223000;20220702T033000;27d5550e-f95d-11ec-8609-005056a47b86;" / Ligne H : Paris-Persan via Valmondois 27/06-16/12 / <p>Période : à partir de 22h30<br>Dates : du lundi 27 juin jusqu'au vendredi 16 décembre sauf les week-ends et jours fériés.<br>Le trafic est interrompu entre Paris Gare du Nord et Persan - Beaumont via Valmondois.<br>En conséquence, un service de bus de remplacement est mis en place, avec desserte des gares intermédiaires.<br><a href=""https://www.transilien.com/sites/transilien/files/sentinelle-20220701-hparisermontpersanviavalmondois-jusquau16decembre.pdf"" target="""">Pour plus d'informations sur les horaires du lundi 27 juin au vendredi 16 décembre sauf week-ends et jours fériés, cliquez ici pour télécharger l'affiche PDF.</a><br><a href=""https://www.transilien.com/sites/transilien/files/sentinelle-20220418-h-ermontvalmondoispersan-18avril26maiet6juin.pdf"" target="""">Pour plus d'informations sur les horaires des jours fériés, cliquez ici pour télécharger l'affiche PDF.</a><br>Attention à partir du lundi 11 avril 2022 : les arrêts bus de la gare de Vaucelles et Saint-Leu la Forêt sont déplacés, pour connaître les nouveaux emplacements cliquez ici :<br>- <a href=""https://www.transilien.com/sites/transilien/files/sentinelle-20220409-h-pointdarretbus-vaucelles.pdf"" target="""">Gare de Vaucelles</a><br>- <a href=""https://www.transilien.com/sites/transilien/files/sentinelle-20220409-h-pointdarretbus-stleulaforet.pdf"" target="""">Gare de Saint-Leu la Forêt</a><br>Les horaires du calculateur d'itinéraire tiennent compte de ces travaux.﻿<br>Motif : travaux.</p>";20220701T184503;Transilien Train Transilien H;27d5550e-f95d-11ec-8609-005056a47b86;travaux
future;Incidents;30;perturbée;SIGNIFICANT_DELAYS;20220807T030000;20220807T235000;d60b7dcc-f964-11ec-a73d-005056a44da2;" / Ligne H: Pontoise/Creil-Montsoult/Persan 23/7-4/9 / <p>Période : toute la journée<br>Dates : tous les samedis et dimanches du 23 juillet au 04 septembre<br>Le trafic est interrompu entre Montsoult - Maffliers et Persan - Beaumont et entre Pontoise et Creil via Valmondois.<br>En conséquence, un service de bus de remplacement est mis en place, avec desserte des gares intermédiaires.<br><a href=""https://www.transilien.com/sites/transilien/files/20220723-h-pontoisecreil-persanmontsoult-23juilletau4septembre.pdf"" target=""""><br>Pour plus d'informations, cliquez ici pour télécharger l'affiche PDF.</a><br>Les horaires du calculateur d'itinéraire  tiennent compte des travaux.<br>Motif : travaux.</p>";20220701T194002;Transilien Train Transilien H;d60b7dcc-f964-11ec-a73d-005056a44da2;travaux
future;Incidents;30;perturbée;SIGNIFICANT_DELAYS;20220731T030000;20220731T235000;d60b7dcc-f964-11ec-a73d-005056a44da2;" / Ligne H: Pontoise/Creil-Montsoult/Persan 23/7-4/9 / <p>Période : toute la journée<br>Dates : tous les samedis et dimanches du 23 juillet au 04 septembre<br>Le trafic est interrompu entre Montsoult - Maffliers et Persan - Beaumont et entre Pontoise et Creil via Valmondois.<br>En conséquence, un service de bus de remplacement est mis en place, avec desserte des gares intermédiaires.<br><a href=""https://www.transilien.com/sites/transilien/files/20220723-h-pontoisecreil-persanmontsoult-23juilletau4septembre.pdf"" target=""""><br>Pour plus d'informations, cliquez ici pour télécharger l'affiche PDF.</a><br>Les horaires du calculateur d'itinéraire  tiennent compte des travaux.<br>Motif : travaux.</p>";20220701T194002;Transilien Train Transilien H;d60b7dcc-f964-11ec-a73d-005056a44da2;travaux
future;Incidents;30;perturbée;SIGNIFICANT_DELAYS;20220828T030000;20220828T235000;d60b7dcc-f964-11ec-a73d-005056a44da2;" / Ligne H: Pontoise/Creil-Montsoult/Persan 23/7-4/9 / <p>Période : toute la journée<br>Dates : tous les samedis et dimanches du 23 juillet au 04 septembre<br>Le trafic est interrompu entre Montsoult - Maffliers et Persan - Beaumont et entre Pontoise et Creil via Valmondois.<br>En conséquence, un service de bus de remplacement est mis en place, avec desserte des gares intermédiaires.<br><a href=""https://www.transilien.com/sites/transilien/files/20220723-h-pontoisecreil-persanmontsoult-23juilletau4septembre.pdf"" target=""""><br>Pour plus d'informations, cliquez ici pour télécharger l'affiche PDF.</a><br>Les horaires du calculateur d'itinéraire  tiennent compte des travaux.<br>Motif : travaux.</p>";20220701T194002;Transilien Train Transilien H;d60b7dcc-f964-11ec-a73d-005056a44da2;travaux
future;Incidents;30;perturbée;SIGNIFICANT_DELAYS;20220814T030000;20220814T235000;d60b7dcc-f964-11ec-a73d-005056a44da2;" / Ligne H: Pontoise/Creil-Montsoult/Persan 23/7-4/9 / <p>Période : toute la journée<br>Dates : tous les samedis et dimanches du 23 juillet au 04 septembre<br>Le trafic est interrompu entre Montsoult - Maffliers et Persan - Beaumont et entre Pontoise et Creil via Valmondois.<br>En conséquence, un service de bus de remplacement est mis en place, avec desserte des gares intermédiaires.<br><a href=""https://www.transilien.com/sites/transilien/files/20220723-h-pontoisecreil-persanmontsoult-23juilletau4septembre.pdf"" target=""""><br>Pour plus d'informations, cliquez ici pour télécharger l'affiche PDF.</a><br>Les horaires du calculateur d'itinéraire  tiennent compte des travaux.<br>Motif : travaux.</p>";20220701T194002;Transilien Train Transilien H;d60b7dcc-f964-11ec-a73d-005056a44da2;travaux
future;Incidents;30;perturbée;SIGNIFICANT_DELAYS;20220904T030000;20220904T235000;d60b7dcc-f964-11ec-a73d-005056a44da2;" / Ligne H: Pontoise/Creil-Montsoult/Persan 23/7-4/9 / <p>Période : toute la journée<br>Dates : tous les samedis et dimanches du 23 juillet au 04 septembre<br>Le trafic est interrompu entre Montsoult - Maffliers et Persan - Beaumont et entre Pontoise et Creil via Valmondois.<br>En conséquence, un service de bus de remplacement est mis en place, avec desserte des gares intermédiaires.<br><a href=""https://www.transilien.com/sites/transilien/files/20220723-h-pontoisecreil-persanmontsoult-23juilletau4septembre.pdf"" target=""""><br>Pour plus d'informations, cliquez ici pour télécharger l'affiche PDF.</a><br>Les horaires du calculateur d'itinéraire  tiennent compte des travaux.<br>Motif : travaux.</p>";20220701T194002;Transilien Train Transilien H;d60b7dcc-f964-11ec-a73d-005056a44da2;travaux
future;Incidents;30;perturbée;SIGNIFICANT_DELAYS;20220724T030000;20220724T235000;d60b7dcc-f964-11ec-a73d-005056a44da2;" / Ligne H: Pontoise/Creil-Montsoult/Persan 23/7-4/9 / <p>Période : toute la journée<br>Dates : tous les samedis et dimanches du 23 juillet au 04 septembre<br>Le trafic est interrompu entre Montsoult - Maffliers et Persan - Beaumont et entre Pontoise et Creil via Valmondois.<br>En conséquence, un service de bus de remplacement est mis en place, avec desserte des gares intermédiaires.<br><a href=""https://www.transilien.com/sites/transilien/files/20220723-h-pontoisecreil-persanmontsoult-23juilletau4septembre.pdf"" target=""""><br>Pour plus d'informations, cliquez ici pour télécharger l'affiche PDF.</a><br>Les horaires du calculateur d'itinéraire  tiennent compte des travaux.<br>Motif : travaux.</p>";20220701T194002;Transilien Train Transilien H;d60b7dcc-f964-11ec-a73d-005056a44da2;travaux
future;Incidents;30;perturbée;SIGNIFICANT_DELAYS;20220903T030000;20220903T235000;d60b7dcc-f964-11ec-a73d-005056a44da2;" / Ligne H: Pontoise/Creil-Montsoult/Persan 23/7-4/9 / <p>Période : toute la journée<br>Dates : tous les samedis et dimanches du 23 juillet au 04 septembre<br>Le trafic est interrompu entre Montsoult - Maffliers et Persan - Beaumont et entre Pontoise et Creil via Valmondois.<br>En conséquence, un service de bus de remplacement est mis en place, avec desserte des gares intermédiaires.<br><a href=""https://www.transilien.com/sites/transilien/files/20220723-h-pontoisecreil-persanmontsoult-23juilletau4septembre.pdf"" target=""""><br>Pour plus d'informations, cliquez ici pour télécharger l'affiche PDF.</a><br>Les horaires du calculateur d'itinéraire  tiennent compte des travaux.<br>Motif : travaux.</p>";20220701T194002;Transilien Train Transilien H;d60b7dcc-f964-11ec-a73d-005056a44da2;travaux
future;Incidents;30;perturbée;SIGNIFICANT_DELAYS;20220806T030000;20220806T235000;d60b7dcc-f964-11ec-a73d-005056a44da2;" / Ligne H: Pontoise/Creil-Montsoult/Persan 23/7-4/9 / <p>Période : toute la journée<br>Dates : tous les samedis et dimanches du 23 juillet au 04 septembre<br>Le trafic est interrompu entre Montsoult - Maffliers et Persan - Beaumont et entre Pontoise et Creil via Valmondois.<br>En conséquence, un service de bus de remplacement est mis en place, avec desserte des gares intermédiaires.<br><a href=""https://www.transilien.com/sites/transilien/files/20220723-h-pontoisecreil-persanmontsoult-23juilletau4septembre.pdf"" target=""""><br>Pour plus d'informations, cliquez ici pour télécharger l'affiche PDF.</a><br>Les horaires du calculateur d'itinéraire  tiennent compte des travaux.<br>Motif : travaux.</p>";20220701T194002;Transilien Train Transilien H;d60b7dcc-f964-11ec-a73d-005056a44da2;travaux
future;Incidents;30;perturbée;SIGNIFICANT_DELAYS;20220813T030000;20220813T235000;d60b7dcc-f964-11ec-a73d-005056a44da2;" / Ligne H: Pontoise/Creil-Montsoult/Persan 23/7-4/9 / <p>Période : toute la journée<br>Dates : tous les samedis et dimanches du 23 juillet au 04 septembre<br>Le trafic est interrompu entre Montsoult - Maffliers et Persan - Beaumont et entre Pontoise et Creil via Valmondois.<br>En conséquence, un service de bus de remplacement est mis en place, avec desserte des gares intermédiaires.<br><a href=""https://www.transilien.com/sites/transilien/files/20220723-h-pontoisecreil-persanmontsoult-23juilletau4septembre.pdf"" target=""""><br>Pour plus d'informations, cliquez ici pour télécharger l'affiche PDF.</a><br>Les horaires du calculateur d'itinéraire  tiennent compte des travaux.<br>Motif : travaux.</p>";20220701T194002;Transilien Train Transilien H;d60b7dcc-f964-11ec-a73d-005056a44da2;travaux
future;Incidents;30;perturbée;SIGNIFICANT_DELAYS;20220820T030000;20220820T235000;d60b7dcc-f964-11ec-a73d-005056a44da2;" / Ligne H: Pontoise/Creil-Montsoult/Persan 23/7-4/9 / <p>Période : toute la journée<br>Dates : tous les samedis et dimanches du 23 juillet au 04 septembre<br>Le trafic est interrompu entre Montsoult - Maffliers et Persan - Beaumont et entre Pontoise et Creil via Valmondois.<br>En conséquence, un service de bus de remplacement est mis en place, avec desserte des gares intermédiaires.<br><a href=""https://www.transilien.com/sites/transilien/files/20220723-h-pontoisecreil-persanmontsoult-23juilletau4septembre.pdf"" target=""""><br>Pour plus d'informations, cliquez ici pour télécharger l'affiche PDF.</a><br>Les horaires du calculateur d'itinéraire  tiennent compte des travaux.<br>Motif : travaux.</p>";20220701T194002;Transilien Train Transilien H;d60b7dcc-f964-11ec-a73d-005056a44da2;travaux
future;Incidents;30;perturbée;SIGNIFICANT_DELAYS;20220821T030000;20220821T235000;d60b7dcc-f964-11ec-a73d-005056a44da2;" / Ligne H: Pontoise/Creil-Montsoult/Persan 23/7-4/9 / <p>Période : toute la journée<br>Dates : tous les samedis et dimanches du 23 juillet au 04 septembre<br>Le trafic est interrompu entre Montsoult - Maffliers et Persan - Beaumont et entre Pontoise et Creil via Valmondois.<br>En conséquence, un service de bus de remplacement est mis en place, avec desserte des gares intermédiaires.<br><a href=""https://www.transilien.com/sites/transilien/files/20220723-h-pontoisecreil-persanmontsoult-23juilletau4septembre.pdf"" target=""""><br>Pour plus d'informations, cliquez ici pour télécharger l'affiche PDF.</a><br>Les horaires du calculateur d'itinéraire  tiennent compte des travaux.<br>Motif : travaux.</p>";20220701T194002;Transilien Train Transilien H;d60b7dcc-f964-11ec-a73d-005056a44da2;travaux
future;Incidents;30;perturbée;SIGNIFICANT_DELAYS;20220827T030000;20220827T235000;d60b7dcc-f964-11ec-a73d-005056a44da2;" / Ligne H: Pontoise/Creil-Montsoult/Persan 23/7-4/9 / <p>Période : toute la journée<br>Dates : tous les samedis et dimanches du 23 juillet au 04 septembre<br>Le trafic est interrompu entre Montsoult - Maffliers et Persan - Beaumont et entre Pontoise et Creil via Valmondois.<br>En conséquence, un service de bus de remplacement est mis en place, avec desserte des gares intermédiaires.<br><a href=""https://www.transilien.com/sites/transilien/files/20220723-h-pontoisecreil-persanmontsoult-23juilletau4septembre.pdf"" target=""""><br>Pour plus d'informations, cliquez ici pour télécharger l'affiche PDF.</a><br>Les horaires du calculateur d'itinéraire  tiennent compte des travaux.<br>Motif : travaux.</p>";20220701T194002;Transilien Train Transilien H;d60b7dcc-f964-11ec-a73d-005056a44da2;travaux
future;Incidents;30;perturbée;SIGNIFICANT_DELAYS;20220723T030000;20220723T235000;d60b7dcc-f964-11ec-a73d-005056a44da2;" / Ligne H: Pontoise/Creil-Montsoult/Persan 23/7-4/9 / <p>Période : toute la journée<br>Dates : tous les samedis et dimanches du 23 juillet au 04 septembre<br>Le trafic est interrompu entre Montsoult - Maffliers et Persan - Beaumont et entre Pontoise et Creil via Valmondois.<br>En conséquence, un service de bus de remplacement est mis en place, avec desserte des gares intermédiaires.<br><a href=""https://www.transilien.com/sites/transilien/files/20220723-h-pontoisecreil-persanmontsoult-23juilletau4septembre.pdf"" target=""""><br>Pour plus d'informations, cliquez ici pour télécharger l'affiche PDF.</a><br>Les horaires du calculateur d'itinéraire  tiennent compte des travaux.<br>Motif : travaux.</p>";20220701T194002;Transilien Train Transilien H;d60b7dcc-f964-11ec-a73d-005056a44da2;travaux
future;Incidents;30;perturbée;SIGNIFICANT_DELAYS;20220730T030000;20220730T235000;d60b7dcc-f964-11ec-a73d-005056a44da2;" / Ligne H: Pontoise/Creil-Montsoult/Persan 23/7-4/9 / <p>Période : toute la journée<br>Dates : tous les samedis et dimanches du 23 juillet au 04 septembre<br>Le trafic est interrompu entre Montsoult - Maffliers et Persan - Beaumont et entre Pontoise et Creil via Valmondois.<br>En conséquence, un service de bus de remplacement est mis en place, avec desserte des gares intermédiaires.<br><a href=""https://www.transilien.com/sites/transilien/files/20220723-h-pontoisecreil-persanmontsoult-23juilletau4septembre.pdf"" target=""""><br>Pour plus d'informations, cliquez ici pour télécharger l'affiche PDF.</a><br>Les horaires du calculateur d'itinéraire  tiennent compte des travaux.<br>Motif : travaux.</p>";20220701T194002;Transilien Train Transilien H;d60b7dcc-f964-11ec-a73d-005056a44da2;travaux
future;Incidents;30;perturbée;SIGNIFICANT_DELAYS;20220826T215000;20220827T023000;61e2bea4-fa3d-11ec-ad08-005056a44da2;" / Ligne N : Paris - Dreux du 1er au 26 août / <p>Période : soirées à partir de 21H50.<br>Dates : du lundi 1er août au vendredi 26 août sauf le lundi 15 août et les samedis et dimanches.<br>Le trafic est interrompu entre Paris Montparnasse et Dreux.<br>Un service de bus de remplacement est mis en place, avec desserte des gares intermédiaires.<br><a href=""https://www.transilien.com/sites/transilien/files/sentinelle-20220801-n-parisdreux-du1erau26aout.pdf"" target="""">Pour plus d'informations sur les bus de remplacement du lundi 1er août au vendredi 26 août (sauf lundi 15 août), cliquez ici pour télécharger l'affiche PDF.</a>​<br>Les horaires du calculateur d'itinéraire tiennent compte des travaux.<br>Motif : travaux.</p>";20220702T213008;Transilien Train Transilien N;61e2bea4-fa3d-11ec-ad08-005056a44da2;travaux
future;Incidents;30;perturbée;SIGNIFICANT_DELAYS;20220825T215000;20220826T023000;61e2bea4-fa3d-11ec-ad08-005056a44da2;" / Ligne N : Paris - Dreux du 1er au 26 août / <p>Période : soirées à partir de 21H50.<br>Dates : du lundi 1er août au vendredi 26 août sauf le lundi 15 août et les samedis et dimanches.<br>Le trafic est interrompu entre Paris Montparnasse et Dreux.<br>Un service de bus de remplacement est mis en place, avec desserte des gares intermédiaires.<br><a href=""https://www.transilien.com/sites/transilien/files/sentinelle-20220801-n-parisdreux-du1erau26aout.pdf"" target="""">Pour plus d'informations sur les bus de remplacement du lundi 1er août au vendredi 26 août (sauf lundi 15 août), cliquez ici pour télécharger l'affiche PDF.</a>​<br>Les horaires du calculateur d'itinéraire tiennent compte des travaux.<br>Motif : travaux.</p>";20220702T213008;Transilien Train Transilien N;61e2bea4-fa3d-11ec-ad08-005056a44da2;travaux
future;Incidents;30;perturbée;SIGNIFICANT_DELAYS;20220824T215000;20220825T023000;61e2bea4-fa3d-11ec-ad08-005056a44da2;" / Ligne N : Paris - Dreux du 1er au 26 août / <p>Période : soirées à partir de 21H50.<br>Dates : du lundi 1er août au vendredi 26 août sauf le lundi 15 août et les samedis et dimanches.<br>Le trafic est interrompu entre Paris Montparnasse et Dreux.<br>Un service de bus de remplacement est mis en place, avec desserte des gares intermédiaires.<br><a href=""https://www.transilien.com/sites/transilien/files/sentinelle-20220801-n-parisdreux-du1erau26aout.pdf"" target="""">Pour plus d'informations sur les bus de remplacement du lundi 1er août au vendredi 26 août (sauf lundi 15 août), cliquez ici pour télécharger l'affiche PDF.</a>​<br>Les horaires du calculateur d'itinéraire tiennent compte des travaux.<br>Motif : travaux.</p>";20220702T213008;Transilien Train Transilien N;61e2bea4-fa3d-11ec-ad08-005056a44da2;travaux
future;Incidents;30;perturbée;SIGNIFICANT_DELAYS;20220823T215000;20220824T023000;61e2bea4-fa3d-11ec-ad08-005056a44da2;" / Ligne N : Paris - Dreux du 1er au 26 août / <p>Période : soirées à partir de 21H50.<br>Dates : du lundi 1er août au vendredi 26 août sauf le lundi 15 août et les samedis et dimanches.<br>Le trafic est interrompu entre Paris Montparnasse et Dreux.<br>Un service de bus de remplacement est mis en place, avec desserte des gares intermédiaires.<br><a href=""https://www.transilien.com/sites/transilien/files/sentinelle-20220801-n-parisdreux-du1erau26aout.pdf"" target="""">Pour plus d'informations sur les bus de remplacement du lundi 1er août au vendredi 26 août (sauf lundi 15 août), cliquez ici pour télécharger l'affiche PDF.</a>​<br>Les horaires du calculateur d'itinéraire tiennent compte des travaux.<br>Motif : travaux.</p>";20220702T213008;Transilien Train Transilien N;61e2bea4-fa3d-11ec-ad08-005056a44da2;travaux
future;Incidents;30;perturbée;SIGNIFICANT_DELAYS;20220819T215000;20220820T023000;61e2bea4-fa3d-11ec-ad08-005056a44da2;" / Ligne N : Paris - Dreux du 1er au 26 août / <p>Période : soirées à partir de 21H50.<br>Dates : du lundi 1er août au vendredi 26 août sauf le lundi 15 août et les samedis et dimanches.<br>Le trafic est interrompu entre Paris Montparnasse et Dreux.<br>Un service de bus de remplacement est mis en place, avec desserte des gares intermédiaires.<br><a href=""https://www.transilien.com/sites/transilien/files/sentinelle-20220801-n-parisdreux-du1erau26aout.pdf"" target="""">Pour plus d'informations sur les bus de remplacement du lundi 1er août au vendredi 26 août (sauf lundi 15 août), cliquez ici pour télécharger l'affiche PDF.</a>​<br>Les horaires du calculateur d'itinéraire tiennent compte des travaux.<br>Motif : travaux.</p>";20220702T213008;Transilien Train Transilien N;61e2bea4-fa3d-11ec-ad08-005056a44da2;travaux
future;Incidents;30;perturbée;SIGNIFICANT_DELAYS;20220818T215000;20220819T023000;61e2bea4-fa3d-11ec-ad08-005056a44da2;" / Ligne N : Paris - Dreux du 1er au 26 août / <p>Période : soirées à partir de 21H50.<br>Dates : du lundi 1er août au vendredi 26 août sauf le lundi 15 août et les samedis et dimanches.<br>Le trafic est interrompu entre Paris Montparnasse et Dreux.<br>Un service de bus de remplacement est mis en place, avec desserte des gares intermédiaires.<br><a href=""https://www.transilien.com/sites/transilien/files/sentinelle-20220801-n-parisdreux-du1erau26aout.pdf"" target="""">Pour plus d'informations sur les bus de remplacement du lundi 1er août au vendredi 26 août (sauf lundi 15 août), cliquez ici pour télécharger l'affiche PDF.</a>​<br>Les horaires du calculateur d'itinéraire tiennent compte des travaux.<br>Motif : travaux.</p>";20220702T213008;Transilien Train Transilien N;61e2bea4-fa3d-11ec-ad08-005056a44da2;travaux
future;Incidents;30;perturbée;SIGNIFICANT_DELAYS;20220817T215000;20220818T023000;61e2bea4-fa3d-11ec-ad08-005056a44da2;" / Ligne N : Paris - Dreux du 1er au 26 août / <p>Période : soirées à partir de 21H50.<br>Dates : du lundi 1er août au vendredi 26 août sauf le lundi 15 août et les samedis et dimanches.<br>Le trafic est interrompu entre Paris Montparnasse et Dreux.<br>Un service de bus de remplacement est mis en place, avec desserte des gares intermédiaires.<br><a href=""https://www.transilien.com/sites/transilien/files/sentinelle-20220801-n-parisdreux-du1erau26aout.pdf"" target="""">Pour plus d'informations sur les bus de remplacement du lundi 1er août au vendredi 26 août (sauf lundi 15 août), cliquez ici pour télécharger l'affiche PDF.</a>​<br>Les horaires du calculateur d'itinéraire tiennent compte des travaux.<br>Motif : travaux.</p>";20220702T213008;Transilien Train Transilien N;61e2bea4-fa3d-11ec-ad08-005056a44da2;travaux
future;Incidents;30;perturbée;SIGNIFICANT_DELAYS;20220812T215000;20220813T023000;61e2bea4-fa3d-11ec-ad08-005056a44da2;" / Ligne N : Paris - Dreux du 1er au 26 août / <p>Période : soirées à partir de 21H50.<br>Dates : du lundi 1er août au vendredi 26 août sauf le lundi 15 août et les samedis et dimanches.<br>Le trafic est interrompu entre Paris Montparnasse et Dreux.<br>Un service de bus de remplacement est mis en place, avec desserte des gares intermédiaires.<br><a href=""https://www.transilien.com/sites/transilien/files/sentinelle-20220801-n-parisdreux-du1erau26aout.pdf"" target="""">Pour plus d'informations sur les bus de remplacement du lundi 1er août au vendredi 26 août (sauf lundi 15 août), cliquez ici pour télécharger l'affiche PDF.</a>​<br>Les horaires du calculateur d'itinéraire tiennent compte des travaux.<br>Motif : travaux.</p>";20220702T213008;Transilien Train Transilien N;61e2bea4-fa3d-11ec-ad08-005056a44da2;travaux
future;Incidents;30;perturbée;SIGNIFICANT_DELAYS;20220811T215000;20220812T023000;61e2bea4-fa3d-11ec-ad08-005056a44da2;" / Ligne N : Paris - Dreux du 1er au 26 août / <p>Période : soirées à partir de 21H50.<br>Dates : du lundi 1er août au vendredi 26 août sauf le lundi 15 août et les samedis et dimanches.<br>Le trafic est interrompu entre Paris Montparnasse et Dreux.<br>Un service de bus de remplacement est mis en place, avec desserte des gares intermédiaires.<br><a href=""https://www.transilien.com/sites/transilien/files/sentinelle-20220801-n-parisdreux-du1erau26aout.pdf"" target="""">Pour plus d'informations sur les bus de remplacement du lundi 1er août au vendredi 26 août (sauf lundi 15 août), cliquez ici pour télécharger l'affiche PDF.</a>​<br>Les horaires du calculateur d'itinéraire tiennent compte des travaux.<br>Motif : travaux.</p>";20220702T213008;Transilien Train Transilien N;61e2bea4-fa3d-11ec-ad08-005056a44da2;travaux
future;Incidents;30;perturbée;SIGNIFICANT_DELAYS;20220810T215000;20220811T023000;61e2bea4-fa3d-11ec-ad08-005056a44da2;" / Ligne N : Paris - Dreux du 1er au 26 août / <p>Période : soirées à partir de 21H50.<br>Dates : du lundi 1er août au vendredi 26 août sauf le lundi 15 août et les samedis et dimanches.<br>Le trafic est interrompu entre Paris Montparnasse et Dreux.<br>Un service de bus de remplacement est mis en place, avec desserte des gares intermédiaires.<br><a href=""https://www.transilien.com/sites/transilien/files/sentinelle-20220801-n-parisdreux-du1erau26aout.pdf"" target="""">Pour plus d'informations sur les bus de remplacement du lundi 1er août au vendredi 26 août (sauf lundi 15 août), cliquez ici pour télécharger l'affiche PDF.</a>​<br>Les horaires du calculateur d'itinéraire tiennent compte des travaux.<br>Motif : travaux.</p>";20220702T213008;Transilien Train Transilien N;61e2bea4-fa3d-11ec-ad08-005056a44da2;travaux
future;Incidents;30;perturbée;SIGNIFICANT_DELAYS;20220808T215000;20220809T023000;61e2bea4-fa3d-11ec-ad08-005056a44da2;" / Ligne N : Paris - Dreux du 1er au 26 août / <p>Période : soirées à partir de 21H50.<br>Dates : du lundi 1er août au vendredi 26 août sauf le lundi 15 août et les samedis et dimanches.<br>Le trafic est interrompu entre Paris Montparnasse et Dreux.<br>Un service de bus de remplacement est mis en place, avec desserte des gares intermédiaires.<br><a href=""https://www.transilien.com/sites/transilien/files/sentinelle-20220801-n-parisdreux-du1erau26aout.pdf"" target="""">Pour plus d'informations sur les bus de remplacement du lundi 1er août au vendredi 26 août (sauf lundi 15 août), cliquez ici pour télécharger l'affiche PDF.</a>​<br>Les horaires du calculateur d'itinéraire tiennent compte des travaux.<br>Motif : travaux.</p>";20220702T213008;Transilien Train Transilien N;61e2bea4-fa3d-11ec-ad08-005056a44da2;travaux
future;Incidents;30;perturbée;SIGNIFICANT_DELAYS;20220805T215000;20220806T023000;61e2bea4-fa3d-11ec-ad08-005056a44da2;" / Ligne N : Paris - Dreux du 1er au 26 août / <p>Période : soirées à partir de 21H50.<br>Dates : du lundi 1er août au vendredi 26 août sauf le lundi 15 août et les samedis et dimanches.<br>Le trafic est interrompu entre Paris Montparnasse et Dreux.<br>Un service de bus de remplacement est mis en place, avec desserte des gares intermédiaires.<br><a href=""https://www.transilien.com/sites/transilien/files/sentinelle-20220801-n-parisdreux-du1erau26aout.pdf"" target="""">Pour plus d'informations sur les bus de remplacement du lundi 1er août au vendredi 26 août (sauf lundi 15 août), cliquez ici pour télécharger l'affiche PDF.</a>​<br>Les horaires du calculateur d'itinéraire tiennent compte des travaux.<br>Motif : travaux.</p>";20220702T213008;Transilien Train Transilien N;61e2bea4-fa3d-11ec-ad08-005056a44da2;travaux
future;Incidents;30;perturbée;SIGNIFICANT_DELAYS;20220804T215000;20220805T023000;61e2bea4-fa3d-11ec-ad08-005056a44da2;" / Ligne N : Paris - Dreux du 1er au 26 août / <p>Période : soirées à partir de 21H50.<br>Dates : du lundi 1er août au vendredi 26 août sauf le lundi 15 août et les samedis et dimanches.<br>Le trafic est interrompu entre Paris Montparnasse et Dreux.<br>Un service de bus de remplacement est mis en place, avec desserte des gares intermédiaires.<br><a href=""https://www.transilien.com/sites/transilien/files/sentinelle-20220801-n-parisdreux-du1erau26aout.pdf"" target="""">Pour plus d'informations sur les bus de remplacement du lundi 1er août au vendredi 26 août (sauf lundi 15 août), cliquez ici pour télécharger l'affiche PDF.</a>​<br>Les horaires du calculateur d'itinéraire tiennent compte des travaux.<br>Motif : travaux.</p>";20220702T213008;Transilien Train Transilien N;61e2bea4-fa3d-11ec-ad08-005056a44da2;travaux
future;Incidents;30;perturbée;SIGNIFICANT_DELAYS;20220802T215000;20220803T023000;61e2bea4-fa3d-11ec-ad08-005056a44da2;" / Ligne N : Paris - Dreux du 1er au 26 août / <p>Période : soirées à partir de 21H50.<br>Dates : du lundi 1er août au vendredi 26 août sauf le lundi 15 août et les samedis et dimanches.<br>Le trafic est interrompu entre Paris Montparnasse et Dreux.<br>Un service de bus de remplacement est mis en place, avec desserte des gares intermédiaires.<br><a href=""https://www.transilien.com/sites/transilien/files/sentinelle-20220801-n-parisdreux-du1erau26aout.pdf"" target="""">Pour plus d'informations sur les bus de remplacement du lundi 1er août au vendredi 26 août (sauf lundi 15 août), cliquez ici pour télécharger l'affiche PDF.</a>​<br>Les horaires du calculateur d'itinéraire tiennent compte des travaux.<br>Motif : travaux.</p>";20220702T213008;Transilien Train Transilien N;61e2bea4-fa3d-11ec-ad08-005056a44da2;travaux
future;Incidents;30;perturbée;SIGNIFICANT_DELAYS;20220801T215000;20220802T023000;61e2bea4-fa3d-11ec-ad08-005056a44da2;" / Ligne N : Paris - Dreux du 1er au 26 août / <p>Période : soirées à partir de 21H50.<br>Dates : du lundi 1er août au vendredi 26 août sauf le lundi 15 août et les samedis et dimanches.<br>Le trafic est interrompu entre Paris Montparnasse et Dreux.<br>Un service de bus de remplacement est mis en place, avec desserte des gares intermédiaires.<br><a href=""https://www.transilien.com/sites/transilien/files/sentinelle-20220801-n-parisdreux-du1erau26aout.pdf"" target="""">Pour plus d'informations sur les bus de remplacement du lundi 1er août au vendredi 26 août (sauf lundi 15 août), cliquez ici pour télécharger l'affiche PDF.</a>​<br>Les horaires du calculateur d'itinéraire tiennent compte des travaux.<br>Motif : travaux.</p>";20220702T213008;Transilien Train Transilien N;61e2bea4-fa3d-11ec-ad08-005056a44da2;travaux
future;Incidents;30;perturbée;SIGNIFICANT_DELAYS;20220803T215000;20220804T023000;61e2bea4-fa3d-11ec-ad08-005056a44da2;" / Ligne N : Paris - Dreux du 1er au 26 août / <p>Période : soirées à partir de 21H50.<br>Dates : du lundi 1er août au vendredi 26 août sauf le lundi 15 août et les samedis et dimanches.<br>Le trafic est interrompu entre Paris Montparnasse et Dreux.<br>Un service de bus de remplacement est mis en place, avec desserte des gares intermédiaires.<br><a href=""https://www.transilien.com/sites/transilien/files/sentinelle-20220801-n-parisdreux-du1erau26aout.pdf"" target="""">Pour plus d'informations sur les bus de remplacement du lundi 1er août au vendredi 26 août (sauf lundi 15 août), cliquez ici pour télécharger l'affiche PDF.</a>​<br>Les horaires du calculateur d'itinéraire tiennent compte des travaux.<br>Motif : travaux.</p>";20220702T213008;Transilien Train Transilien N;61e2bea4-fa3d-11ec-ad08-005056a44da2;travaux
future;Incidents;30;perturbée;SIGNIFICANT_DELAYS;20220809T215000;20220810T023000;61e2bea4-fa3d-11ec-ad08-005056a44da2;" / Ligne N : Paris - Dreux du 1er au 26 août / <p>Période : soirées à partir de 21H50.<br>Dates : du lundi 1er août au vendredi 26 août sauf le lundi 15 août et les samedis et dimanches.<br>Le trafic est interrompu entre Paris Montparnasse et Dreux.<br>Un service de bus de remplacement est mis en place, avec desserte des gares intermédiaires.<br><a href=""https://www.transilien.com/sites/transilien/files/sentinelle-20220801-n-parisdreux-du1erau26aout.pdf"" target="""">Pour plus d'informations sur les bus de remplacement du lundi 1er août au vendredi 26 août (sauf lundi 15 août), cliquez ici pour télécharger l'affiche PDF.</a>​<br>Les horaires du calculateur d'itinéraire tiennent compte des travaux.<br>Motif : travaux.</p>";20220702T213008;Transilien Train Transilien N;61e2bea4-fa3d-11ec-ad08-005056a44da2;travaux
future;Incidents;30;perturbée;SIGNIFICANT_DELAYS;20220816T215000;20220817T023000;61e2bea4-fa3d-11ec-ad08-005056a44da2;" / Ligne N : Paris - Dreux du 1er au 26 août / <p>Période : soirées à partir de 21H50.<br>Dates : du lundi 1er août au vendredi 26 août sauf le lundi 15 août et les samedis et dimanches.<br>Le trafic est interrompu entre Paris Montparnasse et Dreux.<br>Un service de bus de remplacement est mis en place, avec desserte des gares intermédiaires.<br><a href=""https://www.transilien.com/sites/transilien/files/sentinelle-20220801-n-parisdreux-du1erau26aout.pdf"" target="""">Pour plus d'informations sur les bus de remplacement du lundi 1er août au vendredi 26 août (sauf lundi 15 août), cliquez ici pour télécharger l'affiche PDF.</a>​<br>Les horaires du calculateur d'itinéraire tiennent compte des travaux.<br>Motif : travaux.</p>";20220702T213008;Transilien Train Transilien N;61e2bea4-fa3d-11ec-ad08-005056a44da2;travaux
future;Incidents;30;perturbée;SIGNIFICANT_DELAYS;20220822T215000;20220823T023000;61e2bea4-fa3d-11ec-ad08-005056a44da2;" / Ligne N : Paris - Dreux du 1er au 26 août / <p>Période : soirées à partir de 21H50.<br>Dates : du lundi 1er août au vendredi 26 août sauf le lundi 15 août et les samedis et dimanches.<br>Le trafic est interrompu entre Paris Montparnasse et Dreux.<br>Un service de bus de remplacement est mis en place, avec desserte des gares intermédiaires.<br><a href=""https://www.transilien.com/sites/transilien/files/sentinelle-20220801-n-parisdreux-du1erau26aout.pdf"" target="""">Pour plus d'informations sur les bus de remplacement du lundi 1er août au vendredi 26 août (sauf lundi 15 août), cliquez ici pour télécharger l'affiche PDF.</a>​<br>Les horaires du calculateur d'itinéraire tiennent compte des travaux.<br>Motif : travaux.</p>";20220702T213008;Transilien Train Transilien N;61e2bea4-fa3d-11ec-ad08-005056a44da2;travaux
future;Incidents;30;perturbée;SIGNIFICANT_DELAYS;20220809T001000;20220809T021000;61f7ec70-fa3d-11ec-b57a-005056a47b86;" / Ligne N : Paris-Plaisir Grignon du 1er au 26 août / <p>Période : soirées à partir de 00H11.<br>Dates : du lundi 1er août au vendredi 26 août sauf le lundi 15 août et les samedis et dimanches.<br>Le trafic est interrompu entre Paris Montparnasse et Plaisir - Grignon.<br>Un service de bus de remplacement est mis en place, avec desserte des gares intermédiaires.<br>​<a href=""https://www.transilien.com/sites/transilien/files/sentinelle-20220801-n-parisplaisirgrignon-du1erau26aout.pdf"" target="""">Pour plus d'informations sur les bus de remplacement du lundi 1er août au vendredi 26 août (sauf le lundi 15 août), cliquez ici pour télécharger l'affichage PDF.​</a><br>Les horaires du calculateur d'itinéraire tiennent compte des travaux.<br>Motif : travaux.</p>";20220702T213008;Transilien Train Transilien N;61f7ec70-fa3d-11ec-b57a-005056a47b86;travaux
future;Incidents;30;perturbée;SIGNIFICANT_DELAYS;20220803T001000;20220803T021000;61f7ec70-fa3d-11ec-b57a-005056a47b86;" / Ligne N : Paris-Plaisir Grignon du 1er au 26 août / <p>Période : soirées à partir de 00H11.<br>Dates : du lundi 1er août au vendredi 26 août sauf le lundi 15 août et les samedis et dimanches.<br>Le trafic est interrompu entre Paris Montparnasse et Plaisir - Grignon.<br>Un service de bus de remplacement est mis en place, avec desserte des gares intermédiaires.<br>​<a href=""https://www.transilien.com/sites/transilien/files/sentinelle-20220801-n-parisplaisirgrignon-du1erau26aout.pdf"" target="""">Pour plus d'informations sur les bus de remplacement du lundi 1er août au vendredi 26 août (sauf le lundi 15 août), cliquez ici pour télécharger l'affichage PDF.​</a><br>Les horaires du calculateur d'itinéraire tiennent compte des travaux.<br>Motif : travaux.</p>";20220702T213008;Transilien Train Transilien N;61f7ec70-fa3d-11ec-b57a-005056a47b86;travaux
future;Incidents;30;perturbée;SIGNIFICANT_DELAYS;20220816T001000;20220816T021000;61f7ec70-fa3d-11ec-b57a-005056a47b86;" / Ligne N : Paris-Plaisir Grignon du 1er au 26 août / <p>Période : soirées à partir de 00H11.<br>Dates : du lundi 1er août au vendredi 26 août sauf le lundi 15 août et les samedis et dimanches.<br>Le trafic est interrompu entre Paris Montparnasse et Plaisir - Grignon.<br>Un service de bus de remplacement est mis en place, avec desserte des gares intermédiaires.<br>​<a href=""https://www.transilien.com/sites/transilien/files/sentinelle-20220801-n-parisplaisirgrignon-du1erau26aout.pdf"" target="""">Pour plus d'informations sur les bus de remplacement du lundi 1er août au vendredi 26 août (sauf le lundi 15 août), cliquez ici pour télécharger l'affichage PDF.​</a><br>Les horaires du calculateur d'itinéraire tiennent compte des travaux.<br>Motif : travaux.</p>";20220702T213008;Transilien Train Transilien N;61f7ec70-fa3d-11ec-b57a-005056a47b86;travaux
future;Incidents;30;perturbée;SIGNIFICANT_DELAYS;20220819T001000;20220819T021000;61f7ec70-fa3d-11ec-b57a-005056a47b86;" / Ligne N : Paris-Plaisir Grignon du 1er au 26 août / <p>Période : soirées à partir de 00H11.<br>Dates : du lundi 1er août au vendredi 26 août sauf le lundi 15 août et les samedis et dimanches.<br>Le trafic est interrompu entre Paris Montparnasse et Plaisir - Grignon.<br>Un service de bus de remplacement est mis en place, avec desserte des gares intermédiaires.<br>​<a href=""https://www.transilien.com/sites/transilien/files/sentinelle-20220801-n-parisplaisirgrignon-du1erau26aout.pdf"" target="""">Pour plus d'informations sur les bus de remplacement du lundi 1er août au vendredi 26 août (sauf le lundi 15 août), cliquez ici pour télécharger l'affichage PDF.​</a><br>Les horaires du calculateur d'itinéraire tiennent compte des travaux.<br>Motif : travaux.</p>";20220702T213008;Transilien Train Transilien N;61f7ec70-fa3d-11ec-b57a-005056a47b86;travaux
future;Incidents;30;perturbée;SIGNIFICANT_DELAYS;20220825T001000;20220825T021000;61f7ec70-fa3d-11ec-b57a-005056a47b86;" / Ligne N : Paris-Plaisir Grignon du 1er au 26 août / <p>Période : soirées à partir de 00H11.<br>Dates : du lundi 1er août au vendredi 26 août sauf le lundi 15 août et les samedis et dimanches.<br>Le trafic est interrompu entre Paris Montparnasse et Plaisir - Grignon.<br>Un service de bus de remplacement est mis en place, avec desserte des gares intermédiaires.<br>​<a href=""https://www.transilien.com/sites/transilien/files/sentinelle-20220801-n-parisplaisirgrignon-du1erau26aout.pdf"" target="""">Pour plus d'informations sur les bus de remplacement du lundi 1er août au vendredi 26 août (sauf le lundi 15 août), cliquez ici pour télécharger l'affichage PDF.​</a><br>Les horaires du calculateur d'itinéraire tiennent compte des travaux.<br>Motif : travaux.</p>";20220702T213008;Transilien Train Transilien N;61f7ec70-fa3d-11ec-b57a-005056a47b86;travaux
future;Incidents;30;perturbée;SIGNIFICANT_DELAYS;20220823T001000;20220823T021000;61f7ec70-fa3d-11ec-b57a-005056a47b86;" / Ligne N : Paris-Plaisir Grignon du 1er au 26 août / <p>Période : soirées à partir de 00H11.<br>Dates : du lundi 1er août au vendredi 26 août sauf le lundi 15 août et les samedis et dimanches.<br>Le trafic est interrompu entre Paris Montparnasse et Plaisir - Grignon.<br>Un service de bus de remplacement est mis en place, avec desserte des gares intermédiaires.<br>​<a href=""https://www.transilien.com/sites/transilien/files/sentinelle-20220801-n-parisplaisirgrignon-du1erau26aout.pdf"" target="""">Pour plus d'informations sur les bus de remplacement du lundi 1er août au vendredi 26 août (sauf le lundi 15 août), cliquez ici pour télécharger l'affichage PDF.​</a><br>Les horaires du calculateur d'itinéraire tiennent compte des travaux.<br>Motif : travaux.</p>";20220702T213008;Transilien Train Transilien N;61f7ec70-fa3d-11ec-b57a-005056a47b86;travaux
future;Incidents;30;perturbée;SIGNIFICANT_DELAYS;20220826T001000;20220826T021000;61f7ec70-fa3d-11ec-b57a-005056a47b86;" / Ligne N : Paris-Plaisir Grignon du 1er au 26 août / <p>Période : soirées à partir de 00H11.<br>Dates : du lundi 1er août au vendredi 26 août sauf le lundi 15 août et les samedis et dimanches.<br>Le trafic est interrompu entre Paris Montparnasse et Plaisir - Grignon.<br>Un service de bus de remplacement est mis en place, avec desserte des gares intermédiaires.<br>​<a href=""https://www.transilien.com/sites/transilien/files/sentinelle-20220801-n-parisplaisirgrignon-du1erau26aout.pdf"" target="""">Pour plus d'informations sur les bus de remplacement du lundi 1er août au vendredi 26 août (sauf le lundi 15 août), cliquez ici pour télécharger l'affichage PDF.​</a><br>Les horaires du calculateur d'itinéraire tiennent compte des travaux.<br>Motif : travaux.</p>";20220702T213008;Transilien Train Transilien N;61f7ec70-fa3d-11ec-b57a-005056a47b86;travaux
future;Incidents;30;perturbée;SIGNIFICANT_DELAYS;20220802T001000;20220802T021000;61f7ec70-fa3d-11ec-b57a-005056a47b86;" / Ligne N : Paris-Plaisir Grignon du 1er au 26 août / <p>Période : soirées à partir de 00H11.<br>Dates : du lundi 1er août au vendredi 26 août sauf le lundi 15 août et les samedis et dimanches.<br>Le trafic est interrompu entre Paris Montparnasse et Plaisir - Grignon.<br>Un service de bus de remplacement est mis en place, avec desserte des gares intermédiaires.<br>​<a href=""https://www.transilien.com/sites/transilien/files/sentinelle-20220801-n-parisplaisirgrignon-du1erau26aout.pdf"" target="""">Pour plus d'informations sur les bus de remplacement du lundi 1er août au vendredi 26 août (sauf le lundi 15 août), cliquez ici pour télécharger l'affichage PDF.​</a><br>Les horaires du calculateur d'itinéraire tiennent compte des travaux.<br>Motif : travaux.</p>";20220702T213008;Transilien Train Transilien N;61f7ec70-fa3d-11ec-b57a-005056a47b86;travaux
future;Incidents;30;perturbée;SIGNIFICANT_DELAYS;20220804T001000;20220804T021000;61f7ec70-fa3d-11ec-b57a-005056a47b86;" / Ligne N : Paris-Plaisir Grignon du 1er au 26 août / <p>Période : soirées à partir de 00H11.<br>Dates : du lundi 1er août au vendredi 26 août sauf le lundi 15 août et les samedis et dimanches.<br>Le trafic est interrompu entre Paris Montparnasse et Plaisir - Grignon.<br>Un service de bus de remplacement est mis en place, avec desserte des gares intermédiaires.<br>​<a href=""https://www.transilien.com/sites/transilien/files/sentinelle-20220801-n-parisplaisirgrignon-du1erau26aout.pdf"" target="""">Pour plus d'informations sur les bus de remplacement du lundi 1er août au vendredi 26 août (sauf le lundi 15 août), cliquez ici pour télécharger l'affichage PDF.​</a><br>Les horaires du calculateur d'itinéraire tiennent compte des travaux.<br>Motif : travaux.</p>";20220702T213008;Transilien Train Transilien N;61f7ec70-fa3d-11ec-b57a-005056a47b86;travaux
future;Incidents;30;perturbée;SIGNIFICANT_DELAYS;20220811T001000;20220811T021000;61f7ec70-fa3d-11ec-b57a-005056a47b86;" / Ligne N : Paris-Plaisir Grignon du 1er au 26 août / <p>Période : soirées à partir de 00H11.<br>Dates : du lundi 1er août au vendredi 26 août sauf le lundi 15 août et les samedis et dimanches.<br>Le trafic est interrompu entre Paris Montparnasse et Plaisir - Grignon.<br>Un service de bus de remplacement est mis en place, avec desserte des gares intermédiaires.<br>​<a href=""https://www.transilien.com/sites/transilien/files/sentinelle-20220801-n-parisplaisirgrignon-du1erau26aout.pdf"" target="""">Pour plus d'informations sur les bus de remplacement du lundi 1er août au vendredi 26 août (sauf le lundi 15 août), cliquez ici pour télécharger l'affichage PDF.​</a><br>Les horaires du calculateur d'itinéraire tiennent compte des travaux.<br>Motif : travaux.</p>";20220702T213008;Transilien Train Transilien N;61f7ec70-fa3d-11ec-b57a-005056a47b86;travaux
future;Incidents;30;perturbée;SIGNIFICANT_DELAYS;20220808T001000;20220808T021000;61f7ec70-fa3d-11ec-b57a-005056a47b86;" / Ligne N : Paris-Plaisir Grignon du 1er au 26 août / <p>Période : soirées à partir de 00H11.<br>Dates : du lundi 1er août au vendredi 26 août sauf le lundi 15 août et les samedis et dimanches.<br>Le trafic est interrompu entre Paris Montparnasse et Plaisir - Grignon.<br>Un service de bus de remplacement est mis en place, avec desserte des gares intermédiaires.<br>​<a href=""https://www.transilien.com/sites/transilien/files/sentinelle-20220801-n-parisplaisirgrignon-du1erau26aout.pdf"" target="""">Pour plus d'informations sur les bus de remplacement du lundi 1er août au vendredi 26 août (sauf le lundi 15 août), cliquez ici pour télécharger l'affichage PDF.​</a><br>Les horaires du calculateur d'itinéraire tiennent compte des travaux.<br>Motif : travaux.</p>";20220702T213008;Transilien Train Transilien N;61f7ec70-fa3d-11ec-b57a-005056a47b86;travaux
future;Incidents;30;perturbée;SIGNIFICANT_DELAYS;20220812T001000;20220812T021000;61f7ec70-fa3d-11ec-b57a-005056a47b86;" / Ligne N : Paris-Plaisir Grignon du 1er au 26 août / <p>Période : soirées à partir de 00H11.<br>Dates : du lundi 1er août au vendredi 26 août sauf le lundi 15 août et les samedis et dimanches.<br>Le trafic est interrompu entre Paris Montparnasse et Plaisir - Grignon.<br>Un service de bus de remplacement est mis en place, avec desserte des gares intermédiaires.<br>​<a href=""https://www.transilien.com/sites/transilien/files/sentinelle-20220801-n-parisplaisirgrignon-du1erau26aout.pdf"" target="""">Pour plus d'informations sur les bus de remplacement du lundi 1er août au vendredi 26 août (sauf le lundi 15 août), cliquez ici pour télécharger l'affichage PDF.​</a><br>Les horaires du calculateur d'itinéraire tiennent compte des travaux.<br>Motif : travaux.</p>";20220702T213008;Transilien Train Transilien N;61f7ec70-fa3d-11ec-b57a-005056a47b86;travaux
future;Incidents;30;perturbée;SIGNIFICANT_DELAYS;20220817T001000;20220817T021000;61f7ec70-fa3d-11ec-b57a-005056a47b86;" / Ligne N : Paris-Plaisir Grignon du 1er au 26 août / <p>Période : soirées à partir de 00H11.<br>Dates : du lundi 1er août au vendredi 26 août sauf le lundi 15 août et les samedis et dimanches.<br>Le trafic est interrompu entre Paris Montparnasse et Plaisir - Grignon.<br>Un service de bus de remplacement est mis en place, avec desserte des gares intermédiaires.<br>​<a href=""https://www.transilien.com/sites/transilien/files/sentinelle-20220801-n-parisplaisirgrignon-du1erau26aout.pdf"" target="""">Pour plus d'informations sur les bus de remplacement du lundi 1er août au vendredi 26 août (sauf le lundi 15 août), cliquez ici pour télécharger l'affichage PDF.​</a><br>Les horaires du calculateur d'itinéraire tiennent compte des travaux.<br>Motif : travaux.</p>";20220702T213008;Transilien Train Transilien N;61f7ec70-fa3d-11ec-b57a-005056a47b86;travaux
future;Incidents;30;perturbée;SIGNIFICANT_DELAYS;20220824T001000;20220824T021000;61f7ec70-fa3d-11ec-b57a-005056a47b86;" / Ligne N : Paris-Plaisir Grignon du 1er au 26 août / <p>Période : soirées à partir de 00H11.<br>Dates : du lundi 1er août au vendredi 26 août sauf le lundi 15 août et les samedis et dimanches.<br>Le trafic est interrompu entre Paris Montparnasse et Plaisir - Grignon.<br>Un service de bus de remplacement est mis en place, avec desserte des gares intermédiaires.<br>​<a href=""https://www.transilien.com/sites/transilien/files/sentinelle-20220801-n-parisplaisirgrignon-du1erau26aout.pdf"" target="""">Pour plus d'informations sur les bus de remplacement du lundi 1er août au vendredi 26 août (sauf le lundi 15 août), cliquez ici pour télécharger l'affichage PDF.​</a><br>Les horaires du calculateur d'itinéraire tiennent compte des travaux.<br>Motif : travaux.</p>";20220702T213008;Transilien Train Transilien N;61f7ec70-fa3d-11ec-b57a-005056a47b86;travaux
future;Incidents;30;perturbée;SIGNIFICANT_DELAYS;20220818T001000;20220818T021000;61f7ec70-fa3d-11ec-b57a-005056a47b86;" / Ligne N : Paris-Plaisir Grignon du 1er au 26 août / <p>Période : soirées à partir de 00H11.<br>Dates : du lundi 1er août au vendredi 26 août sauf le lundi 15 août et les samedis et dimanches.<br>Le trafic est interrompu entre Paris Montparnasse et Plaisir - Grignon.<br>Un service de bus de remplacement est mis en place, avec desserte des gares intermédiaires.<br>​<a href=""https://www.transilien.com/sites/transilien/files/sentinelle-20220801-n-parisplaisirgrignon-du1erau26aout.pdf"" target="""">Pour plus d'informations sur les bus de remplacement du lundi 1er août au vendredi 26 août (sauf le lundi 15 août), cliquez ici pour télécharger l'affichage PDF.​</a><br>Les horaires du calculateur d'itinéraire tiennent compte des travaux.<br>Motif : travaux.</p>";20220702T213008;Transilien Train Transilien N;61f7ec70-fa3d-11ec-b57a-005056a47b86;travaux
future;Incidents;30;perturbée;SIGNIFICANT_DELAYS;20220810T001000;20220810T021000;61f7ec70-fa3d-11ec-b57a-005056a47b86;" / Ligne N : Paris-Plaisir Grignon du 1er au 26 août / <p>Période : soirées à partir de 00H11.<br>Dates : du lundi 1er août au vendredi 26 août sauf le lundi 15 août et les samedis et dimanches.<br>Le trafic est interrompu entre Paris Montparnasse et Plaisir - Grignon.<br>Un service de bus de remplacement est mis en place, avec desserte des gares intermédiaires.<br>​<a href=""https://www.transilien.com/sites/transilien/files/sentinelle-20220801-n-parisplaisirgrignon-du1erau26aout.pdf"" target="""">Pour plus d'informations sur les bus de remplacement du lundi 1er août au vendredi 26 août (sauf le lundi 15 août), cliquez ici pour télécharger l'affichage PDF.​</a><br>Les horaires du calculateur d'itinéraire tiennent compte des travaux.<br>Motif : travaux.</p>";20220702T213008;Transilien Train Transilien N;61f7ec70-fa3d-11ec-b57a-005056a47b86;travaux
future;Incidents;30;perturbée;SIGNIFICANT_DELAYS;20220822T001000;20220822T021000;61f7ec70-fa3d-11ec-b57a-005056a47b86;" / Ligne N : Paris-Plaisir Grignon du 1er au 26 août / <p>Période : soirées à partir de 00H11.<br>Dates : du lundi 1er août au vendredi 26 août sauf le lundi 15 août et les samedis et dimanches.<br>Le trafic est interrompu entre Paris Montparnasse et Plaisir - Grignon.<br>Un service de bus de remplacement est mis en place, avec desserte des gares intermédiaires.<br>​<a href=""https://www.transilien.com/sites/transilien/files/sentinelle-20220801-n-parisplaisirgrignon-du1erau26aout.pdf"" target="""">Pour plus d'informations sur les bus de remplacement du lundi 1er août au vendredi 26 août (sauf le lundi 15 août), cliquez ici pour télécharger l'affichage PDF.​</a><br>Les horaires du calculateur d'itinéraire tiennent compte des travaux.<br>Motif : travaux.</p>";20220702T213008;Transilien Train Transilien N;61f7ec70-fa3d-11ec-b57a-005056a47b86;travaux
future;Incidents;30;perturbée;SIGNIFICANT_DELAYS;20220805T001000;20220805T021000;61f7ec70-fa3d-11ec-b57a-005056a47b86;" / Ligne N : Paris-Plaisir Grignon du 1er au 26 août / <p>Période : soirées à partir de 00H11.<br>Dates : du lundi 1er août au vendredi 26 août sauf le lundi 15 août et les samedis et dimanches.<br>Le trafic est interrompu entre Paris Montparnasse et Plaisir - Grignon.<br>Un service de bus de remplacement est mis en place, avec desserte des gares intermédiaires.<br>​<a href=""https://www.transilien.com/sites/transilien/files/sentinelle-20220801-n-parisplaisirgrignon-du1erau26aout.pdf"" target="""">Pour plus d'informations sur les bus de remplacement du lundi 1er août au vendredi 26 août (sauf le lundi 15 août), cliquez ici pour télécharger l'affichage PDF.​</a><br>Les horaires du calculateur d'itinéraire tiennent compte des travaux.<br>Motif : travaux.</p>";20220702T213008;Transilien Train Transilien N;61f7ec70-fa3d-11ec-b57a-005056a47b86;travaux
future;Incidents;30;perturbée;SIGNIFICANT_DELAYS;20220801T001000;20220801T021000;61f7ec70-fa3d-11ec-b57a-005056a47b86;" / Ligne N : Paris-Plaisir Grignon du 1er au 26 août / <p>Période : soirées à partir de 00H11.<br>Dates : du lundi 1er août au vendredi 26 août sauf le lundi 15 août et les samedis et dimanches.<br>Le trafic est interrompu entre Paris Montparnasse et Plaisir - Grignon.<br>Un service de bus de remplacement est mis en place, avec desserte des gares intermédiaires.<br>​<a href=""https://www.transilien.com/sites/transilien/files/sentinelle-20220801-n-parisplaisirgrignon-du1erau26aout.pdf"" target="""">Pour plus d'informations sur les bus de remplacement du lundi 1er août au vendredi 26 août (sauf le lundi 15 août), cliquez ici pour télécharger l'affichage PDF.​</a><br>Les horaires du calculateur d'itinéraire tiennent compte des travaux.<br>Motif : travaux.</p>";20220702T213008;Transilien Train Transilien N;61f7ec70-fa3d-11ec-b57a-005056a47b86;travaux
future;Incidents;30;perturbée;SIGNIFICANT_DELAYS;20220727T221000;20220728T030000;7a06a794-fb81-11ec-bc34-005056a44da2;" / Ligne P : Paris Est - Meaux du 25/07 au 12/08 / <p>Période : à partir de 22h20<br>Dates : du lundi 25 juillet au vendredi 12 août sauf les samedis et les dimanches.<br>Le trafic est interrompu entre Paris Est et Meaux.<br>Un service de bus de remplacement est mis en place, avec desserte des gares intermédiaires.<br>Pour plus d'informations, <a href=""https://www.transilien.com/sites/transilien/files/sentinelle-p-paris-meaux-25juilletau12aout.pdf"" target="""">cliquez ici pour télécharger l'affiche PDF</a>.<br>Les horaires du calculateur d'itinéraire tiennent compte des travaux.<br>Motif : travaux.</p> / Ligne P : Paris Est - Meaux du 25/07 au 12/08";20220704T121005;Transilien Train Transilien P;7a06a794-fb81-11ec-bc34-005056a44da2;travaux
future;Incidents;30;perturbée;SIGNIFICANT_DELAYS;20220725T221000;20220726T030000;7a06a794-fb81-11ec-bc34-005056a44da2;" / Ligne P : Paris Est - Meaux du 25/07 au 12/08 / <p>Période : à partir de 22h20<br>Dates : du lundi 25 juillet au vendredi 12 août sauf les samedis et les dimanches.<br>Le trafic est interrompu entre Paris Est et Meaux.<br>Un service de bus de remplacement est mis en place, avec desserte des gares intermédiaires.<br>Pour plus d'informations, <a href=""https://www.transilien.com/sites/transilien/files/sentinelle-p-paris-meaux-25juilletau12aout.pdf"" target="""">cliquez ici pour télécharger l'affiche PDF</a>.<br>Les horaires du calculateur d'itinéraire tiennent compte des travaux.<br>Motif : travaux.</p> / Ligne P : Paris Est - Meaux du 25/07 au 12/08";20220704T121005;Transilien Train Transilien P;7a06a794-fb81-11ec-bc34-005056a44da2;travaux
future;Incidents;30;perturbée;SIGNIFICANT_DELAYS;20220802T221000;20220803T030000;7a06a794-fb81-11ec-bc34-005056a44da2;" / Ligne P : Paris Est - Meaux du 25/07 au 12/08 / <p>Période : à partir de 22h20<br>Dates : du lundi 25 juillet au vendredi 12 août sauf les samedis et les dimanches.<br>Le trafic est interrompu entre Paris Est et Meaux.<br>Un service de bus de remplacement est mis en place, avec desserte des gares intermédiaires.<br>Pour plus d'informations, <a href=""https://www.transilien.com/sites/transilien/files/sentinelle-p-paris-meaux-25juilletau12aout.pdf"" target="""">cliquez ici pour télécharger l'affiche PDF</a>.<br>Les horaires du calculateur d'itinéraire tiennent compte des travaux.<br>Motif : travaux.</p> / Ligne P : Paris Est - Meaux du 25/07 au 12/08";20220704T121005;Transilien Train Transilien P;7a06a794-fb81-11ec-bc34-005056a44da2;travaux
future;Incidents;30;perturbée;SIGNIFICANT_DELAYS;20220728T221000;20220729T030000;7a06a794-fb81-11ec-bc34-005056a44da2;" / Ligne P : Paris Est - Meaux du 25/07 au 12/08 / <p>Période : à partir de 22h20<br>Dates : du lundi 25 juillet au vendredi 12 août sauf les samedis et les dimanches.<br>Le trafic est interrompu entre Paris Est et Meaux.<br>Un service de bus de remplacement est mis en place, avec desserte des gares intermédiaires.<br>Pour plus d'informations, <a href=""https://www.transilien.com/sites/transilien/files/sentinelle-p-paris-meaux-25juilletau12aout.pdf"" target="""">cliquez ici pour télécharger l'affiche PDF</a>.<br>Les horaires du calculateur d'itinéraire tiennent compte des travaux.<br>Motif : travaux.</p> / Ligne P : Paris Est - Meaux du 25/07 au 12/08";20220704T121005;Transilien Train Transilien P;7a06a794-fb81-11ec-bc34-005056a44da2;travaux
future;Incidents;30;perturbée;SIGNIFICANT_DELAYS;20220729T221000;20220730T030000;7a06a794-fb81-11ec-bc34-005056a44da2;" / Ligne P : Paris Est - Meaux du 25/07 au 12/08 / <p>Période : à partir de 22h20<br>Dates : du lundi 25 juillet au vendredi 12 août sauf les samedis et les dimanches.<br>Le trafic est interrompu entre Paris Est et Meaux.<br>Un service de bus de remplacement est mis en place, avec desserte des gares intermédiaires.<br>Pour plus d'informations, <a href=""https://www.transilien.com/sites/transilien/files/sentinelle-p-paris-meaux-25juilletau12aout.pdf"" target="""">cliquez ici pour télécharger l'affiche PDF</a>.<br>Les horaires du calculateur d'itinéraire tiennent compte des travaux.<br>Motif : travaux.</p> / Ligne P : Paris Est - Meaux du 25/07 au 12/08";20220704T121005;Transilien Train Transilien P;7a06a794-fb81-11ec-bc34-005056a44da2;travaux
future;Incidents;30;perturbée;SIGNIFICANT_DELAYS;20220808T221000;20220809T030000;7a06a794-fb81-11ec-bc34-005056a44da2;" / Ligne P : Paris Est - Meaux du 25/07 au 12/08 / <p>Période : à partir de 22h20<br>Dates : du lundi 25 juillet au vendredi 12 août sauf les samedis et les dimanches.<br>Le trafic est interrompu entre Paris Est et Meaux.<br>Un service de bus de remplacement est mis en place, avec desserte des gares intermédiaires.<br>Pour plus d'informations, <a href=""https://www.transilien.com/sites/transilien/files/sentinelle-p-paris-meaux-25juilletau12aout.pdf"" target="""">cliquez ici pour télécharger l'affiche PDF</a>.<br>Les horaires du calculateur d'itinéraire tiennent compte des travaux.<br>Motif : travaux.</p> / Ligne P : Paris Est - Meaux du 25/07 au 12/08";20220704T121005;Transilien Train Transilien P;7a06a794-fb81-11ec-bc34-005056a44da2;travaux
future;Incidents;30;perturbée;SIGNIFICANT_DELAYS;20220812T221000;20220813T030000;7a06a794-fb81-11ec-bc34-005056a44da2;" / Ligne P : Paris Est - Meaux du 25/07 au 12/08 / <p>Période : à partir de 22h20<br>Dates : du lundi 25 juillet au vendredi 12 août sauf les samedis et les dimanches.<br>Le trafic est interrompu entre Paris Est et Meaux.<br>Un service de bus de remplacement est mis en place, avec desserte des gares intermédiaires.<br>Pour plus d'informations, <a href=""https://www.transilien.com/sites/transilien/files/sentinelle-p-paris-meaux-25juilletau12aout.pdf"" target="""">cliquez ici pour télécharger l'affiche PDF</a>.<br>Les horaires du calculateur d'itinéraire tiennent compte des travaux.<br>Motif : travaux.</p> / Ligne P : Paris Est - Meaux du 25/07 au 12/08";20220704T121005;Transilien Train Transilien P;7a06a794-fb81-11ec-bc34-005056a44da2;travaux
future;Incidents;30;perturbée;SIGNIFICANT_DELAYS;20220810T221000;20220811T030000;7a06a794-fb81-11ec-bc34-005056a44da2;" / Ligne P : Paris Est - Meaux du 25/07 au 12/08 / <p>Période : à partir de 22h20<br>Dates : du lundi 25 juillet au vendredi 12 août sauf les samedis et les dimanches.<br>Le trafic est interrompu entre Paris Est et Meaux.<br>Un service de bus de remplacement est mis en place, avec desserte des gares intermédiaires.<br>Pour plus d'informations, <a href=""https://www.transilien.com/sites/transilien/files/sentinelle-p-paris-meaux-25juilletau12aout.pdf"" target="""">cliquez ici pour télécharger l'affiche PDF</a>.<br>Les horaires du calculateur d'itinéraire tiennent compte des travaux.<br>Motif : travaux.</p> / Ligne P : Paris Est - Meaux du 25/07 au 12/08";20220704T121005;Transilien Train Transilien P;7a06a794-fb81-11ec-bc34-005056a44da2;travaux
future;Incidents;30;perturbée;SIGNIFICANT_DELAYS;20220811T221000;20220812T030000;7a06a794-fb81-11ec-bc34-005056a44da2;" / Ligne P : Paris Est - Meaux du 25/07 au 12/08 / <p>Période : à partir de 22h20<br>Dates : du lundi 25 juillet au vendredi 12 août sauf les samedis et les dimanches.<br>Le trafic est interrompu entre Paris Est et Meaux.<br>Un service de bus de remplacement est mis en place, avec desserte des gares intermédiaires.<br>Pour plus d'informations, <a href=""https://www.transilien.com/sites/transilien/files/sentinelle-p-paris-meaux-25juilletau12aout.pdf"" target="""">cliquez ici pour télécharger l'affiche PDF</a>.<br>Les horaires du calculateur d'itinéraire tiennent compte des travaux.<br>Motif : travaux.</p> / Ligne P : Paris Est - Meaux du 25/07 au 12/08";20220704T121005;Transilien Train Transilien P;7a06a794-fb81-11ec-bc34-005056a44da2;travaux
future;Incidents;30;perturbée;SIGNIFICANT_DELAYS;20220804T221000;20220805T030000;7a06a794-fb81-11ec-bc34-005056a44da2;" / Ligne P : Paris Est - Meaux du 25/07 au 12/08 / <p>Période : à partir de 22h20<br>Dates : du lundi 25 juillet au vendredi 12 août sauf les samedis et les dimanches.<br>Le trafic est interrompu entre Paris Est et Meaux.<br>Un service de bus de remplacement est mis en place, avec desserte des gares intermédiaires.<br>Pour plus d'informations, <a href=""https://www.transilien.com/sites/transilien/files/sentinelle-p-paris-meaux-25juilletau12aout.pdf"" target="""">cliquez ici pour télécharger l'affiche PDF</a>.<br>Les horaires du calculateur d'itinéraire tiennent compte des travaux.<br>Motif : travaux.</p> / Ligne P : Paris Est - Meaux du 25/07 au 12/08";20220704T121005;Transilien Train Transilien P;7a06a794-fb81-11ec-bc34-005056a44da2;travaux
future;Incidents;30;perturbée;SIGNIFICANT_DELAYS;20220805T221000;20220806T030000;7a06a794-fb81-11ec-bc34-005056a44da2;" / Ligne P : Paris Est - Meaux du 25/07 au 12/08 / <p>Période : à partir de 22h20<br>Dates : du lundi 25 juillet au vendredi 12 août sauf les samedis et les dimanches.<br>Le trafic est interrompu entre Paris Est et Meaux.<br>Un service de bus de remplacement est mis en place, avec desserte des gares intermédiaires.<br>Pour plus d'informations, <a href=""https://www.transilien.com/sites/transilien/files/sentinelle-p-paris-meaux-25juilletau12aout.pdf"" target="""">cliquez ici pour télécharger l'affiche PDF</a>.<br>Les horaires du calculateur d'itinéraire tiennent compte des travaux.<br>Motif : travaux.</p> / Ligne P : Paris Est - Meaux du 25/07 au 12/08";20220704T121005;Transilien Train Transilien P;7a06a794-fb81-11ec-bc34-005056a44da2;travaux
future;Incidents;30;perturbée;SIGNIFICANT_DELAYS;20220801T221000;20220802T030000;7a06a794-fb81-11ec-bc34-005056a44da2;" / Ligne P : Paris Est - Meaux du 25/07 au 12/08 / <p>Période : à partir de 22h20<br>Dates : du lundi 25 juillet au vendredi 12 août sauf les samedis et les dimanches.<br>Le trafic est interrompu entre Paris Est et Meaux.<br>Un service de bus de remplacement est mis en place, avec desserte des gares intermédiaires.<br>Pour plus d'informations, <a href=""https://www.transilien.com/sites/transilien/files/sentinelle-p-paris-meaux-25juilletau12aout.pdf"" target="""">cliquez ici pour télécharger l'affiche PDF</a>.<br>Les horaires du calculateur d'itinéraire tiennent compte des travaux.<br>Motif : travaux.</p> / Ligne P : Paris Est - Meaux du 25/07 au 12/08";20220704T121005;Transilien Train Transilien P;7a06a794-fb81-11ec-bc34-005056a44da2;travaux
future;Incidents;30;perturbée;SIGNIFICANT_DELAYS;20220803T221000;20220804T030000;7a06a794-fb81-11ec-bc34-005056a44da2;" / Ligne P : Paris Est - Meaux du 25/07 au 12/08 / <p>Période : à partir de 22h20<br>Dates : du lundi 25 juillet au vendredi 12 août sauf les samedis et les dimanches.<br>Le trafic est interrompu entre Paris Est et Meaux.<br>Un service de bus de remplacement est mis en place, avec desserte des gares intermédiaires.<br>Pour plus d'informations, <a href=""https://www.transilien.com/sites/transilien/files/sentinelle-p-paris-meaux-25juilletau12aout.pdf"" target="""">cliquez ici pour télécharger l'affiche PDF</a>.<br>Les horaires du calculateur d'itinéraire tiennent compte des travaux.<br>Motif : travaux.</p> / Ligne P : Paris Est - Meaux du 25/07 au 12/08";20220704T121005;Transilien Train Transilien P;7a06a794-fb81-11ec-bc34-005056a44da2;travaux
future;Incidents;30;perturbée;SIGNIFICANT_DELAYS;20220726T221000;20220727T030000;7a06a794-fb81-11ec-bc34-005056a44da2;" / Ligne P : Paris Est - Meaux du 25/07 au 12/08 / <p>Période : à partir de 22h20<br>Dates : du lundi 25 juillet au vendredi 12 août sauf les samedis et les dimanches.<br>Le trafic est interrompu entre Paris Est et Meaux.<br>Un service de bus de remplacement est mis en place, avec desserte des gares intermédiaires.<br>Pour plus d'informations, <a href=""https://www.transilien.com/sites/transilien/files/sentinelle-p-paris-meaux-25juilletau12aout.pdf"" target="""">cliquez ici pour télécharger l'affiche PDF</a>.<br>Les horaires du calculateur d'itinéraire tiennent compte des travaux.<br>Motif : travaux.</p> / Ligne P : Paris Est - Meaux du 25/07 au 12/08";20220704T121005;Transilien Train Transilien P;7a06a794-fb81-11ec-bc34-005056a44da2;travaux
future;Incidents;30;perturbée;SIGNIFICANT_DELAYS;20220809T221000;20220810T030000;7a06a794-fb81-11ec-bc34-005056a44da2;" / Ligne P : Paris Est - Meaux du 25/07 au 12/08 / <p>Période : à partir de 22h20<br>Dates : du lundi 25 juillet au vendredi 12 août sauf les samedis et les dimanches.<br>Le trafic est interrompu entre Paris Est et Meaux.<br>Un service de bus de remplacement est mis en place, avec desserte des gares intermédiaires.<br>Pour plus d'informations, <a href=""https://www.transilien.com/sites/transilien/files/sentinelle-p-paris-meaux-25juilletau12aout.pdf"" target="""">cliquez ici pour télécharger l'affiche PDF</a>.<br>Les horaires du calculateur d'itinéraire tiennent compte des travaux.<br>Motif : travaux.</p> / Ligne P : Paris Est - Meaux du 25/07 au 12/08";20220704T121005;Transilien Train Transilien P;7a06a794-fb81-11ec-bc34-005056a44da2;travaux
active;Incidents;30;perturbée;SIGNIFICANT_DELAYS;20220625T201015;20230625T201015;977f7024-fbc4-11ec-9e57-005056a47b86; / Panne d'un ascenseur / GARE DE PONTOISE Panne de l'ascenseur situé Souterrain <> Quai 1, direction Paris Nord / RER C Sud / Persan-Beaumont / Creil, jusqu'au 2022-12-31 / GARE DE PONTOISE Panne de l'ascenseur situé Souterrain <> Quai 1, direction Paris Nord / RER C Sud / Persan-Beaumont / Creil, jusqu'au 2022-12-31 / GARE DE PONTOISE Panne ascenseur jusqu'au 2022-12-31 situé Souterrain <> Quai 1, dir. Paris Nord / RER C Sud / Persan-Beaumont / Creil;20220704T201031;Pontoise (Pontoise);977f7024-fbc4-11ec-9e57-005056a47b86;perturbation
active;Incidents;30;perturbée;SIGNIFICANT_DELAYS;20220625T201019;20230625T201019;9bbf861a-fbc4-11ec-9a4e-005056a47b86; / Panne d'un ascenseur / GARE DE PONTOISE Panne de l'ascenseur situé Souterrain <> Quai 2, direction Paris Nord / RER C Sud, jusqu'au 2022-12-31 / GARE DE PONTOISE Panne de l'ascenseur situé Souterrain <> Quai 2, direction Paris Nord / RER C Sud, jusqu'au 2022-12-31 / GARE DE PONTOISE Panne ascenseur jusqu'au 2022-12-31 situé Souterrain <> Quai 2, dir. Paris Nord / RER C Sud;20220704T201038;Pontoise (Pontoise);9bbf861a-fbc4-11ec-9a4e-005056a47b86;perturbation
active;Incidents;30;perturbée;SIGNIFICANT_DELAYS;20220625T201024;20230625T201024;9fc2928e-fbc4-11ec-9e57-005056a47b86; / Panne d'un ascenseur / GARE DE PONTOISE Panne de l'ascenseur situé Souterrain <> Quai 3, direction Paris Nord / RER C Sud, jusqu'au 2022-12-31 / GARE DE PONTOISE Panne de l'ascenseur situé Souterrain <> Quai 3, direction Paris Nord / RER C Sud, jusqu'au 2022-12-31 / GARE DE PONTOISE Panne ascenseur jusqu'au 2022-12-31 situé Souterrain <> Quai 3, dir. Paris Nord / RER C Sud;20220704T201045;Pontoise (Pontoise);9fc2928e-fbc4-11ec-9e57-005056a47b86;perturbation
active;Incidents;30;perturbée;SIGNIFICANT_DELAYS;20220625T201028;20230625T201028;a3fb3ea0-fbc4-11ec-9a4e-005056a47b86; / Panne d'un ascenseur / GARE DE PONTOISE Panne de l'ascenseur situé Souterrain <> Quai 4, direction Paris Saint-Lazare / Gisors, jusqu'au 2022-12-31 / GARE DE PONTOISE Panne de l'ascenseur situé Souterrain <> Quai 4, direction Paris Saint-Lazare / Gisors, jusqu'au 2022-12-31 / GARE DE PONTOISE Panne ascenseur jusqu'au 2022-12-31 situé Souterrain <> Quai 4, dir. Paris Saint-Lazare / Gisors;20220704T201052;Pontoise (Pontoise);a3fb3ea0-fbc4-11ec-9a4e-005056a47b86;perturbation
active;Incidents;30;perturbée;SIGNIFICANT_DELAYS;20220625T201033;20230625T201033;a83b0536-fbc4-11ec-9e57-005056a47b86; / Panne d'un ascenseur / GARE DE PONTOISE Panne de l'ascenseur situé Souterrain <> Quai 5, direction Paris Saint-Lazare / Gisors, jusqu'au 2022-12-31 / GARE DE PONTOISE Panne de l'ascenseur situé Souterrain <> Quai 5, direction Paris Saint-Lazare / Gisors, jusqu'au 2022-12-31 / GARE DE PONTOISE Panne ascenseur jusqu'au 2022-12-31 situé Souterrain <> Quai 5, dir. Paris Saint-Lazare / Gisors;20220704T201059;Pontoise (Pontoise);a83b0536-fbc4-11ec-9e57-005056a47b86;perturbation
active;Incidents;30;perturbée;SIGNIFICANT_DELAYS;20220311T081204;20230311T081204;d5d32104-fbc4-11ec-a905-005056a47b86; / Panne d'un ascenseur / LA DEFENSE Panne de l'ascenseur situé Souterrain <> Quais 2 - 4, direction Paris / La Verrière, jusqu'au 2022-07-15 / LA DEFENSE Panne de l'ascenseur situé Souterrain <> Quais 2 - 4, direction Paris / La Verrière, jusqu'au 2022-07-15 / LA DEFENSE Panne ascenseur jusqu'au 2022-07-15 situé Souterrain <> Quais 2 - 4, dir. Paris / La Verrière;20220704T201216;La Défense (Puteaux);d5d32104-fbc4-11ec-a905-005056a47b86;perturbation
active;Incidents;30;perturbée;SIGNIFICANT_DELAYS;20220711T141126;20230711T141126;96c6989e-0112-11ed-98b1-005056a47b86; / Panne d'un ascenseur / GARE D'ERMONT EAUBONNE Panne de l'ascenseur situé Voies 4/5, direction Paris, jusqu'au 2022-07-13 / GARE D'ERMONT EAUBONNE Panne de l'ascenseur situé Voies 4/5, direction Paris, jusqu'au 2022-07-13 / GARE D'ERMONT EAUBONNE Panne ascenseur jusqu'au 2022-07-13 situé Voies 4/5, dir. Paris;20220711T141127;Ermont - Eaubonne (Ermont);96c6989e-0112-11ed-98b1-005056a47b86;perturbation
active;Incidents;30;perturbée;SIGNIFICANT_DELAYS;20220712T081032;20230712T081032;5620500e-01a9-11ed-bc84-005056a47b86; / Panne d'un ascenseur / Gare du Nord Panne de l'ascenseur situé Niveau -2 <> Niveau -3, direction RER B - D Nord / Gare du Nord Panne de l'ascenseur situé Niveau -2 <> Niveau -3, direction RER B - D Nord / Gare du Nord Panne ascenseur situé Niveau -2 <> Niveau -3, dir. RER B - D Nord;20220712T081032;Gare du Nord (Paris);5620500e-01a9-11ed-bc84-005056a47b86;perturbation
active;Incidents;30;perturbée;SIGNIFICANT_DELAYS;20220712T201041;20230712T201041;f08a71ba-020d-11ed-832f-005056a44da2; / Panne d'un ascenseur / GARE D'ERMONT EAUBONNE Panne de l'ascenseur situé Voie 5, direction Paris, jusqu'au 2022-07-14 / GARE D'ERMONT EAUBONNE Panne de l'ascenseur situé Voie 5, direction Paris, jusqu'au 2022-07-14 / GARE D'ERMONT EAUBONNE Panne ascenseur jusqu'au 2022-07-14 situé Voie 5, dir. Paris;20220712T201041;Ermont - Eaubonne (Ermont);f08a71ba-020d-11ed-832f-005056a44da2;perturbation
active;Incidents;30;perturbée;SIGNIFICANT_DELAYS;20220713T153300;20220716T020000;c2b30f92-02c9-11ed-ac6a-005056a47b86;" / Ligne N : suppressions le 15/07 / <p>Vendredi 15 juillet<br>Trafic légèrement adapté, quelques suppressions sont à prévoir.<br>Pour préparer votre trajet, rendez-vous la veille dès 17h sur le calculateur d'itinéraire ou la rubrique <a href=""https://www.transilien.com/fr/les-fiches-horaires"" target="""">« Fiches horaires »</a> du site transilien.com ainsi que sur l’application SNCF.<br>Avant de vous rendre en gare, nous vous conseillons de vérifier les horaires de vos trains sur :<br>- le site transilien.com, rubrique ""Prochains départs"",<br>- l'application SNCF, rubrique ""Gares et arrêts"".<br>Motif : difficultés liées à un manque de personnel.</p>";20220713T183509;Transilien Train Transilien N;c2b30f92-02c9-11ed-ac6a-005056a47b86;perturbation
active;Incidents;30;perturbée;SIGNIFICANT_DELAYS;20220704T201013;20230704T201013;086be358-02d7-11ed-83f0-005056a47b86; / GARE DES MUREAUX Panne ascenseur jusqu'au 2022-07-19 situé Quai central, dir. Province / Panne d'un ascenseur / GARE DES MUREAUX Panne de l'ascenseur situé Quai central, direction Province, jusqu'au 2022-07-19 / GARE DES MUREAUX Panne de l'ascenseur situé Quai central, direction Province, jusqu'au 2022-07-19;20220713T201010;Les Mureaux (Les Mureaux);086be358-02d7-11ed-83f0-005056a47b86;perturbation
active;Incidents;30;perturbée;SIGNIFICANT_DELAYS;20220713T201101;20230713T201101;2760eaf6-02d7-11ed-98b1-005056a47b86; / Panne d'un ascenseur / GARE ST LAZARE Panne ascenseur situé Niveau Intermédiaire - Quai 1, dir. Olympiades / GARE ST LAZARE Panne de l'ascenseur situé Niveau Intermédiaire - Quai 1, direction Olympiades / GARE ST LAZARE Panne de l'ascenseur situé Niveau Intermédiaire - Quai 1, direction Olympiades;20220713T201102;Gare Saint-Lazare (Paris);2760eaf6-02d7-11ed-98b1-005056a47b86;perturbation
active;Incidents;30;perturbée;SIGNIFICANT_DELAYS;20220713T201133;20230713T201133;39e9459c-02d7-11ed-ac6a-005056a47b86; / GARE DE LAGNY THORIGNY Panne ascenseur jusqu'au 2022-07-15 situé Parvis  côté  rue Raymond POINCARÉ / GARE DE LAGNY THORIGNY Panne de l'ascenseur situé Parvis  côté  rue Raymond POINCARÉ, jusqu'au 2022-07-15 / Panne d'un ascenseur / GARE DE LAGNY THORIGNY Panne de l'ascenseur situé Parvis  côté  rue Raymond POINCARÉ, jusqu'au 2022-07-15;20220713T201133;Lagny - Thorigny (Thorigny-sur-Marne);39e9459c-02d7-11ed-ac6a-005056a47b86;perturbation
active;Incidents;30;perturbée;SIGNIFICANT_DELAYS;20220713T201141;20230713T201141;3f103ada-02d7-11ed-83f0-005056a47b86; / GARE D'ARGENTEUIL Panne ascenseur situé QUAI 21/22 VOIES 1BIS/2, dir. PARIS / GARE D'ARGENTEUIL Panne de l'ascenseur situé QUAI 21/22 VOIES 1BIS/2, direction PARIS / Panne d'un ascenseur / GARE D'ARGENTEUIL Panne de l'ascenseur situé QUAI 21/22 VOIES 1BIS/2, direction PARIS;20220713T201141;Argenteuil (Argenteuil);3f103ada-02d7-11ed-83f0-005056a47b86;perturbation
active;Incidents;30;perturbée;SIGNIFICANT_DELAYS;20220713T201247;20230713T201247;6613c2dc-02d7-11ed-ac6a-005056a47b86; / GARE DE MANTES LA JOLIE Panne ascenseur jusqu'au 2022-07-15 situé Passerelle <> Quais G & H, dir. Paris / Province / GARE DE MANTES LA JOLIE Panne de l'ascenseur situé Passerelle <> Quais G & H, direction Paris / Province, jusqu'au 2022-07-15 / Panne d'un ascenseur / GARE DE MANTES LA JOLIE Panne de l'ascenseur situé Passerelle <> Quais G & H, direction Paris / Province, jusqu'au 2022-07-15;20220713T201247;Mantes-la-Jolie (Mantes-la-Ville) (Mantes-la-Jolie);6613c2dc-02d7-11ed-ac6a-005056a47b86;perturbation
